[
  [[1.000000,0.000000,0.000000,0.000000,0.000000,0.000000],[1.000000,0.000000,0.000000,0.000000,0.000000,0.000000],[1.000000,0.000000,0.000000,0.000000,0.000000,0.000000],[1.000000,0.000000,0.000000,0.000000,0.000000,0.000000],[1.000000,0.000000,0.000000,0.000000,0.000000,0.000000],[1.000000,0.000000,0.000000,0.000000,0.000000,0.000000],[1.000000,0.000000,0.000000,0.000000,0.000000,0.000000],[1.000000,0.000000,0.000000,0.000000,0.000000,0.000000],[1.000000,0.000000,0.000000,0.000000,0.000000,0.000000],[1.000000,0.000000,0.000000,0.000000,0.000000,0.000000],[1.000000,0.000000,0.000000,0.000000,0.000000,0.000000],[1.000000,0.000000,0.000000,0.000000,0.000000,0.000000],[1.000000,0.000000,0.000000,0.000000,0.000000,0.000000],[1.000000,0.000000,0.000000,0.000000,0.000000,0.000000],[1.000000,0.000000,0.000000,0.000000,0.000000,0.000000],[1.000000,0.000000,0.000000,0.000000,0.000000,0.000000],[1.000000,0.000000,0.000000,0.000000,0.000000,0.000000],[1.000000,0.000000,0.000000,0.000000,0.000000,0.000000],[1.000000,0.000000,0.000000,0.000000,0.000000,0.000000],[1.000000,0.000000,0.000000,0.000000,0.000000,0.000000],[1.000000,0.000000,0.000000,0.000000,0.000000,0.000000],[1.000000,0.000000,0.000000,0.000000,0.000000,0.000000],[1.000000,0.000000,0.000000,0.000000,0.000000,0.000000],[1.000000,0.000000,0.000000,0.000000,0.000000,0.000000],[1.000000,0.000000,0.000000,0.000000,0.000000,0.000000],[1.000000,0.000000,0.000000,0.000000,0.000000,0.000000],[1.000000,0.000000,0.000000,0.000000,0.000000,0.000000],[1.000000,0.000000,0.000000,0.000000,0.000000,0.000000],[1.000000,0.000000,0.000000,0.000000,0.000000,0.000000],[1.000000,0.000000,0.000000,0.000000,0.000000,0.000000],[1.000000,0.000000,0.000000,0.000000,0.000000,0.000000],[1.000000,0.000000,0.000000,0.000000,0.000000,0.000000],[1.000000,0.000000,0.000000,0.000000,0.000000,0.000000],[1.000000,0.000000,0.000000,0.000000,0.000000,0.000000],[1.000000,0.000000,0.000000,0.000000,0.000000,0.000000],[1.000000,0.000000,0.000000,0.000000,0.000000,0.000000],[1.000000,0.000000,0.000000,0.000000,0.000000,0.000000],[1.000000,0.000000,0.000000,0.000000,0.000000,0.000000],[1.000000,0.000000,0.000000,0.000000,0.000000,0.000000],[1.000000,0.000000,0.000000,0.000000,0.000000,0.000000]],
  [[1.000000,0.000000,0.000000,0.000000,0.000000,0.000000],[1.000000,0.000000,0.000000,0.000000,0.000000,0.000000],[0.817298,0.117895,0.007793,0.008653,0.048362,0.000000],[0.798786,0.133966,0.009543,0.009188,0.048517,0.000000],[0.800950,0.127556,0.018436,0.008951,0.044107,0.000000],[0.817402,0.114728,0.021733,0.008726,0.037411,0.000000],[0.824970,0.105023,0.024661,0.008385,0.036962,0.000000],[0.832061,0.083378,0.040954,0.007686,0.035921,0.000000],[1.000000,0.000000,0.000000,0.000000,0.000000,0.000000],[0.827172,0.089510,0.039800,0.007772,0.035745,0.000000],[0.810192,0.119880,0.019730,0.008368,0.041830,0.000000],[0.809590,0.118461,0.019730,0.008666,0.043553,0.000000],[0.809807,0.118507,0.019431,0.008654,0.043602,0.000000],[0.810667,0.116685,0.020811,0.008566,0.043271,0.000000],[0.810831,0.115951,0.021563,0.008538,0.043117,0.000000],[0.816701,0.115906,0.020906,0.008761,0.037725,0.000000],[0.133892,0.145629,0.024826,0.010838,0.684814,0.000000],[0.804089,0.128262,0.017018,0.008530,0.042101,0.000000],[0.812555,0.110088,0.027609,0.008083,0.041665,0.000000],[1.000000,0.000000,0.000000,0.000000,0.000000,0.000000],[0.822763,0.090720,0.039561,0.007344,0.039612,0.000000],[0.134510,0.129835,0.046107,0.010737,0.678811,0.000000],[0.823520,0.111448,0.019781,0.007833,0.037418,0.000000],[0.824798,0.107541,0.021279,0.007973,0.038409,0.000000],[0.825883,0.103959,0.022620,0.008113,0.039425,0.000000],[0.824081,0.105281,0.022584,0.008235,0.039818,0.000000],[0.821097,0.110652,0.020852,0.008225,0.039174,0.000000],[0.135809,0.135171,0.029687,0.010742,0.688590,0.000000],[0.821868,0.109025,0.021962,0.008146,0.038999,0.000000],[0.824528,0.104458,0.023100,0.008192,0.039723,0.000000],[0.821448,0.110115,0.021136,0.008197,0.039105,0.000000],[0.134117,0.143256,0.027061,0.010803,0.684762,0.000000],[0.138117,0.152498,0.029289,0.011742,0.668355,0.000000],[0.817329,0.115283,0.021283,0.008731,0.037373,0.000000],[0.819073,0.113605,0.021656,0.008605,0.037061,0.000000],[0.827072,0.098153,0.031512,0.007860,0.035403,0.000000],[1.000000,0.000000,0.000000,0.000000,0.000000,0.000000],[1.000000,0.000000,0.000000,0.000000,0.000000,0.000000],[0.856786,0.057206,0.046849,0.006447,0.032713,0.000000],[1.000000,0.000000,0.000000,0.000000,0.000000,0.000000]],
  [[1.000000,0.000000,0.000000,0.000000,0.000000,0.000000],[1.000000,0.000000,0.000000,0.000000,0.000000,0.000000],[0.390516,0.159575,0.292790,0.016225,0.140894,0.000000],[0.767624,0.170307,0.000000,0.010698,0.051371,0.000000],[0.144109,0.198570,0.000000,0.012723,0.644598,0.000000],[0.797332,0.150454,0.000000,0.010153,0.042060,0.000000],[0.806944,0.141243,0.000000,0.009880,0.041933,0.000000],[0.801656,0.127571,0.016553,0.009167,0.045053,0.000000],[1.000000,0.000000,0.000000,0.000000,0.000000,0.000000],[0.136524,0.166446,0.017593,0.011525,0.667911,0.000000],[0.779671,0.161059,0.000000,0.010007,0.049264,0.000000],[0.786086,0.150082,0.000000,0.010168,0.053664,0.000000],[0.794381,0.143231,0.000000,0.010043,0.052344,0.000000],[0.791059,0.144360,0.000000,0.010150,0.054432,0.000000],[0.785343,0.152262,0.000000,0.010331,0.052064,0.000000],[0.785440,0.155342,0.000000,0.010099,0.049119,0.000000],[0.779497,0.158830,0.000000,0.010327,0.051345,0.000000],[0.781347,0.156221,0.000000,0.010055,0.052377,0.000000],[0.169515,0.172594,0.013516,0.012455,0.631920,0.000000],[0.804616,0.129671,0.008576,0.008988,0.048149,0.000000],[1.000000,0.000000,0.000000,0.000000,0.000000,0.000000],[0.815865,0.118093,0.020908,0.008560,0.036575,0.000000],[0.141480,0.164062,0.022406,0.012218,0.659835,0.000000],[0.804431,0.134221,0.013924,0.009218,0.038206,0.000000],[0.803308,0.144271,0.000000,0.010081,0.042340,0.000000],[0.795262,0.151954,0.000000,0.010309,0.042475,0.000000],[0.794721,0.152618,0.000000,0.010303,0.042358,0.000000],[0.795688,0.151800,0.000000,0.010250,0.042262,0.000000],[0.800277,0.146375,0.000000,0.010287,0.043061,0.000000],[0.804858,0.140973,0.000000,0.010342,0.043827,0.000000],[0.798102,0.149910,0.000000,0.010113,0.041875,0.000000],[0.796357,0.150862,0.000000,0.009533,0.043248,0.000000],[0.792534,0.156225,0.000000,0.010086,0.041156,0.000000],[0.787098,0.154195,0.000000,0.010064,0.048643,0.000000],[0.788238,0.153387,0.000000,0.009979,0.048396,0.000000],[0.138114,0.173786,0.016561,0.011716,0.659822,0.000000],[0.806840,0.115814,0.027742,0.008198,0.041406,0.000000],[1.000000,0.000000,0.000000,0.000000,0.000000,0.000000],[1.000000,0.000000,0.000000,0.000000,0.000000,0.000000],[1.000000,0.000000,0.000000,0.000000,0.000000,0.000000]],
  [[1.000000,0.000000,0.000000,0.000000,0.000000,0.000000],[0.802708,0.130637,0.009051,0.009068,0.048536,0.000000],[0.737560,0.156879,0.044474,0.010373,0.050715,0.000000],[0.179024,0.220454,0.000000,0.014799,0.585723,0.000000],[0.755717,0.183896,0.000000,0.010917,0.049470,0.000000],[0.151284,0.200337,0.000000,0.013953,0.634426,0.000000],[0.790548,0.155433,0.000000,0.010610,0.043409,0.000000],[0.783535,0.143635,0.014268,0.010139,0.048422,0.000000],[0.770826,0.145718,0.021748,0.010209,0.051498,0.000000],[0.756225,0.152520,0.029771,0.010314,0.051170,0.000000],[0.174628,0.199536,0.000000,0.013645,0.612192,0.000000],[0.770767,0.161476,0.000000,0.011069,0.056688,0.000000],[0.560458,0.214728,0.000000,0.018479,0.206335,0.000000],[0.771769,0.160697,0.000000,0.011013,0.056522,0.000000],[0.769971,0.162174,0.000000,0.011101,0.056754,0.000000],[0.774416,0.159975,0.000000,0.010949,0.054660,0.000000],[0.772676,0.157958,0.000000,0.011226,0.058140,0.000000],[0.770619,0.161896,0.000000,0.011016,0.056469,0.000000],[0.542979,0.239362,0.000000,0.018872,0.198787,0.000000],[0.771011,0.146948,0.022356,0.009881,0.049804,0.000000],[0.788309,0.135269,0.018493,0.009640,0.048289,0.000000],[1.000000,0.000000,0.000000,0.000000,0.000000,0.000000],[1.000000,0.000000,0.000000,0.000000,0.000000,0.000000],[0.776020,0.155356,0.014702,0.009538,0.044383,0.000000],[0.140753,0.206071,0.000000,0.012804,0.640372,0.000000],[0.755972,0.186275,0.000000,0.010585,0.047168,0.000000],[0.141606,0.209010,0.000000,0.013110,0.636273,0.000000],[0.759831,0.178977,0.000000,0.011053,0.050139,0.000000],[0.766536,0.171477,0.000000,0.011015,0.050972,0.000000],[0.769560,0.169114,0.000000,0.010852,0.050474,0.000000],[0.779463,0.165814,0.000000,0.010996,0.043727,0.000000],[0.151047,0.200779,0.000000,0.014034,0.634139,0.000000],[0.778747,0.166546,0.000000,0.011016,0.043691,0.000000],[0.764456,0.175178,0.000000,0.010801,0.049565,0.000000],[0.769428,0.168335,0.000000,0.010636,0.051601,0.000000],[0.775025,0.164656,0.000000,0.010225,0.050094,0.000000],[0.166135,0.170819,0.011729,0.012097,0.639219,0.000000],[1.000000,0.000000,0.000000,0.000000,0.000000,0.000000],[0.840454,0.073202,0.044421,0.007194,0.034728,0.000000],[1.000000,0.000000,0.000000,0.000000,0.000000,0.000000]],
  [[1.000000,0.000000,0.000000,0.000000,0.000000,0.000000],[0.135682,0.151516,0.021134,0.011138,0.680531,0.000000],[0.769579,0.168722,0.000000,0.010564,0.051135,0.000000],[0.759460,0.174189,0.000000,0.011518,0.054833,0.000000],[0.752099,0.183512,0.000000,0.011350,0.053039,0.000000],[0.146140,0.192883,0.000000,0.012970,0.648007,0.000000],[0.770336,0.170738,0.000000,0.010456,0.048470,0.000000],[0.770313,0.168937,0.000000,0.010737,0.050013,0.000000],[0.767230,0.170326,0.000000,0.010725,0.051719,0.000000],[0.527996,0.258005,0.000000,0.019598,0.194401,0.000000],[0.762027,0.171023,0.000000,0.011188,0.055762,0.000000],[0.768117,0.163583,0.000000,0.011218,0.057082,0.000000],[0.774209,0.160272,0.000000,0.010962,0.054557,0.000000],[0.764114,0.168897,0.000000,0.011126,0.055863,0.000000],[0.171687,0.206951,0.000000,0.013770,0.607591,0.000000],[0.537463,0.244369,0.000000,0.019426,0.198743,0.000000],[0.765934,0.165304,0.000000,0.011317,0.057445,0.000000],[0.771338,0.159131,0.000000,0.011311,0.058220,0.000000],[0.776030,0.159167,0.000000,0.010841,0.053962,0.000000],[0.176267,0.189051,0.000000,0.013473,0.621209,0.000000],[0.776359,0.148520,0.014856,0.010204,0.050062,0.000000],[1.000000,0.000000,0.000000,0.000000,0.000000,0.000000],[1.000000,0.000000,0.000000,0.000000,0.000000,0.000000],[0.160691,0.189857,0.015101,0.012567,0.621783,0.000000],[0.127075,0.204204,0.017916,0.012076,0.638728,0.000000],[0.130254,0.239940,0.000000,0.012760,0.617046,0.000000],[0.160733,0.231791,0.000000,0.013768,0.593709,0.000000],[0.168563,0.220151,0.000000,0.014158,0.597128,0.000000],[0.750595,0.181638,0.000000,0.011601,0.056166,0.000000],[0.145240,0.207195,0.000000,0.013447,0.634119,0.000000],[0.141487,0.209808,0.000000,0.013105,0.635600,0.000000],[0.757319,0.183282,0.000000,0.010824,0.048574,0.000000],[0.140238,0.206666,0.000000,0.012889,0.640208,0.000000],[0.141366,0.209593,0.000000,0.013063,0.635979,0.000000],[0.171054,0.207687,0.000000,0.013817,0.607441,0.000000],[0.529807,0.256631,0.000000,0.019407,0.194154,0.000000],[0.763658,0.148849,0.027107,0.010057,0.050329,0.000000],[0.794170,0.138392,0.013258,0.009231,0.044949,0.000000],[0.829615,0.092320,0.034036,0.007883,0.036146,0.000000],[1.000000,0.000000,0.000000,0.000000,0.000000,0.000000]],
  [[1.000000,0.000000,0.000000,0.000000,0.000000,0.000000],[0.814926,0.118067,0.020050,0.008912,0.038045,0.000000],[0.781329,0.160504,0.000000,0.010075,0.048092,0.000000],[0.776747,0.158297,0.000000,0.010864,0.054092,0.000000],[0.772017,0.164085,0.000000,0.010826,0.053072,0.000000],[0.778135,0.157360,0.000000,0.010788,0.053717,0.000000],[0.771127,0.168064,0.000000,0.010734,0.050076,0.000000],[0.146676,0.192971,0.000000,0.013016,0.647337,0.000000],[0.170304,0.202812,0.000000,0.013544,0.613340,0.000000],[0.174607,0.199688,0.000000,0.013814,0.611891,0.000000],[0.767243,0.164370,0.000000,0.011276,0.057110,0.000000],[0.763006,0.167848,0.000000,0.011567,0.057579,0.000000],[0.763755,0.170645,0.000000,0.011298,0.054302,0.000000],[0.148992,0.199543,0.000000,0.013400,0.638065,0.000000],[0.752436,0.178815,0.000000,0.011358,0.057391,0.000000],[0.174955,0.200801,0.000000,0.013895,0.610349,0.000000],[0.767470,0.164035,0.000000,0.011262,0.057233,0.000000],[0.768348,0.165029,0.000000,0.011373,0.055250,0.000000],[0.767393,0.170894,0.000000,0.010929,0.050783,0.000000],[0.767449,0.173267,0.000000,0.010568,0.048716,0.000000],[0.754198,0.165572,0.021134,0.010407,0.048689,0.000000],[0.742636,0.151264,0.042433,0.010676,0.052992,0.000000],[0.400184,0.162608,0.273492,0.017006,0.146711,0.000000],[1.000000,0.000000,0.000000,0.000000,0.000000,0.000000],[0.129571,0.190071,0.017586,0.011774,0.650999,0.000000],[0.128204,0.209177,0.017536,0.012298,0.632786,0.000000],[0.165553,0.230371,0.000000,0.014041,0.590035,0.000000],[0.517613,0.269233,0.000000,0.020380,0.192774,0.000000],[0.733004,0.197042,0.000000,0.012009,0.057945,0.000000],[0.169663,0.221287,0.000000,0.014247,0.594802,0.000000],[0.749217,0.184887,0.000000,0.011369,0.054527,0.000000],[0.763357,0.173162,0.000000,0.010993,0.052488,0.000000],[0.140526,0.207175,0.000000,0.012929,0.639370,0.000000],[0.753259,0.188298,0.000000,0.010729,0.047714,0.000000],[0.761026,0.176917,0.000000,0.010819,0.051237,0.000000],[0.174309,0.199710,0.000000,0.013742,0.612239,0.000000],[0.780131,0.155924,0.000000,0.010633,0.053312,0.000000],[0.790884,0.151361,0.000000,0.009805,0.047950,0.000000],[0.820272,0.111982,0.022454,0.008489,0.036804,0.000000],[1.000000,0.000000,0.000000,0.000000,0.000000,0.000000]],
  [[1.000000,0.000000,0.000000,0.000000,0.000000,0.000000],[0.816704,0.116483,0.020398,0.008800,0.037616,0.000000],[0.783638,0.158818,0.000000,0.009950,0.047594,0.000000],[0.172359,0.192658,0.000000,0.013328,0.621656,0.000000],[0.552615,0.225764,0.000000,0.018687,0.202934,0.000000],[0.783562,0.151209,0.000000,0.010761,0.054469,0.000000],[0.776386,0.161921,0.000000,0.010749,0.050944,0.000000],[0.772001,0.167104,0.000000,0.010711,0.050184,0.000000],[0.766448,0.173467,0.000000,0.010708,0.049377,0.000000],[0.767869,0.170485,0.000000,0.010920,0.050727,0.000000],[0.771087,0.165860,0.000000,0.011040,0.052012,0.000000],[0.769844,0.163634,0.000000,0.011301,0.055221,0.000000],[0.778929,0.156545,0.000000,0.010718,0.053808,0.000000],[0.771332,0.161216,0.000000,0.011006,0.056446,0.000000],[0.767608,0.166011,0.000000,0.010937,0.055445,0.000000],[0.761193,0.174781,0.000000,0.011090,0.052936,0.000000],[0.765567,0.174311,0.000000,0.010671,0.049451,0.000000],[0.768961,0.169596,0.000000,0.010830,0.050613,0.000000],[0.781145,0.162730,0.000000,0.011174,0.044951,0.000000],[0.151523,0.203401,0.000000,0.014122,0.630954,0.000000],[0.143791,0.203620,0.000000,0.013098,0.639491,0.000000],[0.756278,0.178709,0.000000,0.011401,0.053611,0.000000],[0.736223,0.154039,0.044264,0.011110,0.054364,0.000000],[0.748615,0.148019,0.040666,0.010447,0.052253,0.000000],[1.000000,0.000000,0.000000,0.000000,0.000000,0.000000],[0.782339,0.147466,0.015549,0.009566,0.045081,0.000000],[0.762005,0.151873,0.022748,0.010355,0.053019,0.000000],[0.717637,0.165826,0.045737,0.011502,0.059298,0.000000],[0.729038,0.195064,0.000000,0.012510,0.063388,0.000000],[0.197030,0.226319,0.000000,0.015322,0.561329,0.000000],[0.533135,0.247982,0.000000,0.019833,0.199050,0.000000],[0.770591,0.163405,0.000000,0.011185,0.054819,0.000000],[0.767161,0.171382,0.000000,0.010942,0.050514,0.000000],[0.145679,0.192001,0.000000,0.012955,0.649365,0.000000],[0.765287,0.174669,0.000000,0.010744,0.049299,0.000000],[0.770431,0.168701,0.000000,0.010759,0.050108,0.000000],[0.774946,0.164737,0.000000,0.010543,0.049774,0.000000],[0.791593,0.150527,0.000000,0.009818,0.048062,0.000000],[0.139873,0.142396,0.033377,0.011596,0.672758,0.000000],[1.000000,0.000000,0.000000,0.000000,0.000000,0.000000]],
  [[1.000000,0.000000,0.000000,0.000000,0.000000,0.000000],[0.814645,0.120239,0.019687,0.008672,0.036756,0.000000],[0.143168,0.194261,0.000000,0.012339,0.650233,0.000000],[0.779864,0.157910,0.000000,0.010396,0.051831,0.000000],[0.782174,0.154162,0.000000,0.010556,0.053108,0.000000],[0.787141,0.148215,0.000000,0.010579,0.054066,0.000000],[0.782273,0.155301,0.000000,0.010730,0.051696,0.000000],[0.792343,0.150177,0.000000,0.011167,0.046313,0.000000],[0.790170,0.151954,0.000000,0.011297,0.046579,0.000000],[0.784925,0.157821,0.000000,0.011293,0.045961,0.000000],[0.782853,0.159392,0.000000,0.011397,0.046358,0.000000],[0.769258,0.167352,0.000000,0.011106,0.052284,0.000000],[0.775077,0.156228,0.000000,0.011091,0.057604,0.000000],[0.566527,0.206098,0.000000,0.017974,0.209401,0.000000],[0.786433,0.146601,0.000000,0.010521,0.056445,0.000000],[0.779831,0.157124,0.000000,0.010492,0.052554,0.000000],[0.146443,0.190286,0.000000,0.012690,0.650581,0.000000],[0.146031,0.190698,0.000000,0.012758,0.650513,0.000000],[0.770772,0.168603,0.000000,0.010704,0.049921,0.000000],[0.763746,0.175971,0.000000,0.010803,0.049480,0.000000],[0.143855,0.199908,0.000000,0.013055,0.643183,0.000000],[0.759134,0.176353,0.000000,0.011261,0.053252,0.000000],[0.769586,0.167876,0.000000,0.011023,0.051515,0.000000],[0.775937,0.150406,0.015732,0.010161,0.047765,0.000000],[0.794249,0.132551,0.018329,0.009381,0.045490,0.000000],[1.000000,0.000000,0.000000,0.000000,0.000000,0.000000],[1.000000,0.000000,0.000000,0.000000,0.000000,0.000000],[0.783051,0.139849,0.012528,0.010162,0.054409,0.000000],[0.544341,0.234458,0.000000,0.019170,0.202031,0.000000],[0.741357,0.182332,0.000000,0.012233,0.064078,0.000000],[0.762835,0.167713,0.000000,0.011523,0.057928,0.000000],[0.778587,0.154773,0.000000,0.011059,0.055581,0.000000],[0.775986,0.162188,0.000000,0.010796,0.051030,0.000000],[0.789670,0.154140,0.000000,0.011029,0.045161,0.000000],[0.787607,0.157548,0.000000,0.010836,0.044009,0.000000],[0.156751,0.185561,0.000000,0.013992,0.643696,0.000000],[0.793801,0.150801,0.000000,0.010773,0.044625,0.000000],[0.804084,0.143362,0.000000,0.010047,0.042507,0.000000],[0.819226,0.112233,0.023050,0.008550,0.036941,0.000000],[1.000000,0.000000,0.000000,0.000000,0.000000,0.000000]],
  [[1.000000,0.000000,0.000000,0.000000,0.000000,0.000000],[0.138054,0.151176,0.030126,0.011685,0.668959,0.000000],[0.788658,0.154892,0.000000,0.009675,0.046775,0.000000],[0.781828,0.157632,0.000000,0.010443,0.050097,0.000000],[0.784524,0.153624,0.000000,0.010594,0.051259,0.000000],[0.784695,0.153393,0.000000,0.010602,0.051309,0.000000],[0.781269,0.157929,0.000000,0.010515,0.050287,0.000000],[0.778248,0.160312,0.000000,0.010673,0.050766,0.000000],[0.770690,0.168253,0.000000,0.010780,0.050277,0.000000],[0.763090,0.176245,0.000000,0.010872,0.049794,0.000000],[0.145087,0.202075,0.000000,0.013151,0.639686,0.000000],[0.751261,0.180947,0.000000,0.011568,0.056224,0.000000],[0.766247,0.161701,0.000000,0.011445,0.060607,0.000000],[0.763412,0.161476,0.000000,0.011400,0.063712,0.000000],[0.000000,0.000000,0.000000,0.000000,0.000000,1.000000],[0.793350,0.139269,0.000000,0.010011,0.057369,0.000000],[0.784323,0.154235,0.000000,0.010098,0.051344,0.000000],[0.773772,0.163762,0.000000,0.010538,0.051928,0.000000],[0.772320,0.160632,0.000000,0.010957,0.056090,0.000000],[0.769587,0.162663,0.000000,0.011138,0.056612,0.000000],[0.776627,0.158368,0.000000,0.010877,0.054128,0.000000],[0.774658,0.163220,0.000000,0.010860,0.051262,0.000000],[0.791732,0.152634,0.000000,0.010864,0.044770,0.000000],[0.156762,0.184067,0.000000,0.013774,0.645396,0.000000],[0.807216,0.127582,0.016124,0.009472,0.039606,0.000000],[1.000000,0.000000,0.000000,0.000000,0.000000,0.000000],[1.000000,0.000000,0.000000,0.000000,0.000000,0.000000],[0.814736,0.118385,0.007913,0.008961,0.050005,0.000000],[0.774919,0.144051,0.018409,0.009991,0.052630,0.000000],[0.773564,0.159906,0.000000,0.010826,0.055704,0.000000],[0.764902,0.169841,0.000000,0.011201,0.054057,0.000000],[0.775413,0.160585,0.000000,0.011086,0.052917,0.000000],[0.780678,0.156517,0.000000,0.010831,0.051974,0.000000],[0.794766,0.148283,0.000000,0.011037,0.045914,0.000000],[0.793235,0.151229,0.000000,0.010829,0.044707,0.000000],[0.793856,0.150832,0.000000,0.010780,0.044532,0.000000],[0.790823,0.154857,0.000000,0.010642,0.043679,0.000000],[0.803571,0.143706,0.000000,0.010092,0.042631,0.000000],[0.818178,0.113731,0.022182,0.008657,0.037252,0.000000],[1.000000,0.000000,0.000000,0.000000,0.000000,0.000000]],
  [[1.000000,0.000000,0.000000,0.000000,0.000000,0.000000],[0.819962,0.111269,0.023487,0.008490,0.036793,0.000000],[0.806068,0.141759,0.000000,0.009936,0.042237,0.000000],[0.799858,0.144192,0.000000,0.010726,0.045224,0.000000],[0.798137,0.145644,0.000000,0.010828,0.045390,0.000000],[0.796623,0.146914,0.000000,0.010920,0.045543,0.000000],[0.790559,0.153428,0.000000,0.010969,0.045045,0.000000],[0.148639,0.185025,0.000000,0.012962,0.653373,0.000000],[0.770622,0.165306,0.000000,0.010893,0.053179,0.000000],[0.171142,0.207074,0.000000,0.013780,0.608003,0.000000],[0.171869,0.208527,0.000000,0.013894,0.605710,0.000000],[0.753896,0.175358,0.000000,0.011568,0.059177,0.000000],[0.758492,0.169965,0.000000,0.011559,0.059983,0.000000],[0.756525,0.169180,0.000000,0.011477,0.062818,0.000000],[0.555789,0.220504,0.000000,0.018001,0.205706,0.000000],[0.000000,0.000000,0.000000,0.000000,0.000000,1.000000],[0.000000,0.000000,0.000000,0.000000,0.000000,1.000000],[0.782269,0.151592,0.000000,0.010478,0.055662,0.000000],[0.757383,0.171425,0.000000,0.011434,0.059759,0.000000],[0.546976,0.230776,0.000000,0.019111,0.203137,0.000000],[0.779046,0.154557,0.000000,0.010982,0.055414,0.000000],[0.780296,0.156883,0.000000,0.010819,0.052002,0.000000],[0.795366,0.149600,0.000000,0.010652,0.044383,0.000000],[0.801525,0.145016,0.000000,0.010257,0.043201,0.000000],[0.804892,0.131577,0.014183,0.009528,0.039820,0.000000],[0.814363,0.116979,0.021574,0.008925,0.038159,0.000000],[1.000000,0.000000,0.000000,0.000000,0.000000,0.000000],[1.000000,0.000000,0.000000,0.000000,0.000000,0.000000],[0.798266,0.130009,0.017701,0.009149,0.044876,0.000000],[0.141291,0.170280,0.016435,0.012119,0.659876,0.000000],[0.767388,0.169906,0.000000,0.010779,0.051927,0.000000],[0.767777,0.170507,0.000000,0.010904,0.050811,0.000000],[0.771098,0.167876,0.000000,0.010757,0.050269,0.000000],[0.777777,0.160668,0.000000,0.010711,0.050845,0.000000],[0.794904,0.148203,0.000000,0.011034,0.045859,0.000000],[0.783172,0.154662,0.000000,0.010696,0.051471,0.000000],[0.778923,0.159901,0.000000,0.010603,0.050572,0.000000],[0.146300,0.188493,0.000000,0.012477,0.652730,0.000000],[0.803504,0.127630,0.018200,0.008562,0.042104,0.000000],[1.000000,0.000000,0.000000,0.000000,0.000000,0.000000]],
  [[1.000000,0.000000,0.000000,0.000000,0.000000,0.000000],[0.827194,0.100201,0.025457,0.007954,0.039193,0.000000],[0.814099,0.131203,0.000000,0.009419,0.045279,0.000000],[0.800662,0.142850,0.000000,0.009999,0.046489,0.000000],[0.794238,0.149946,0.000000,0.010058,0.045758,0.000000],[0.788097,0.156658,0.000000,0.010103,0.045142,0.000000],[0.782270,0.163691,0.000000,0.010803,0.043236,0.000000],[0.765027,0.174924,0.000000,0.010733,0.049316,0.000000],[0.764660,0.171986,0.000000,0.010903,0.052451,0.000000],[0.527175,0.258055,0.000000,0.019752,0.195017,0.000000],[0.757985,0.173774,0.000000,0.011440,0.056801,0.000000],[0.764206,0.166868,0.000000,0.011355,0.057572,0.000000],[0.546779,0.232097,0.000000,0.019020,0.202104,0.000000],[0.199993,0.209140,0.000000,0.014437,0.576430,0.000000],[0.782090,0.156624,0.000000,0.009796,0.051491,0.000000],[0.168846,0.162798,0.000000,0.011573,0.656783,0.000000],[0.802603,0.136240,0.000000,0.009229,0.051928,0.000000],[0.566910,0.207297,0.000000,0.017463,0.208330,0.000000],[0.200446,0.208408,0.000000,0.014418,0.576727,0.000000],[0.758050,0.172428,0.000000,0.011276,0.058245,0.000000],[0.770848,0.161433,0.000000,0.011043,0.056677,0.000000],[0.773318,0.162840,0.000000,0.010819,0.053023,0.000000],[0.799656,0.144437,0.000000,0.010686,0.045221,0.000000],[0.797967,0.142090,0.000000,0.009939,0.050004,0.000000],[0.797835,0.142415,0.000000,0.009893,0.049857,0.000000],[0.790949,0.140704,0.014321,0.009256,0.044770,0.000000],[0.134026,0.156382,0.020407,0.011070,0.678114,0.000000],[1.000000,0.000000,0.000000,0.000000,0.000000,0.000000],[1.000000,0.000000,0.000000,0.000000,0.000000,0.000000],[0.790285,0.139307,0.014594,0.009567,0.046247,0.000000],[0.779240,0.158852,0.000000,0.010351,0.051556,0.000000],[0.173790,0.196834,0.000000,0.013628,0.615748,0.000000],[0.169633,0.200856,0.000000,0.013416,0.616095,0.000000],[0.770505,0.168613,0.000000,0.010776,0.050105,0.000000],[0.784402,0.160077,0.000000,0.011024,0.044498,0.000000],[0.774421,0.163515,0.000000,0.010866,0.051199,0.000000],[0.773649,0.162855,0.000000,0.010714,0.052782,0.000000],[0.782526,0.156776,0.000000,0.010095,0.050604,0.000000],[0.165312,0.161571,0.010275,0.011529,0.651314,0.000000],[1.000000,0.000000,0.000000,0.000000,0.000000,0.000000]],
  [[1.000000,0.000000,0.000000,0.000000,0.000000,0.000000],[0.832136,0.096253,0.025932,0.007617,0.038062,0.000000],[0.820935,0.126476,0.000000,0.008952,0.043637,0.000000],[0.805556,0.141679,0.000000,0.009317,0.043448,0.000000],[0.146541,0.186737,0.000000,0.012441,0.654281,0.000000],[0.143746,0.194577,0.000000,0.012450,0.649227,0.000000],[0.150936,0.201222,0.000000,0.013716,0.634125,0.000000],[0.775273,0.167654,0.000000,0.010060,0.047013,0.000000],[0.169639,0.202611,0.000000,0.013203,0.614547,0.000000],[0.777654,0.160691,0.000000,0.010335,0.051320,0.000000],[0.777140,0.157514,0.000000,0.010570,0.054777,0.000000],[0.783714,0.150349,0.000000,0.010488,0.055449,0.000000],[0.768536,0.145268,0.022743,0.010149,0.053304,0.000000],[0.772343,0.143225,0.021961,0.009948,0.052523,0.000000],[0.782619,0.149023,0.012787,0.009320,0.046251,0.000000],[0.143480,0.162535,0.000000,0.011213,0.682772,0.000000],[0.000000,0.000000,0.000000,0.000000,0.000000,1.000000],[0.797741,0.136704,0.000000,0.009649,0.055906,0.000000],[0.766519,0.161804,0.000000,0.010866,0.060811,0.000000],[0.763567,0.168030,0.000000,0.010968,0.057435,0.000000],[0.176671,0.187463,0.000000,0.013427,0.622439,0.000000],[0.775175,0.163721,0.000000,0.010348,0.050756,0.000000],[0.800982,0.145388,0.000000,0.010242,0.043388,0.000000],[0.796758,0.144863,0.000000,0.009698,0.048681,0.000000],[0.000000,0.000000,0.000000,0.000000,0.000000,1.000000],[0.779333,0.158433,0.000000,0.010015,0.052219,0.000000],[0.163345,0.190112,0.015822,0.012604,0.618116,0.000000],[0.785700,0.140693,0.017829,0.009357,0.046420,0.000000],[1.000000,0.000000,0.000000,0.000000,0.000000,0.000000],[0.790129,0.134368,0.018494,0.009512,0.047497,0.000000],[0.780541,0.158095,0.000000,0.010242,0.051121,0.000000],[0.539948,0.241725,0.000000,0.019254,0.199073,0.000000],[0.766490,0.170602,0.000000,0.010825,0.052084,0.000000],[0.143877,0.200142,0.000000,0.012986,0.642995,0.000000],[0.776885,0.168010,0.000000,0.011125,0.043980,0.000000],[0.144003,0.201266,0.000000,0.013071,0.641660,0.000000],[0.763211,0.173289,0.000000,0.010979,0.052521,0.000000],[0.532893,0.254166,0.000000,0.019071,0.193871,0.000000],[0.802797,0.132296,0.008388,0.008940,0.047579,0.000000],[1.000000,0.000000,0.000000,0.000000,0.000000,0.000000]],
  [[1.000000,0.000000,0.000000,0.000000,0.000000,0.000000],[0.839168,0.077836,0.038819,0.007060,0.037117,0.000000],[0.825674,0.101361,0.025341,0.008064,0.039561,0.000000],[0.812639,0.117994,0.020935,0.008545,0.039887,0.000000],[0.132824,0.150486,0.024558,0.011000,0.681133,0.000000],[0.803060,0.132070,0.016929,0.008689,0.039253,0.000000],[0.801103,0.133048,0.018259,0.009335,0.038254,0.000000],[0.130816,0.159923,0.021219,0.011077,0.676966,0.000000],[0.788602,0.141863,0.016371,0.009225,0.043938,0.000000],[0.134779,0.157578,0.019498,0.011248,0.676897,0.000000],[0.791406,0.133889,0.017919,0.009450,0.047336,0.000000],[0.795645,0.128689,0.018311,0.009437,0.047918,0.000000],[0.802006,0.115825,0.027845,0.008964,0.045360,0.000000],[1.000000,0.000000,0.000000,0.000000,0.000000,0.000000],[0.790511,0.133239,0.019120,0.009469,0.047662,0.000000],[0.000000,0.000000,0.000000,0.000000,0.000000,1.000000],[0.000000,0.000000,0.000000,0.000000,0.000000,1.000000],[0.000000,0.000000,0.000000,0.000000,0.000000,1.000000],[0.797285,0.137412,0.000000,0.009949,0.055354,0.000000],[0.562393,0.213782,0.000000,0.017809,0.206017,0.000000],[0.794754,0.143503,0.000000,0.009870,0.051874,0.000000],[0.787854,0.155037,0.000000,0.009718,0.047391,0.000000],[0.155756,0.172462,0.000000,0.012965,0.658816,0.000000],[0.810175,0.132967,0.000000,0.009123,0.047736,0.000000],[0.807517,0.129817,0.000000,0.009611,0.053054,0.000000],[0.544001,0.236848,0.000000,0.018598,0.200552,0.000000],[0.196042,0.237419,0.000000,0.014834,0.551705,0.000000],[0.776720,0.151100,0.010389,0.009954,0.051838,0.000000],[1.000000,0.000000,0.000000,0.000000,0.000000,0.000000],[0.135928,0.150201,0.021042,0.011255,0.681574,0.000000],[0.782559,0.156621,0.000000,0.010108,0.050713,0.000000],[0.773296,0.161162,0.000000,0.011026,0.054516,0.000000],[0.769800,0.165903,0.000000,0.010946,0.053351,0.000000],[0.764281,0.173689,0.000000,0.011091,0.050939,0.000000],[0.151708,0.205555,0.000000,0.014358,0.628379,0.000000],[0.753183,0.186393,0.000000,0.011062,0.049362,0.000000],[0.167456,0.215192,0.000000,0.013817,0.603536,0.000000],[0.167820,0.213932,0.000000,0.013448,0.604800,0.000000],[0.801362,0.133408,0.008448,0.009008,0.047775,0.000000],[1.000000,0.000000,0.000000,0.000000,0.000000,0.000000]],
  [[1.000000,0.000000,0.000000,0.000000,0.000000,0.000000],[1.000000,0.000000,0.000000,0.000000,0.000000,0.000000],[1.000000,0.000000,0.000000,0.000000,0.000000,0.000000],[1.000000,0.000000,0.000000,0.000000,0.000000,0.000000],[1.000000,0.000000,0.000000,0.000000,0.000000,0.000000],[1.000000,0.000000,0.000000,0.000000,0.000000,0.000000],[1.000000,0.000000,0.000000,0.000000,0.000000,0.000000],[1.000000,0.000000,0.000000,0.000000,0.000000,0.000000],[1.000000,0.000000,0.000000,0.000000,0.000000,0.000000],[1.000000,0.000000,0.000000,0.000000,0.000000,0.000000],[1.000000,0.000000,0.000000,0.000000,0.000000,0.000000],[1.000000,0.000000,0.000000,0.000000,0.000000,0.000000],[1.000000,0.000000,0.000000,0.000000,0.000000,0.000000],[1.000000,0.000000,0.000000,0.000000,0.000000,0.000000],[0.798412,0.133131,0.008537,0.009504,0.050415,0.000000],[0.796141,0.142166,0.000000,0.009844,0.051849,0.000000],[0.169728,0.165374,0.000000,0.011938,0.652960,0.000000],[0.787814,0.151805,0.000000,0.009860,0.050522,0.000000],[0.800092,0.140410,0.000000,0.009408,0.050090,0.000000],[0.000000,0.000000,0.000000,0.000000,0.000000,1.000000],[0.811820,0.128708,0.000000,0.009115,0.050357,0.000000],[0.812618,0.131540,0.000000,0.008932,0.046910,0.000000],[0.823662,0.127283,0.000000,0.008880,0.040174,0.000000],[0.000000,0.000000,0.000000,0.000000,0.000000,1.000000],[0.000000,0.000000,0.000000,0.000000,0.000000,1.000000],[0.776869,0.158267,0.000000,0.010445,0.054418,0.000000],[0.199782,0.229941,0.000000,0.014985,0.555292,0.000000],[0.488646,0.188092,0.126345,0.017153,0.179764,0.000000],[1.000000,0.000000,0.000000,0.000000,0.000000,0.000000],[0.779642,0.141950,0.019558,0.009723,0.049126,0.000000],[0.767688,0.172171,0.000000,0.010382,0.049758,0.000000],[0.150441,0.190566,0.000000,0.013321,0.645672,0.000000],[0.758925,0.176551,0.000000,0.011290,0.053233,0.000000],[0.753782,0.182478,0.000000,0.011277,0.052463,0.000000],[0.756001,0.182063,0.000000,0.011237,0.050700,0.000000],[0.743290,0.193004,0.000000,0.011484,0.052222,0.000000],[0.143764,0.217604,0.000000,0.013582,0.625049,0.000000],[0.748707,0.193563,0.000000,0.010375,0.047356,0.000000],[0.131103,0.171978,0.017863,0.011139,0.667917,0.000000],[1.000000,0.000000,0.000000,0.000000,0.000000,0.000000]],
  [[1.000000,0.000000,0.000000,0.000000,0.000000,0.000000],[0.838377,0.078710,0.038546,0.007106,0.037260,0.000000],[0.825199,0.101648,0.025384,0.008092,0.039678,0.000000],[0.818425,0.107226,0.024561,0.008569,0.041218,0.000000],[0.817461,0.109136,0.023340,0.008669,0.041394,0.000000],[0.816318,0.110517,0.022748,0.008763,0.041654,0.000000],[0.812359,0.115403,0.023211,0.009321,0.039706,0.000000],[0.808786,0.121021,0.021624,0.009323,0.039245,0.000000],[0.140944,0.146960,0.029096,0.012024,0.670977,0.000000],[0.810032,0.120518,0.021161,0.009239,0.039050,0.000000],[0.815927,0.103556,0.032675,0.008838,0.039004,0.000000],[1.000000,0.000000,0.000000,0.000000,0.000000,0.000000],[0.132309,0.155991,0.032392,0.011557,0.667752,0.000000],[0.129543,0.188522,0.017194,0.011529,0.653212,0.000000],[0.746772,0.159948,0.035069,0.009978,0.048233,0.000000],[0.531088,0.256420,0.000000,0.019195,0.193298,0.000000],[0.772085,0.166423,0.000000,0.010429,0.051064,0.000000],[0.147199,0.191528,0.000000,0.012721,0.648552,0.000000],[0.786293,0.157301,0.000000,0.009635,0.046771,0.000000],[0.143105,0.167132,0.000000,0.011431,0.678333,0.000000],[0.000000,0.000000,0.000000,0.000000,0.000000,1.000000],[0.000000,0.000000,0.000000,0.000000,0.000000,1.000000],[0.000000,0.000000,0.000000,0.000000,0.000000,1.000000],[0.142133,0.142420,0.000000,0.010493,0.704953,0.000000],[0.805876,0.136220,0.000000,0.009334,0.048570,0.000000],[0.781507,0.155930,0.000000,0.010367,0.052196,0.000000],[0.750207,0.148010,0.037896,0.010338,0.053549,0.000000],[0.782003,0.145266,0.009976,0.009972,0.052783,0.000000],[1.000000,0.000000,0.000000,0.000000,0.000000,0.000000],[0.136550,0.166656,0.017477,0.011697,0.667620,0.000000],[0.778369,0.159623,0.000000,0.010399,0.051609,0.000000],[0.772364,0.161857,0.000000,0.011091,0.054687,0.000000],[0.761546,0.170959,0.000000,0.011304,0.056191,0.000000],[0.147778,0.201381,0.000000,0.013553,0.637288,0.000000],[0.146370,0.210221,0.000000,0.013671,0.629738,0.000000],[0.748953,0.182924,0.000000,0.011679,0.056443,0.000000],[0.750457,0.181824,0.000000,0.011578,0.056141,0.000000],[0.165872,0.210607,0.000000,0.013232,0.610288,0.000000],[0.131987,0.164411,0.019416,0.011092,0.673095,0.000000],[1.000000,0.000000,0.000000,0.000000,0.000000,0.000000]],
  [[1.000000,0.000000,0.000000,0.000000,0.000000,0.000000],[0.824924,0.106475,0.024733,0.008118,0.035749,0.000000],[0.813389,0.136411,0.000000,0.009438,0.040763,0.000000],[0.805490,0.142136,0.000000,0.009988,0.042386,0.000000],[0.800622,0.147801,0.000000,0.009970,0.041606,0.000000],[0.799062,0.149089,0.000000,0.010060,0.041790,0.000000],[0.797529,0.150284,0.000000,0.010151,0.042036,0.000000],[0.784204,0.158459,0.000000,0.009919,0.047418,0.000000],[0.779571,0.163925,0.000000,0.009873,0.046631,0.000000],[0.784281,0.158535,0.000000,0.009883,0.047301,0.000000],[0.788604,0.142368,0.013593,0.009562,0.045872,0.000000],[0.784700,0.147135,0.014022,0.009451,0.044692,0.000000],[0.139153,0.191983,0.019690,0.012981,0.636193,0.000000],[0.134956,0.223656,0.000000,0.012603,0.628785,0.000000],[0.163570,0.223090,0.000000,0.013580,0.599759,0.000000],[0.167626,0.216904,0.000000,0.013781,0.601689,0.000000],[0.765339,0.171510,0.000000,0.010861,0.052289,0.000000],[0.771801,0.167713,0.000000,0.010629,0.049857,0.000000],[0.789847,0.157878,0.000000,0.010255,0.042021,0.000000],[0.152679,0.179069,0.000000,0.012918,0.655334,0.000000],[0.824261,0.126809,0.000000,0.008857,0.040074,0.000000],[0.000000,0.000000,0.000000,0.000000,0.000000,1.000000],[0.835035,0.118079,0.000000,0.008270,0.038616,0.000000],[0.000000,0.000000,0.000000,0.000000,0.000000,1.000000],[0.807561,0.143349,0.000000,0.009275,0.039815,0.000000],[0.790197,0.140954,0.013798,0.009422,0.045630,0.000000],[0.791895,0.138606,0.014282,0.009429,0.045788,0.000000],[1.000000,0.000000,0.000000,0.000000,0.000000,0.000000],[0.133544,0.171068,0.017796,0.011568,0.666025,0.000000],[0.763790,0.162048,0.016020,0.010153,0.047989,0.000000],[0.778426,0.157646,0.000000,0.010695,0.053233,0.000000],[0.547894,0.230350,0.000000,0.019123,0.202633,0.000000],[0.754662,0.178503,0.000000,0.011367,0.055469,0.000000],[0.745956,0.187533,0.000000,0.011492,0.055019,0.000000],[0.742640,0.190163,0.000000,0.011661,0.055536,0.000000],[0.196564,0.224579,0.000000,0.015184,0.563673,0.000000],[0.534116,0.247001,0.000000,0.019719,0.199164,0.000000],[0.779442,0.159117,0.000000,0.010276,0.051164,0.000000],[0.800365,0.131935,0.016041,0.008781,0.042878,0.000000],[1.000000,0.000000,0.000000,0.000000,0.000000,0.000000]],
  [[1.000000,0.000000,0.000000,0.000000,0.000000,0.000000],[0.140099,0.143585,0.032419,0.011648,0.672249,0.000000],[0.792693,0.149769,0.000000,0.009755,0.047782,0.000000],[0.780807,0.158383,0.000000,0.010505,0.050305,0.000000],[0.145942,0.189297,0.000000,0.012730,0.652031,0.000000],[0.145799,0.190441,0.000000,0.012811,0.650949,0.000000],[0.768394,0.172158,0.000000,0.010586,0.048862,0.000000],[0.146134,0.192832,0.000000,0.012983,0.648051,0.000000],[0.769150,0.168236,0.000000,0.010702,0.051911,0.000000],[0.176402,0.190139,0.000000,0.013645,0.619814,0.000000],[0.777409,0.157845,0.000000,0.010816,0.053929,0.000000],[0.773326,0.164535,0.000000,0.010880,0.051260,0.000000],[0.781231,0.162902,0.000000,0.011149,0.044718,0.000000],[0.760869,0.180377,0.000000,0.010646,0.048108,0.000000],[0.141516,0.208661,0.000000,0.013063,0.636760,0.000000],[0.757080,0.183292,0.000000,0.010871,0.048757,0.000000],[0.143794,0.199727,0.000000,0.012974,0.643505,0.000000],[0.766332,0.170564,0.000000,0.010895,0.052209,0.000000],[0.779421,0.161702,0.000000,0.010218,0.048659,0.000000],[0.799490,0.143466,0.000000,0.009472,0.047573,0.000000],[0.817896,0.127644,0.000000,0.008628,0.045832,0.000000],[0.829750,0.115982,0.000000,0.008303,0.045965,0.000000],[0.838820,0.113751,0.000000,0.008286,0.039142,0.000000],[0.135153,0.127985,0.035018,0.010386,0.691458,0.000000],[0.813256,0.119168,0.021793,0.008709,0.037074,0.000000],[0.133193,0.142954,0.026380,0.010845,0.686627,0.000000],[1.000000,0.000000,0.000000,0.000000,0.000000,0.000000],[0.784451,0.145671,0.014431,0.009631,0.045817,0.000000],[0.137911,0.177739,0.017187,0.012170,0.654993,0.000000],[0.762640,0.176087,0.000000,0.010695,0.050577,0.000000],[0.776660,0.158717,0.000000,0.010837,0.053786,0.000000],[0.770710,0.165304,0.000000,0.010872,0.053114,0.000000],[0.171154,0.206948,0.000000,0.013800,0.608098,0.000000],[0.172803,0.213111,0.000000,0.014145,0.599941,0.000000],[0.522116,0.262977,0.000000,0.020116,0.194791,0.000000],[0.745015,0.181369,0.000000,0.012122,0.061494,0.000000],[0.764854,0.166033,0.000000,0.011402,0.057712,0.000000],[0.791624,0.145343,0.000000,0.010209,0.052824,0.000000],[0.808964,0.118893,0.019832,0.008703,0.043608,0.000000],[1.000000,0.000000,0.000000,0.000000,0.000000,0.000000]],
