[
  [[1.000000,0.000000,0.000000,0.000000,0.000000,0.000000],[1.000000,0.000000,0.000000,0.000000,0.000000,0.000000],[1.000000,0.000000,0.000000,0.000000,0.000000,0.000000],[1.000000,0.000000,0.000000,0.000000,0.000000,0.000000],[1.000000,0.000000,0.000000,0.000000,0.000000,0.000000],[1.000000,0.000000,0.000000,0.000000,0.000000,0.000000],[1.000000,0.000000,0.000000,0.000000,0.000000,0.000000],[1.000000,0.000000,0.000000,0.000000,0.000000,0.000000],[1.000000,0.000000,0.000000,0.000000,0.000000,0.000000],[1.000000,0.000000,0.000000,0.000000,0.000000,0.000000],[1.000000,0.000000,0.000000,0.000000,0.000000,0.000000],[1.000000,0.000000,0.000000,0.000000,0.000000,0.000000],[1.000000,0.000000,0.000000,0.000000,0.000000,0.000000],[1.000000,0.000000,0.000000,0.000000,0.000000,0.000000],[1.000000,0.000000,0.000000,0.000000,0.000000,0.000000],[1.000000,0.000000,0.000000,0.000000,0.000000,0.000000],[1.000000,0.000000,0.000000,0.000000,0.000000,0.000000],[1.000000,0.000000,0.000000,0.000000,0.000000,0.000000],[1.000000,0.000000,0.000000,0.000000,0.000000,0.000000],[1.000000,0.000000,0.000000,0.000000,0.000000,0.000000],[1.000000,0.000000,0.000000,0.000000,0.000000,0.000000],[1.000000,0.000000,0.000000,0.000000,0.000000,0.000000],[1.000000,0.000000,0.000000,0.000000,0.000000,0.000000],[1.000000,0.000000,0.000000,0.000000,0.000000,0.000000],[1.000000,0.000000,0.000000,0.000000,0.000000,0.000000],[1.000000,0.000000,0.000000,0.000000,0.000000,0.000000],[1.000000,0.000000,0.000000,0.000000,0.000000,0.000000],[1.000000,0.000000,0.000000,0.000000,0.000000,0.000000],[1.000000,0.000000,0.000000,0.000000,0.000000,0.000000],[1.000000,0.000000,0.000000,0.000000,0.000000,0.000000],[1.000000,0.000000,0.000000,0.000000,0.000000,0.000000],[1.000000,0.000000,0.000000,0.000000,0.000000,0.000000],[1.000000,0.000000,0.000000,0.000000,0.000000,0.000000],[1.000000,0.000000,0.000000,0.000000,0.000000,0.000000],[1.000000,0.000000,0.000000,0.000000,0.000000,0.000000],[1.000000,0.000000,0.000000,0.000000,0.000000,0.000000],[1.000000,0.000000,0.000000,0.000000,0.000000,0.000000],[1.000000,0.000000,0.000000,0.000000,0.000000,0.000000],[1.000000,0.000000,0.000000,0.000000,0.000000,0.000000],[1.000000,0.000000,0.000000,0.000000,0.000000,0.000000]],
  [[1.000000,0.000000,0.000000,0.000000,0.000000,0.000000],[0.779565,0.085330,0.098316,0.006828,0.029961,0.000000],[0.757743,0.119250,0.084463,0.008006,0.030538,0.000000],[0.084680,0.100552,0.120506,0.008340,0.685922,0.000000],[1.000000,0.000000,0.000000,0.000000,0.000000,0.000000],[0.089676,0.082895,0.114838,0.008027,0.704563,0.000000],[0.780374,0.089677,0.092071,0.007174,0.030703,0.000000],[0.767471,0.107258,0.083640,0.008418,0.033213,0.000000],[0.756326,0.114892,0.085438,0.008967,0.034378,0.000000],[0.745958,0.124022,0.086675,0.009185,0.034159,0.000000],[0.089022,0.140533,0.097610,0.010711,0.662124,0.000000],[0.731523,0.138070,0.087993,0.009270,0.033144,0.000000],[0.086812,0.148456,0.096173,0.010728,0.657831,0.000000],[0.730790,0.138163,0.086985,0.009688,0.034374,0.000000],[0.723829,0.141524,0.088833,0.010956,0.034857,0.000000],[0.699842,0.160689,0.087013,0.011373,0.041084,0.000000],[0.686976,0.189146,0.061139,0.013114,0.049625,0.000000],[0.665904,0.211859,0.059627,0.013427,0.049182,0.000000],[0.111024,0.242494,0.035848,0.014907,0.595727,0.000000],[0.640785,0.235208,0.057040,0.014181,0.052787,0.000000],[0.658788,0.220710,0.056068,0.013824,0.050611,0.000000],[0.115922,0.220739,0.042011,0.014758,0.606570,0.000000],[0.663385,0.194336,0.086382,0.012297,0.043600,0.000000],[0.086044,0.190653,0.073180,0.012398,0.637725,0.000000],[0.676476,0.190996,0.079485,0.012098,0.040945,0.000000],[0.675592,0.191923,0.077193,0.012634,0.042658,0.000000],[0.661688,0.196844,0.083139,0.012999,0.045330,0.000000],[0.669934,0.199453,0.075978,0.012609,0.042025,0.000000],[0.666246,0.203703,0.078569,0.011941,0.039540,0.000000],[0.084784,0.201893,0.069513,0.012538,0.631272,0.000000],[0.656492,0.204291,0.085577,0.011969,0.041671,0.000000],[0.112595,0.220955,0.045137,0.014264,0.607048,0.000000],[0.678234,0.199048,0.062526,0.012675,0.047517,0.000000],[0.690646,0.186439,0.063017,0.012435,0.047463,0.000000],[0.692399,0.170529,0.084842,0.011440,0.040790,0.000000],[0.686208,0.177176,0.086719,0.010980,0.038916,0.000000],[0.113763,0.215640,0.047163,0.013982,0.609453,0.000000],[0.696568,0.181048,0.065302,0.011508,0.045575,0.000000],[0.754909,0.110568,0.084235,0.008663,0.041625,0.000000],[1.000000,0.000000,0.000000,0.000000,0.000000,0.000000]],
  [[1.000000,0.000000,0.000000,0.000000,0.000000,0.000000],[0.085057,0.142717,0.102938,0.009989,0.659299,0.000000],[0.105415,0.262918,0.000000,0.014352,0.617315,0.000000],[0.719043,0.160634,0.075716,0.010159,0.034447,0.000000],[1.000000,0.000000,0.000000,0.000000,0.000000,0.000000],[1.000000,0.000000,0.000000,0.000000,0.000000,0.000000],[0.767613,0.095627,0.096833,0.007718,0.032209,0.000000],[0.742070,0.135015,0.076968,0.010010,0.035936,0.000000],[0.720505,0.164348,0.065144,0.011538,0.038465,0.000000],[0.714974,0.226467,0.000000,0.013331,0.045228,0.000000],[0.699210,0.239790,0.000000,0.014160,0.046840,0.000000],[0.689220,0.253320,0.000000,0.013583,0.043877,0.000000],[0.105307,0.266869,0.000000,0.015496,0.612329,0.000000],[0.680150,0.261470,0.000000,0.015059,0.043321,0.000000],[0.676263,0.260474,0.000000,0.016347,0.046916,0.000000],[0.641506,0.285558,0.000000,0.017083,0.055853,0.000000],[0.628300,0.295112,0.000000,0.017817,0.058771,0.000000],[0.366155,0.431979,0.000000,0.028250,0.173616,0.000000],[0.112561,0.361220,0.000000,0.019436,0.506783,0.000000],[0.110429,0.365490,0.000000,0.019021,0.505060,0.000000],[0.357174,0.445989,0.000000,0.028090,0.168748,0.000000],[0.615873,0.310814,0.000000,0.017311,0.056002,0.000000],[0.601775,0.324112,0.000000,0.017434,0.056679,0.000000],[0.617970,0.308867,0.000000,0.017207,0.055957,0.000000],[0.117095,0.329983,0.000000,0.018704,0.534218,0.000000],[0.607777,0.317739,0.000000,0.017781,0.056704,0.000000],[0.582519,0.341054,0.000000,0.018459,0.057967,0.000000],[0.113184,0.339056,0.000000,0.018682,0.529078,0.000000],[0.110318,0.347299,0.000000,0.018234,0.524148,0.000000],[0.113840,0.336403,0.000000,0.018405,0.531352,0.000000],[0.593893,0.336005,0.000000,0.016755,0.053346,0.000000],[0.119270,0.321957,0.000000,0.018361,0.540412,0.000000],[0.386542,0.407952,0.000000,0.027121,0.178385,0.000000],[0.648838,0.279056,0.000000,0.016324,0.055782,0.000000],[0.102952,0.289369,0.000000,0.016426,0.591254,0.000000],[0.636963,0.298648,0.000000,0.015116,0.049273,0.000000],[0.119134,0.313469,0.000000,0.017354,0.550043,0.000000],[0.394976,0.405187,0.000000,0.025693,0.174144,0.000000],[0.700326,0.174284,0.067324,0.011572,0.046494,0.000000],[1.000000,0.000000,0.000000,0.000000,0.000000,0.000000]],
  [[1.000000,0.000000,0.000000,0.000000,0.000000,0.000000],[0.084496,0.146400,0.100897,0.010215,0.657992,0.000000],[0.712945,0.230769,0.000000,0.012859,0.043427,0.000000],[0.682073,0.200803,0.066488,0.012269,0.038367,0.000000],[0.086429,0.157063,0.090957,0.011235,0.654316,0.000000],[1.000000,0.000000,0.000000,0.000000,0.000000,0.000000],[1.000000,0.000000,0.000000,0.000000,0.000000,0.000000],[1.000000,0.000000,0.000000,0.000000,0.000000,0.000000],[0.696390,0.177975,0.075464,0.011836,0.038336,0.000000],[0.676592,0.263689,0.000000,0.014295,0.045424,0.000000],[0.099916,0.279364,0.000000,0.015757,0.604962,0.000000],[0.647156,0.289095,0.000000,0.015784,0.047964,0.000000],[0.646423,0.287691,0.000000,0.016351,0.049534,0.000000],[0.105278,0.295256,0.000000,0.018226,0.581240,0.000000],[0.599057,0.324335,0.000000,0.018748,0.057860,0.000000],[0.566725,0.348961,0.000000,0.020562,0.063751,0.000000],[0.550656,0.360761,0.000000,0.021488,0.067095,0.000000],[0.529484,0.385126,0.000000,0.021222,0.064167,0.000000],[0.510607,0.404329,0.000000,0.020779,0.064286,0.000000],[0.529016,0.392172,0.000000,0.019643,0.059169,0.000000],[0.108462,0.353469,0.000000,0.019456,0.518613,0.000000],[0.573541,0.344249,0.000000,0.020102,0.062108,0.000000],[0.557635,0.357101,0.000000,0.020893,0.064370,0.000000],[0.561983,0.357207,0.000000,0.020084,0.060726,0.000000],[0.326048,0.474921,0.000000,0.030368,0.168663,0.000000],[0.519682,0.400143,0.000000,0.020266,0.059909,0.000000],[0.087060,0.376690,0.000000,0.019364,0.516886,0.000000],[0.516530,0.401472,0.000000,0.020753,0.061245,0.000000],[0.320411,0.482600,0.000000,0.030370,0.166619,0.000000],[0.555214,0.364067,0.000000,0.020254,0.060465,0.000000],[0.552589,0.366757,0.000000,0.019957,0.060697,0.000000],[0.591720,0.328272,0.000000,0.019211,0.060797,0.000000],[0.602802,0.318050,0.000000,0.018760,0.060388,0.000000],[0.614711,0.307347,0.000000,0.018164,0.059778,0.000000],[0.607434,0.318885,0.000000,0.017724,0.055957,0.000000],[0.097101,0.303047,0.000000,0.016596,0.583256,0.000000],[0.618439,0.305928,0.000000,0.017444,0.058190,0.000000],[0.653714,0.276636,0.000000,0.015554,0.054096,0.000000],[0.115561,0.201833,0.052860,0.013763,0.615983,0.000000],[1.000000,0.000000,0.000000,0.000000,0.000000,0.000000]],
  [[1.000000,0.000000,0.000000,0.000000,0.000000,0.000000],[0.739955,0.127738,0.087994,0.009470,0.034843,0.000000],[0.711713,0.226923,0.000000,0.013993,0.047371,0.000000],[0.686559,0.250476,0.000000,0.014815,0.048149,0.000000],[0.087874,0.218271,0.060707,0.013518,0.619631,0.000000],[0.708999,0.160012,0.086717,0.010147,0.034125,0.000000],[1.000000,0.000000,0.000000,0.000000,0.000000,0.000000],[1.000000,0.000000,0.000000,0.000000,0.000000,0.000000],[0.083579,0.185124,0.093781,0.012284,0.625232,0.000000],[0.093159,0.321276,0.000000,0.015959,0.569606,0.000000],[0.091259,0.325751,0.000000,0.016433,0.566556,0.000000],[0.096124,0.320455,0.000000,0.017412,0.566009,0.000000],[0.613019,0.322564,0.000000,0.017906,0.046511,0.000000],[0.600996,0.331130,0.000000,0.019113,0.048761,0.000000],[0.559620,0.365152,0.000000,0.019287,0.055940,0.000000],[0.538038,0.374759,0.000000,0.021555,0.065648,0.000000],[0.515244,0.396103,0.000000,0.022525,0.066129,0.000000],[0.511503,0.401650,0.000000,0.022108,0.064740,0.000000],[0.085855,0.364173,0.000000,0.018646,0.531327,0.000000],[0.085535,0.350560,0.000000,0.017486,0.546419,0.000000],[0.558425,0.368640,0.000000,0.018753,0.054182,0.000000],[0.569395,0.354020,0.000000,0.019413,0.057172,0.000000],[0.559363,0.356122,0.000000,0.020823,0.063692,0.000000],[0.559580,0.359651,0.000000,0.020223,0.060546,0.000000],[0.105391,0.375739,0.000000,0.020488,0.498383,0.000000],[0.107648,0.423391,0.000000,0.021086,0.447876,0.000000],[0.101008,0.399030,0.000000,0.021504,0.478458,0.000000],[0.487586,0.423658,0.000000,0.022741,0.066015,0.000000],[0.522950,0.389663,0.000000,0.022057,0.065331,0.000000],[0.555873,0.361193,0.000000,0.020834,0.062099,0.000000],[0.557950,0.361979,0.000000,0.019782,0.060289,0.000000],[0.589785,0.333372,0.000000,0.019042,0.057801,0.000000],[0.602543,0.321499,0.000000,0.018551,0.057407,0.000000],[0.614769,0.308155,0.000000,0.018525,0.058551,0.000000],[0.612907,0.314202,0.000000,0.017528,0.055363,0.000000],[0.615203,0.312176,0.000000,0.017369,0.055252,0.000000],[0.621534,0.305934,0.000000,0.017111,0.055421,0.000000],[0.661863,0.269379,0.000000,0.015544,0.053213,0.000000],[0.703672,0.155383,0.090536,0.010664,0.039745,0.000000],[1.000000,0.000000,0.000000,0.000000,0.000000,0.000000]],
  [[1.000000,0.000000,0.000000,0.000000,0.000000,0.000000],[0.734842,0.129835,0.091158,0.010260,0.033905,0.000000],[0.700306,0.236733,0.000000,0.015681,0.047280,0.000000],[0.662301,0.271619,0.000000,0.017170,0.048910,0.000000],[0.580191,0.369963,0.000000,0.018507,0.031339,0.000000],[0.118922,0.339332,0.024312,0.029939,0.487494,0.000000],[0.141724,0.220735,0.083821,0.029134,0.524587,0.000000],[1.000000,0.000000,0.000000,0.000000,0.000000,0.000000],[0.151475,0.178989,0.077028,0.005254,0.587253,0.000000],[0.080450,0.350387,0.000000,0.017697,0.551466,0.000000],[0.139893,0.305120,0.000000,0.018096,0.536891,0.000000],[0.106172,0.316623,0.000000,0.030417,0.546789,0.000000],[0.547332,0.376415,0.000000,0.007867,0.068385,0.000000],[0.083050,0.386692,0.000000,0.007228,0.523031,0.000000],[0.118536,0.299534,0.000000,0.007745,0.574185,0.000000],[0.546093,0.393764,0.000000,0.032580,0.027563,0.000000],[0.314403,0.497714,0.000000,0.059733,0.128150,0.000000],[0.100930,0.391158,0.000000,0.020287,0.487625,0.000000],[0.481087,0.429562,0.000000,0.031350,0.058001,0.000000],[0.092513,0.333846,0.000000,0.018148,0.555494,0.000000],[0.094131,0.324710,0.000000,0.017681,0.563478,0.000000],[0.603251,0.331656,0.000000,0.018328,0.046766,0.000000],[0.582085,0.342685,0.000000,0.018868,0.056362,0.000000],[0.561311,0.363111,0.000000,0.019371,0.056208,0.000000],[0.090840,0.350292,0.000000,0.018867,0.540000,0.000000],[0.515468,0.402145,0.000000,0.021055,0.061332,0.000000],[0.311534,0.487145,0.000000,0.031871,0.169450,0.000000],[0.515268,0.396211,0.000000,0.022560,0.065961,0.000000],[0.523313,0.394831,0.000000,0.021151,0.060705,0.000000],[0.093373,0.327649,0.000000,0.018293,0.560686,0.000000],[0.580158,0.346273,0.000000,0.018542,0.055028,0.000000],[0.106435,0.299432,0.000000,0.019102,0.575031,0.000000],[0.633831,0.297202,0.000000,0.018725,0.050242,0.000000],[0.644289,0.285841,0.000000,0.018715,0.051155,0.000000],[0.643807,0.288327,0.000000,0.018159,0.049707,0.000000],[0.106695,0.289631,0.000000,0.017913,0.585761,0.000000],[0.652759,0.282032,0.000000,0.017139,0.048070,0.000000],[0.693644,0.244959,0.000000,0.015430,0.045968,0.000000],[0.729520,0.135504,0.089875,0.010584,0.034516,0.000000],[1.000000,0.000000,0.000000,0.000000,0.000000,0.000000]],
  [[1.000000,0.000000,0.000000,0.000000,0.000000,0.000000],[0.728188,0.136222,0.092066,0.010283,0.033242,0.000000],[0.667077,0.264681,0.000000,0.015475,0.052767,0.000000],[0.614161,0.310491,0.000000,0.018052,0.057297,0.000000],[0.529761,0.358432,0.000000,0.042211,0.069596,0.000000],[0.540551,0.373021,0.000000,0.030197,0.056231,0.000000],[0.127160,0.299874,0.019942,0.041558,0.511465,0.000000],[0.129106,0.181395,0.117984,0.030173,0.541340,0.000000],[0.081189,0.301568,0.022248,0.018247,0.576748,0.000000],[0.059032,0.362906,0.000000,0.030286,0.547777,0.000000],[0.077149,0.358300,0.000000,0.031131,0.533420,0.000000],[0.589204,0.344703,0.000000,0.019599,0.046495,0.000000],[0.064126,0.339666,0.000000,0.007703,0.588505,0.000000],[0.128149,0.387677,0.000000,0.031159,0.453016,0.000000],[0.496073,0.421393,0.000000,0.021043,0.061491,0.000000],[0.518428,0.385889,0.000000,0.033097,0.062586,0.000000],[0.140360,0.364098,0.000000,0.021326,0.474216,0.000000],[0.599349,0.341816,0.000000,0.009176,0.049660,0.000000],[0.513209,0.397365,0.000000,0.031227,0.058199,0.000000],[0.607318,0.327866,0.000000,0.018238,0.046578,0.000000],[0.096992,0.291491,0.000000,0.016284,0.595234,0.000000],[0.099145,0.305660,0.000000,0.017443,0.577752,0.000000],[0.104086,0.302331,0.000000,0.018557,0.575027,0.000000],[0.608913,0.321881,0.000000,0.019287,0.049918,0.000000],[0.572222,0.349417,0.000000,0.019859,0.058502,0.000000],[0.561547,0.358376,0.000000,0.020063,0.060014,0.000000],[0.548161,0.371085,0.000000,0.020528,0.060225,0.000000],[0.548870,0.372299,0.000000,0.019985,0.058846,0.000000],[0.549789,0.376678,0.000000,0.019111,0.054422,0.000000],[0.098084,0.326181,0.000000,0.019063,0.556672,0.000000],[0.608943,0.323943,0.000000,0.018764,0.048350,0.000000],[0.629170,0.301658,0.000000,0.018903,0.050269,0.000000],[0.637165,0.296290,0.000000,0.018038,0.048507,0.000000],[0.652197,0.278170,0.000000,0.017225,0.052408,0.000000],[0.651389,0.280945,0.000000,0.016734,0.050932,0.000000],[0.655390,0.277565,0.000000,0.016461,0.050584,0.000000],[0.102789,0.268761,0.000000,0.015800,0.612650,0.000000],[0.700140,0.238889,0.000000,0.014167,0.046805,0.000000],[0.737416,0.129938,0.087963,0.009631,0.035051,0.000000],[1.000000,0.000000,0.000000,0.000000,0.000000,0.000000]],
  [[1.000000,0.000000,0.000000,0.000000,0.000000,0.000000],[0.719579,0.146190,0.089386,0.010841,0.034004,0.000000],[0.105192,0.280282,0.000000,0.016654,0.597872,0.000000],[0.590068,0.329498,0.000000,0.019381,0.061053,0.000000],[0.554806,0.373952,0.000000,0.009036,0.062206,0.000000],[0.150510,0.431269,0.000000,0.008249,0.409972,0.000000],[0.500787,0.419783,0.000000,0.008687,0.070743,0.000000],[0.545770,0.376709,0.000000,0.008246,0.069274,0.000000],[0.493090,0.430506,0.000000,0.019338,0.057066,0.000000],[0.583097,0.340323,0.000000,0.007967,0.068613,0.000000],[0.558112,0.385718,0.000000,0.008446,0.047724,0.000000],[0.332985,0.445195,0.000000,0.024422,0.197399,0.000000],[0.065319,0.405469,0.000000,0.020335,0.508876,0.000000],[0.530554,0.375466,0.000000,0.044021,0.049958,0.000000],[0.497357,0.405397,0.000000,0.021853,0.075393,0.000000],[0.253116,0.500942,0.000000,0.037111,0.208831,0.000000],[0.575114,0.327992,0.000000,0.033010,0.063884,0.000000],[0.602091,0.328363,0.000000,0.009109,0.060437,0.000000],[0.075355,0.315656,0.000000,0.007345,0.601644,0.000000],[0.629779,0.303229,0.000000,0.018330,0.048662,0.000000],[0.648864,0.283477,0.000000,0.016859,0.050800,0.000000],[0.649977,0.284472,0.000000,0.016308,0.049243,0.000000],[0.646042,0.288129,0.000000,0.016434,0.049394,0.000000],[0.626858,0.308060,0.000000,0.017852,0.047230,0.000000],[0.591903,0.336238,0.000000,0.017896,0.053963,0.000000],[0.574386,0.354476,0.000000,0.018080,0.053058,0.000000],[0.087199,0.334285,0.000000,0.016725,0.561791,0.000000],[0.084314,0.341252,0.000000,0.016526,0.557907,0.000000],[0.084865,0.340460,0.000000,0.016552,0.558123,0.000000],[0.569439,0.358525,0.000000,0.018411,0.053625,0.000000],[0.589703,0.335426,0.000000,0.018662,0.056209,0.000000],[0.609227,0.313235,0.000000,0.018866,0.058672,0.000000],[0.634385,0.296863,0.000000,0.018662,0.050090,0.000000],[0.108508,0.288008,0.000000,0.018539,0.584946,0.000000],[0.639545,0.294336,0.000000,0.017818,0.048301,0.000000],[0.644204,0.290273,0.000000,0.017507,0.048016,0.000000],[0.651258,0.285676,0.000000,0.016660,0.046405,0.000000],[0.111542,0.272565,0.000000,0.016978,0.598915,0.000000],[0.736714,0.132051,0.086324,0.009727,0.035183,0.000000],[1.000000,0.000000,0.000000,0.000000,0.000000,0.000000]],
  [[1.000000,0.000000,0.000000,0.000000,0.000000,0.000000],[0.707400,0.160786,0.084908,0.011661,0.035245,0.000000],[0.622122,0.307406,0.000000,0.016985,0.053488,0.000000],[0.551510,0.367215,0.000000,0.020516,0.060760,0.000000],[0.361530,0.473628,0.000000,0.025001,0.139842,0.000000],[0.482415,0.432394,0.000000,0.021948,0.063244,0.000000],[0.504526,0.434003,0.000000,0.010226,0.051246,0.000000],[0.521891,0.361453,0.000000,0.021019,0.095637,0.000000],[0.514541,0.371395,0.000000,0.020447,0.093617,0.000000],[0.084784,0.360604,0.000000,0.007571,0.547041,0.000000],[0.605147,0.325364,0.000000,0.031807,0.037682,0.000000],[0.437753,0.401409,0.000000,0.043349,0.117488,0.000000],[0.514130,0.402982,0.000000,0.021029,0.061858,0.000000],[0.421759,0.447621,0.000000,0.055810,0.074810,0.000000],[0.496900,0.395300,0.000000,0.021800,0.085999,0.000000],[0.523320,0.391757,0.000000,0.021695,0.063228,0.000000],[0.611796,0.340061,0.000000,0.009319,0.038824,0.000000],[0.628332,0.258518,0.000000,0.019945,0.093205,0.000000],[0.630052,0.306250,0.000000,0.008204,0.055495,0.000000],[0.646355,0.285951,0.000000,0.018144,0.049550,0.000000],[0.665011,0.264523,0.000000,0.017149,0.053316,0.000000],[0.666811,0.262919,0.000000,0.017053,0.053217,0.000000],[0.660129,0.271164,0.000000,0.016811,0.051896,0.000000],[0.103257,0.294999,0.000000,0.017566,0.584178,0.000000],[0.099393,0.308655,0.000000,0.017516,0.574436,0.000000],[0.095624,0.318657,0.000000,0.017379,0.568340,0.000000],[0.094665,0.324825,0.000000,0.017721,0.562789,0.000000],[0.086132,0.330481,0.000000,0.016116,0.567272,0.000000],[0.103523,0.344855,0.000000,0.017824,0.533798,0.000000],[0.109668,0.338739,0.000000,0.018809,0.532784,0.000000],[0.592658,0.327536,0.000000,0.019348,0.060458,0.000000],[0.598314,0.323124,0.000000,0.019346,0.059216,0.000000],[0.603410,0.320777,0.000000,0.018586,0.057227,0.000000],[0.602879,0.323640,0.000000,0.018068,0.055414,0.000000],[0.601544,0.327199,0.000000,0.017531,0.053726,0.000000],[0.099532,0.296775,0.000000,0.016972,0.586721,0.000000],[0.620908,0.309508,0.000000,0.016602,0.052982,0.000000],[0.682549,0.259597,0.000000,0.014839,0.043015,0.000000],[0.729428,0.140038,0.087694,0.009414,0.033426,0.000000],[1.000000,0.000000,0.000000,0.000000,0.000000,0.000000]],
  [[1.000000,0.000000,0.000000,0.000000,0.000000,0.000000],[0.678980,0.186621,0.080029,0.012328,0.042041,0.000000],[0.585204,0.338827,0.000000,0.018404,0.057565,0.000000],[0.106452,0.375386,0.000000,0.021754,0.496408,0.000000],[0.406821,0.438752,0.000000,0.056437,0.097990,0.000000],[0.480798,0.432165,0.000000,0.022801,0.064237,0.000000],[0.275612,0.527068,0.000000,0.049153,0.148166,0.000000],[0.498402,0.440359,0.000000,0.021800,0.039438,0.000000],[0.165619,0.385621,0.000000,0.019969,0.428792,0.000000],[0.498543,0.421099,0.000000,0.020432,0.059926,0.000000],[0.521198,0.388259,0.000000,0.031637,0.058906,0.000000],[0.539961,0.381380,0.000000,0.020134,0.058525,0.000000],[0.154803,0.322669,0.000000,0.019800,0.502728,0.000000],[0.521759,0.405318,0.000000,0.009690,0.063233,0.000000],[0.308317,0.513133,0.000000,0.013523,0.165028,0.000000],[0.126714,0.339708,0.000000,0.032434,0.501144,0.000000],[0.584773,0.358723,0.000000,0.008600,0.047903,0.000000],[0.098315,0.339310,0.000000,0.018974,0.543400,0.000000],[0.705240,0.209080,0.000000,0.019228,0.066452,0.000000],[0.662202,0.267081,0.000000,0.017284,0.053433,0.000000],[0.670166,0.259841,0.000000,0.016917,0.053077,0.000000],[0.671224,0.258824,0.000000,0.016850,0.053102,0.000000],[0.665148,0.266493,0.000000,0.016592,0.051766,0.000000],[0.652619,0.282093,0.000000,0.016156,0.049132,0.000000],[0.098533,0.283895,0.000000,0.015909,0.601664,0.000000],[0.634376,0.302833,0.000000,0.015909,0.046882,0.000000],[0.619214,0.317072,0.000000,0.017593,0.046120,0.000000],[0.583008,0.346410,0.000000,0.017717,0.052866,0.000000],[0.582873,0.341559,0.000000,0.018577,0.056991,0.000000],[0.356999,0.437419,0.000000,0.029179,0.176403,0.000000],[0.588776,0.331206,0.000000,0.019482,0.060535,0.000000],[0.587797,0.332668,0.000000,0.019813,0.059722,0.000000],[0.590802,0.330004,0.000000,0.019684,0.059509,0.000000],[0.596131,0.324450,0.000000,0.019186,0.060233,0.000000],[0.113363,0.323488,0.000000,0.018681,0.544467,0.000000],[0.600855,0.324893,0.000000,0.017800,0.056452,0.000000],[0.609380,0.319845,0.000000,0.017120,0.053655,0.000000],[0.103715,0.294420,0.000000,0.016557,0.585308,0.000000],[0.084520,0.155593,0.095311,0.010672,0.653904,0.000000],[1.000000,0.000000,0.000000,0.000000,0.000000,0.000000]],
  [[1.000000,0.000000,0.000000,0.000000,0.000000,0.000000],[0.114348,0.219898,0.043853,0.014700,0.607200,0.000000],[0.575017,0.345574,0.000000,0.019070,0.060339,0.000000],[0.471136,0.434364,0.000000,0.024305,0.070195,0.000000],[0.399052,0.514746,0.000000,0.022642,0.063560,0.000000],[0.130442,0.499363,0.000000,0.010440,0.359755,0.000000],[0.122509,0.438251,0.000000,0.022517,0.416723,0.000000],[0.467418,0.423523,0.000000,0.045228,0.063830,0.000000],[0.509435,0.360702,0.000000,0.021510,0.108353,0.000000],[0.547982,0.372381,0.000000,0.031955,0.047681,0.000000],[0.207638,0.324454,0.000000,0.008317,0.459592,0.000000],[0.520454,0.392418,0.000000,0.020224,0.066904,0.000000],[0.108530,0.421770,0.000000,0.007639,0.462061,0.000000],[0.531118,0.377753,0.000000,0.043037,0.048093,0.000000],[0.577818,0.364635,0.000000,0.031769,0.025778,0.000000],[0.539006,0.380908,0.000000,0.008593,0.071493,0.000000],[0.613524,0.332244,0.000000,0.007937,0.046295,0.000000],[0.077622,0.300454,0.000000,0.031393,0.590531,0.000000],[0.630406,0.318469,0.000000,0.007637,0.043488,0.000000],[0.662534,0.269028,0.000000,0.016726,0.051713,0.000000],[0.666962,0.264994,0.000000,0.016519,0.051525,0.000000],[0.668238,0.263802,0.000000,0.016428,0.051532,0.000000],[0.666851,0.265117,0.000000,0.016445,0.051587,0.000000],[0.659381,0.273989,0.000000,0.016301,0.050330,0.000000],[0.655029,0.278053,0.000000,0.016458,0.050460,0.000000],[0.647825,0.284438,0.000000,0.016810,0.050927,0.000000],[0.105046,0.299945,0.000000,0.018453,0.576556,0.000000],[0.593999,0.334111,0.000000,0.017779,0.054111,0.000000],[0.593284,0.329699,0.000000,0.018626,0.058391,0.000000],[0.589190,0.331198,0.000000,0.019386,0.060227,0.000000],[0.591854,0.325945,0.000000,0.019912,0.062288,0.000000],[0.581122,0.338668,0.000000,0.020139,0.060071,0.000000],[0.574598,0.344852,0.000000,0.020407,0.060143,0.000000],[0.575305,0.343573,0.000000,0.020072,0.061051,0.000000],[0.359134,0.431266,0.000000,0.029701,0.179899,0.000000],[0.585067,0.337146,0.000000,0.018971,0.058816,0.000000],[0.098717,0.302917,0.000000,0.017160,0.581206,0.000000],[0.670174,0.272700,0.000000,0.014887,0.042240,0.000000],[0.084400,0.154962,0.095680,0.010641,0.654317,0.000000],[1.000000,0.000000,0.000000,0.000000,0.000000,0.000000]],
  [[1.000000,0.000000,0.000000,0.000000,0.000000,0.000000],[0.657962,0.219052,0.057041,0.014223,0.051722,0.000000],[0.348929,0.450540,0.000000,0.029323,0.171208,0.000000],[0.470391,0.437911,0.000000,0.024446,0.067252,0.000000],[0.465380,0.459544,0.000000,0.011179,0.063897,0.000000],[0.398276,0.492087,0.000000,0.034490,0.075146,0.000000],[0.452816,0.482945,0.000000,0.011630,0.052609,0.000000],[0.243369,0.570703,0.000000,0.037452,0.148476,0.000000],[0.565366,0.374224,0.000000,0.009890,0.050520,0.000000],[0.489369,0.431682,0.000000,0.008916,0.070033,0.000000],[0.581817,0.316409,0.000000,0.020031,0.081743,0.000000],[0.535916,0.397480,0.000000,0.019813,0.046791,0.000000],[0.566072,0.330874,0.000000,0.008670,0.094384,0.000000],[0.564840,0.356736,0.000000,0.031155,0.047269,0.000000],[0.133278,0.310599,0.000000,0.019264,0.536859,0.000000],[0.557560,0.342425,0.000000,0.019319,0.080696,0.000000],[0.612390,0.298994,0.000000,0.007668,0.080948,0.000000],[0.648819,0.276961,0.000000,0.019190,0.055031,0.000000],[0.645312,0.290579,0.000000,0.018817,0.045292,0.000000],[0.655956,0.277022,0.000000,0.016501,0.050521,0.000000],[0.104840,0.268289,0.000000,0.016391,0.610481,0.000000],[0.655857,0.279249,0.000000,0.015980,0.048915,0.000000],[0.659092,0.274282,0.000000,0.016303,0.050322,0.000000],[0.102068,0.272417,0.000000,0.015974,0.609542,0.000000],[0.654325,0.278529,0.000000,0.016556,0.050589,0.000000],[0.646412,0.287651,0.000000,0.016431,0.049507,0.000000],[0.630018,0.305080,0.000000,0.017727,0.047175,0.000000],[0.092440,0.305901,0.000000,0.016150,0.585509,0.000000],[0.094172,0.310205,0.000000,0.016930,0.578693,0.000000],[0.584571,0.340601,0.000000,0.018810,0.056019,0.000000],[0.582075,0.340355,0.000000,0.019544,0.058026,0.000000],[0.574914,0.344425,0.000000,0.020441,0.060220,0.000000],[0.550128,0.364592,0.000000,0.021392,0.063887,0.000000],[0.548656,0.362939,0.000000,0.021690,0.066716,0.000000],[0.545651,0.365935,0.000000,0.021746,0.066667,0.000000],[0.564529,0.350694,0.000000,0.020304,0.064473,0.000000],[0.589039,0.330691,0.000000,0.019042,0.061229,0.000000],[0.676652,0.262312,0.000000,0.015729,0.045307,0.000000],[0.732270,0.136208,0.086114,0.009940,0.035467,0.000000],[1.000000,0.000000,0.000000,0.000000,0.000000,0.000000]],
  [[1.000000,0.000000,0.000000,0.000000,0.000000,0.000000],[0.646762,0.224505,0.056663,0.015123,0.056947,0.000000],[0.562620,0.354652,0.000000,0.020153,0.062575,0.000000],[0.102267,0.404392,0.000000,0.022942,0.470398,0.000000],[0.460321,0.430097,0.000000,0.022532,0.087049,0.000000],[0.326105,0.452082,0.000000,0.037844,0.183970,0.000000],[0.516212,0.397370,0.000000,0.034196,0.052222,0.000000],[0.452698,0.462899,0.000000,0.021967,0.062436,0.000000],[0.124639,0.436353,0.000000,0.032255,0.406754,0.000000],[0.142637,0.353942,0.000000,0.007568,0.495853,0.000000],[0.555916,0.376314,0.000000,0.020128,0.047642,0.000000],[0.540557,0.402444,0.000000,0.008469,0.048531,0.000000],[0.082394,0.338554,0.000000,0.031856,0.547196,0.000000],[0.604332,0.305694,0.000000,0.019416,0.070558,0.000000],[0.098888,0.313986,0.000000,0.018924,0.568202,0.000000],[0.654038,0.271889,0.000000,0.019243,0.054831,0.000000],[0.162978,0.285212,0.000000,0.031505,0.520304,0.000000],[0.671664,0.275880,0.000000,0.019423,0.033033,0.000000],[0.685524,0.250004,0.000000,0.019534,0.044938,0.000000],[0.637294,0.296495,0.000000,0.017874,0.048336,0.000000],[0.103126,0.298205,0.000000,0.017689,0.580980,0.000000],[0.638268,0.299909,0.000000,0.016708,0.045115,0.000000],[0.101758,0.278420,0.000000,0.016230,0.603592,0.000000],[0.652469,0.282431,0.000000,0.016105,0.048995,0.000000],[0.104551,0.271436,0.000000,0.016514,0.607499,0.000000],[0.642589,0.291796,0.000000,0.017624,0.047991,0.000000],[0.102225,0.301945,0.000000,0.017919,0.577911,0.000000],[0.615529,0.320475,0.000000,0.017762,0.046235,0.000000],[0.603679,0.332957,0.000000,0.017825,0.045538,0.000000],[0.098979,0.320769,0.000000,0.018790,0.561462,0.000000],[0.590668,0.340589,0.000000,0.019663,0.049081,0.000000],[0.578319,0.347718,0.000000,0.021327,0.052636,0.000000],[0.530579,0.384896,0.000000,0.021634,0.062890,0.000000],[0.529590,0.380647,0.000000,0.022495,0.067268,0.000000],[0.533055,0.377661,0.000000,0.022254,0.067030,0.000000],[0.561159,0.351314,0.000000,0.021025,0.066501,0.000000],[0.592926,0.324896,0.000000,0.019426,0.062751,0.000000],[0.686182,0.249517,0.000000,0.016353,0.047948,0.000000],[0.738957,0.129059,0.085941,0.009931,0.036112,0.000000],[1.000000,0.000000,0.000000,0.000000,0.000000,0.000000]],
  [[1.000000,0.000000,0.000000,0.000000,0.000000,0.000000],[0.644852,0.226703,0.058538,0.014699,0.055208,0.000000],[0.566133,0.353848,0.000000,0.019391,0.060627,0.000000],[0.481870,0.426084,0.000000,0.023356,0.068690,0.000000],[0.459530,0.421304,0.000000,0.021685,0.097480,0.000000],[0.475597,0.463389,0.000000,0.010329,0.050685,0.000000],[0.412057,0.458542,0.000000,0.021582,0.107818,0.000000],[0.492829,0.402373,0.000000,0.032755,0.072043,0.000000],[0.455087,0.463931,0.000000,0.020799,0.060183,0.000000],[0.501883,0.418356,0.000000,0.031633,0.048128,0.000000],[0.120647,0.281253,0.000000,0.019278,0.578822,0.000000],[0.532525,0.399676,0.000000,0.019416,0.048383,0.000000],[0.375911,0.398426,0.000000,0.046603,0.179060,0.000000],[0.648148,0.297995,0.000000,0.018605,0.035252,0.000000],[0.659837,0.274930,0.000000,0.007227,0.058006,0.000000],[0.597638,0.351552,0.000000,0.007485,0.043326,0.000000],[0.631444,0.291087,0.000000,0.030560,0.046909,0.000000],[0.659158,0.262578,0.000000,0.019364,0.058899,0.000000],[0.657009,0.275977,0.000000,0.007973,0.059041,0.000000],[0.598222,0.327684,0.000000,0.018202,0.055891,0.000000],[0.599278,0.331255,0.000000,0.017081,0.052386,0.000000],[0.096874,0.313777,0.000000,0.017091,0.572258,0.000000],[0.640578,0.295205,0.000000,0.016103,0.048114,0.000000],[0.648754,0.285614,0.000000,0.016263,0.049368,0.000000],[0.653271,0.277044,0.000000,0.017133,0.052551,0.000000],[0.635993,0.299475,0.000000,0.017422,0.047110,0.000000],[0.598876,0.331272,0.000000,0.017190,0.052662,0.000000],[0.092046,0.319130,0.000000,0.016718,0.572106,0.000000],[0.568419,0.361368,0.000000,0.017943,0.052270,0.000000],[0.092120,0.328637,0.000000,0.017785,0.561458,0.000000],[0.539726,0.382925,0.000000,0.019669,0.057680,0.000000],[0.093345,0.338296,0.000000,0.019395,0.548964,0.000000],[0.506041,0.409882,0.000000,0.022136,0.061941,0.000000],[0.509230,0.403844,0.000000,0.022357,0.064570,0.000000],[0.324679,0.472206,0.000000,0.031171,0.171944,0.000000],[0.568256,0.352006,0.000000,0.019770,0.059967,0.000000],[0.604796,0.319074,0.000000,0.018460,0.057669,0.000000],[0.687892,0.249854,0.000000,0.015817,0.046438,0.000000],[0.740967,0.126615,0.086709,0.009801,0.035908,0.000000],[1.000000,0.000000,0.000000,0.000000,0.000000,0.000000]],
  [[1.000000,0.000000,0.000000,0.000000,0.000000,0.000000],[0.113529,0.233404,0.038113,0.014880,0.600073,0.000000],[0.357959,0.442243,0.000000,0.028628,0.171170,0.000000],[0.514552,0.399653,0.000000,0.021892,0.063903,0.000000],[0.118053,0.367451,0.000000,0.043771,0.470725,0.000000],[0.176927,0.364805,0.000000,0.020091,0.438176,0.000000],[0.454929,0.442522,0.000000,0.009440,0.093109,0.000000],[0.118379,0.417932,0.000000,0.019848,0.443841,0.000000],[0.404068,0.469827,0.000000,0.020783,0.105321,0.000000],[0.601343,0.283135,0.000000,0.031890,0.083632,0.000000],[0.495796,0.342129,0.000000,0.054310,0.107764,0.000000],[0.160853,0.317965,0.000000,0.019510,0.501672,0.000000],[0.530573,0.388472,0.000000,0.018755,0.062200,0.000000],[0.646566,0.262850,0.000000,0.006881,0.083702,0.000000],[0.522908,0.388385,0.000000,0.006860,0.081847,0.000000],[0.614480,0.310822,0.000000,0.007549,0.067149,0.000000],[0.591077,0.354730,0.000000,0.019073,0.035120,0.000000],[0.643042,0.277015,0.000000,0.019679,0.060264,0.000000],[0.604285,0.339317,0.000000,0.008185,0.048212,0.000000],[0.116681,0.324491,0.000000,0.019427,0.539400,0.000000],[0.584903,0.344616,0.000000,0.017619,0.052863,0.000000],[0.096059,0.322111,0.000000,0.017453,0.564377,0.000000],[0.092403,0.300850,0.000000,0.015482,0.591266,0.000000],[0.650194,0.285023,0.000000,0.016085,0.048697,0.000000],[0.660591,0.273867,0.000000,0.016063,0.049480,0.000000],[0.646160,0.289396,0.000000,0.017276,0.047167,0.000000],[0.093875,0.312798,0.000000,0.016366,0.576961,0.000000],[0.112002,0.336478,0.000000,0.018482,0.533039,0.000000],[0.572600,0.353542,0.000000,0.018406,0.055453,0.000000],[0.109648,0.351465,0.000000,0.019963,0.518923,0.000000],[0.522095,0.397428,0.000000,0.020789,0.059688,0.000000],[0.532458,0.383148,0.000000,0.021863,0.062531,0.000000],[0.504028,0.408965,0.000000,0.022513,0.064494,0.000000],[0.115072,0.417836,0.000000,0.022825,0.444266,0.000000],[0.107055,0.369709,0.000000,0.020953,0.502283,0.000000],[0.577002,0.343939,0.000000,0.019432,0.059627,0.000000],[0.101852,0.286777,0.000000,0.017124,0.594247,0.000000],[0.692933,0.245461,0.000000,0.015572,0.046034,0.000000],[0.742836,0.124966,0.086794,0.009692,0.035712,0.000000],[1.000000,0.000000,0.000000,0.000000,0.000000,0.000000]],
  [[1.000000,0.000000,0.000000,0.000000,0.000000,0.000000],[0.672844,0.205262,0.060723,0.013081,0.048090,0.000000],[0.113773,0.333952,0.000000,0.018309,0.533966,0.000000],[0.533267,0.385452,0.000000,0.020210,0.061070,0.000000],[0.523634,0.373416,0.000000,0.020530,0.082420,0.000000],[0.434582,0.462877,0.000000,0.009309,0.093232,0.000000],[0.428887,0.489795,0.000000,0.009529,0.071789,0.000000],[0.118053,0.373400,0.000000,0.008165,0.500382,0.000000],[0.531755,0.374687,0.000000,0.021097,0.072461,0.000000],[0.557964,0.336064,0.000000,0.032212,0.073760,0.000000],[0.376549,0.420063,0.000000,0.012429,0.190960,0.000000],[0.000000,0.000000,0.000000,0.000000,0.000000,1.000000],[0.000000,0.000000,0.000000,0.000000,0.000000,1.000000],[0.000000,0.000000,0.000000,0.000000,0.000000,1.000000],[0.000000,0.000000,0.000000,0.000000,0.000000,1.000000],[0.065844,0.335089,0.000000,0.006597,0.592470,0.000000],[0.578913,0.388634,0.000000,0.007851,0.024602,0.000000],[0.093309,0.269501,0.000000,0.019834,0.617357,0.000000],[0.351597,0.448196,0.000000,0.024013,0.176195,0.000000],[0.577133,0.342165,0.000000,0.019887,0.060814,0.000000],[0.574776,0.353794,0.000000,0.018070,0.053361,0.000000],[0.092703,0.328569,0.000000,0.017112,0.561616,0.000000],[0.086652,0.311450,0.000000,0.014818,0.587081,0.000000],[0.095734,0.296994,0.000000,0.015818,0.591454,0.000000],[0.644362,0.236235,0.063530,0.014335,0.041538,0.000000],[0.089157,0.215775,0.070695,0.014736,0.609637,0.000000],[0.616849,0.254023,0.068495,0.014930,0.045704,0.000000],[0.590723,0.288194,0.049154,0.016932,0.054996,0.000000],[0.344599,0.457929,0.000000,0.029060,0.168412,0.000000],[0.557408,0.365146,0.000000,0.019566,0.057880,0.000000],[0.510367,0.410149,0.000000,0.020725,0.058759,0.000000],[0.520819,0.395916,0.000000,0.021776,0.061490,0.000000],[0.304907,0.499702,0.000000,0.031505,0.163886,0.000000],[0.505401,0.409921,0.000000,0.021881,0.062797,0.000000],[0.522006,0.396972,0.000000,0.020917,0.060106,0.000000],[0.579839,0.344273,0.000000,0.018985,0.056904,0.000000],[0.624092,0.301433,0.000000,0.017674,0.056802,0.000000],[0.697664,0.241156,0.000000,0.015361,0.045820,0.000000],[0.744551,0.123244,0.087001,0.009592,0.035612,0.000000],[1.000000,0.000000,0.000000,0.000000,0.000000,0.000000]],
  [[1.000000,0.000000,0.000000,0.000000,0.000000,0.000000],[0.684466,0.181358,0.082505,0.011603,0.040069,0.000000],[0.620393,0.311947,0.000000,0.016353,0.051307,0.000000],[0.091985,0.336653,0.000000,0.018187,0.553175,0.000000],[0.114409,0.360843,0.000000,0.008333,0.516415,0.000000],[0.418869,0.442033,0.000000,0.032403,0.106694,0.000000],[0.592938,0.335501,0.000000,0.009649,0.061913,0.000000],[0.531535,0.385144,0.000000,0.021261,0.062060,0.000000],[0.510090,0.429505,0.000000,0.009727,0.050678,0.000000],[0.572048,0.332770,0.000000,0.032394,0.062788,0.000000],[0.092451,0.382565,0.000000,0.019365,0.505619,0.000000],[0.118774,0.374341,0.000000,0.018577,0.488307,0.000000],[0.553781,0.322507,0.000000,0.018240,0.105472,0.000000],[0.122991,0.320570,0.000000,0.042168,0.514271,0.000000],[0.556150,0.366314,0.000000,0.006869,0.070667,0.000000],[0.566482,0.354496,0.000000,0.019016,0.060006,0.000000],[0.561096,0.372420,0.000000,0.007895,0.058589,0.000000],[0.079580,0.332239,0.000000,0.007849,0.580332,0.000000],[0.684033,0.236535,0.000000,0.019944,0.059488,0.000000],[0.571874,0.344433,0.000000,0.020702,0.062991,0.000000],[0.575689,0.348458,0.000000,0.019111,0.056742,0.000000],[0.097984,0.320761,0.000000,0.018048,0.563207,0.000000],[0.089159,0.307944,0.000000,0.015203,0.587694,0.000000],[0.095641,0.299396,0.000000,0.015881,0.589082,0.000000],[0.644273,0.238731,0.063003,0.013878,0.040115,0.000000],[1.000000,0.000000,0.000000,0.000000,0.000000,0.000000],[1.000000,0.000000,0.000000,0.000000,0.000000,0.000000],[0.627998,0.251594,0.052399,0.015260,0.052749,0.000000],[0.591428,0.288101,0.048887,0.016855,0.054729,0.000000],[0.110234,0.348420,0.000000,0.018946,0.522400,0.000000],[0.087827,0.356577,0.000000,0.018452,0.537144,0.000000],[0.103377,0.376759,0.000000,0.020488,0.499376,0.000000],[0.507541,0.410139,0.000000,0.021139,0.061180,0.000000],[0.104284,0.374490,0.000000,0.020305,0.500921,0.000000],[0.542383,0.378107,0.000000,0.019954,0.059556,0.000000],[0.613847,0.317562,0.000000,0.018866,0.049726,0.000000],[0.656077,0.277540,0.000000,0.017469,0.048915,0.000000],[0.704607,0.235534,0.000000,0.014912,0.044947,0.000000],[0.747833,0.122179,0.085319,0.009457,0.035213,0.000000],[1.000000,0.000000,0.000000,0.000000,0.000000,0.000000]],
