[
  [[1.000000,0.000000,0.000000,0.000000,0.000000,0.000000],[1.000000,0.000000,0.000000,0.000000,0.000000,0.000000],[1.000000,0.000000,0.000000,0.000000,0.000000,0.000000],[1.000000,0.000000,0.000000,0.000000,0.000000,0.000000],[1.000000,0.000000,0.000000,0.000000,0.000000,0.000000],[1.000000,0.000000,0.000000,0.000000,0.000000,0.000000],[1.000000,0.000000,0.000000,0.000000,0.000000,0.000000],[1.000000,0.000000,0.000000,0.000000,0.000000,0.000000],[1.000000,0.000000,0.000000,0.000000,0.000000,0.000000],[1.000000,0.000000,0.000000,0.000000,0.000000,0.000000],[1.000000,0.000000,0.000000,0.000000,0.000000,0.000000],[1.000000,0.000000,0.000000,0.000000,0.000000,0.000000],[1.000000,0.000000,0.000000,0.000000,0.000000,0.000000],[1.000000,0.000000,0.000000,0.000000,0.000000,0.000000],[1.000000,0.000000,0.000000,0.000000,0.000000,0.000000],[1.000000,0.000000,0.000000,0.000000,0.000000,0.000000],[1.000000,0.000000,0.000000,0.000000,0.000000,0.000000],[1.000000,0.000000,0.000000,0.000000,0.000000,0.000000],[1.000000,0.000000,0.000000,0.000000,0.000000,0.000000],[1.000000,0.000000,0.000000,0.000000,0.000000,0.000000],[1.000000,0.000000,0.000000,0.000000,0.000000,0.000000],[1.000000,0.000000,0.000000,0.000000,0.000000,0.000000],[1.000000,0.000000,0.000000,0.000000,0.000000,0.000000],[1.000000,0.000000,0.000000,0.000000,0.000000,0.000000],[1.000000,0.000000,0.000000,0.000000,0.000000,0.000000],[1.000000,0.000000,0.000000,0.000000,0.000000,0.000000],[1.000000,0.000000,0.000000,0.000000,0.000000,0.000000],[1.000000,0.000000,0.000000,0.000000,0.000000,0.000000],[1.000000,0.000000,0.000000,0.000000,0.000000,0.000000],[1.000000,0.000000,0.000000,0.000000,0.000000,0.000000],[1.000000,0.000000,0.000000,0.000000,0.000000,0.000000],[1.000000,0.000000,0.000000,0.000000,0.000000,0.000000],[1.000000,0.000000,0.000000,0.000000,0.000000,0.000000],[1.000000,0.000000,0.000000,0.000000,0.000000,0.000000],[1.000000,0.000000,0.000000,0.000000,0.000000,0.000000],[1.000000,0.000000,0.000000,0.000000,0.000000,0.000000],[1.000000,0.000000,0.000000,0.000000,0.000000,0.000000],[1.000000,0.000000,0.000000,0.000000,0.000000,0.000000],[1.000000,0.000000,0.000000,0.000000,0.000000,0.000000],[1.000000,0.000000,0.000000,0.000000,0.000000,0.000000]],
  [[1.000000,0.000000,0.000000,0.000000,0.000000,0.000000],[0.838333,0.081402,0.037406,0.006914,0.035946,0.000000],[0.822795,0.111967,0.019775,0.007892,0.037571,0.000000],[0.814627,0.121443,0.017645,0.008203,0.038081,0.000000],[0.132631,0.151101,0.024701,0.010863,0.680703,0.000000],[0.821152,0.113476,0.019434,0.008011,0.037928,0.000000],[0.837726,0.080164,0.037681,0.007150,0.037279,0.000000],[1.000000,0.000000,0.000000,0.000000,0.000000,0.000000],[1.000000,0.000000,0.000000,0.000000,0.000000,0.000000],[0.846525,0.068988,0.041777,0.006675,0.036035,0.000000],[0.836631,0.085477,0.033383,0.007229,0.037280,0.000000],[0.829520,0.099206,0.024812,0.007816,0.038647,0.000000],[0.824675,0.104642,0.022769,0.008189,0.039724,0.000000],[0.816127,0.117124,0.020266,0.008833,0.037651,0.000000],[0.132731,0.154802,0.021960,0.010984,0.679523,0.000000],[0.799096,0.133107,0.015943,0.008840,0.043014,0.000000],[0.798006,0.134302,0.015376,0.008912,0.043404,0.000000],[0.134155,0.158150,0.019833,0.011134,0.676728,0.000000],[0.132331,0.165295,0.018859,0.011122,0.672392,0.000000],[0.133368,0.175725,0.016055,0.011327,0.663524,0.000000],[0.164948,0.174883,0.011769,0.011969,0.636432,0.000000],[0.789557,0.142197,0.009419,0.009248,0.049578,0.000000],[0.169039,0.158049,0.010562,0.011741,0.650609,0.000000],[0.800433,0.130683,0.017255,0.008751,0.042878,0.000000],[0.800496,0.127317,0.019022,0.008969,0.044196,0.000000],[0.801332,0.128875,0.016883,0.008933,0.043977,0.000000],[0.799995,0.131441,0.015379,0.008985,0.044200,0.000000],[0.136176,0.153580,0.020305,0.011168,0.678770,0.000000],[0.809744,0.120879,0.019010,0.008380,0.041986,0.000000],[0.832645,0.090406,0.033742,0.007694,0.035513,0.000000],[0.835643,0.082276,0.038364,0.007075,0.036642,0.000000],[1.000000,0.000000,0.000000,0.000000,0.000000,0.000000],[0.824721,0.102869,0.027607,0.007627,0.037176,0.000000],[0.813330,0.122249,0.018666,0.008769,0.036987,0.000000],[0.132693,0.154351,0.022099,0.010978,0.679879,0.000000],[0.799167,0.132861,0.016036,0.008830,0.043106,0.000000],[0.799975,0.132629,0.015274,0.008829,0.043293,0.000000],[0.809870,0.121647,0.017753,0.008433,0.042297,0.000000],[0.824868,0.090354,0.038265,0.007244,0.039269,0.000000],[1.000000,0.000000,0.000000,0.000000,0.000000,0.000000]],
  [[1.000000,0.000000,0.000000,0.000000,0.000000,0.000000],[0.135601,0.133626,0.031134,0.010588,0.689051,0.000000],[0.808333,0.140051,0.000000,0.009098,0.042518,0.000000],[0.143791,0.193684,0.000000,0.012436,0.650088,0.000000],[0.143832,0.194658,0.000000,0.012485,0.649025,0.000000],[0.800757,0.147548,0.000000,0.009279,0.042416,0.000000],[0.818337,0.116029,0.015686,0.008722,0.041226,0.000000],[1.000000,0.000000,0.000000,0.000000,0.000000,0.000000],[1.000000,0.000000,0.000000,0.000000,0.000000,0.000000],[1.000000,0.000000,0.000000,0.000000,0.000000,0.000000],[0.824007,0.110335,0.017248,0.008350,0.040060,0.000000],[0.814915,0.132764,0.000000,0.009051,0.043270,0.000000],[0.804831,0.142263,0.000000,0.009373,0.043534,0.000000],[0.788158,0.161365,0.000000,0.010041,0.040436,0.000000],[0.766728,0.178144,0.000000,0.009932,0.045196,0.000000],[0.166342,0.209382,0.000000,0.013208,0.611069,0.000000],[0.773058,0.166069,0.000000,0.010348,0.050524,0.000000],[0.771459,0.164060,0.000000,0.010599,0.053882,0.000000],[0.765392,0.170914,0.000000,0.010592,0.053101,0.000000],[0.756370,0.180204,0.000000,0.010750,0.052675,0.000000],[0.193919,0.233106,0.000000,0.014808,0.558167,0.000000],[0.517615,0.272400,0.000000,0.019663,0.190322,0.000000],[0.776355,0.161420,0.000000,0.010430,0.051795,0.000000],[0.775526,0.166902,0.000000,0.010083,0.047489,0.000000],[0.149007,0.184788,0.000000,0.012829,0.653377,0.000000],[0.773515,0.163532,0.000000,0.010715,0.052238,0.000000],[0.743846,0.150934,0.043949,0.010307,0.050963,0.000000],[0.748218,0.150007,0.043184,0.009803,0.048787,0.000000],[0.800932,0.133128,0.015014,0.008613,0.042312,0.000000],[0.825249,0.106142,0.024768,0.008096,0.035745,0.000000],[1.000000,0.000000,0.000000,0.000000,0.000000,0.000000],[0.132500,0.151032,0.024852,0.010821,0.680795,0.000000],[0.138602,0.188414,0.019613,0.012556,0.640816,0.000000],[0.789493,0.158747,0.000000,0.010228,0.041532,0.000000],[0.768344,0.174645,0.000000,0.010154,0.046857,0.000000],[0.171020,0.205396,0.000000,0.013426,0.610159,0.000000],[0.774348,0.164861,0.000000,0.010260,0.050531,0.000000],[0.177196,0.186136,0.000000,0.013047,0.623621,0.000000],[0.810704,0.120688,0.018102,0.008376,0.042129,0.000000],[1.000000,0.000000,0.000000,0.000000,0.000000,0.000000]],
  [[1.000000,0.000000,0.000000,0.000000,0.000000,0.000000],[0.817898,0.115572,0.019683,0.008214,0.038634,0.000000],[0.795606,0.151413,0.000000,0.009583,0.043398,0.000000],[0.776905,0.169346,0.000000,0.010104,0.043645,0.000000],[0.144285,0.197658,0.000000,0.012929,0.645127,0.000000],[0.784577,0.161584,0.000000,0.009976,0.043862,0.000000],[0.800022,0.133413,0.013844,0.009504,0.043217,0.000000],[0.807648,0.127611,0.015057,0.008882,0.040802,0.000000],[0.820234,0.102321,0.029832,0.008119,0.039494,0.000000],[1.000000,0.000000,0.000000,0.000000,0.000000,0.000000],[0.819356,0.107944,0.023154,0.008548,0.040998,0.000000],[0.805488,0.129083,0.013793,0.009214,0.042422,0.000000],[0.149629,0.180456,0.000000,0.012722,0.657193,0.000000],[0.148234,0.208883,0.000000,0.013945,0.628938,0.000000],[0.139123,0.217762,0.000000,0.013064,0.630051,0.000000],[0.167411,0.216354,0.000000,0.013872,0.602362,0.000000],[0.532606,0.249429,0.000000,0.019869,0.198096,0.000000],[0.759116,0.168889,0.000000,0.011986,0.060009,0.000000],[0.756740,0.170649,0.000000,0.012110,0.060502,0.000000],[0.528285,0.252833,0.000000,0.020221,0.198661,0.000000],[0.731198,0.194403,0.000000,0.012573,0.061826,0.000000],[0.747312,0.184325,0.000000,0.011727,0.056635,0.000000],[0.177209,0.193165,0.000000,0.013921,0.615704,0.000000],[0.767430,0.170751,0.000000,0.010936,0.050883,0.000000],[0.765818,0.169932,0.000000,0.011330,0.052921,0.000000],[0.757889,0.175592,0.000000,0.011632,0.054887,0.000000],[0.377439,0.151213,0.316034,0.016029,0.139285,0.000000],[1.000000,0.000000,0.000000,0.000000,0.000000,0.000000],[0.127762,0.112837,0.046158,0.009728,0.703514,0.000000],[1.000000,0.000000,0.000000,0.000000,0.000000,0.000000],[1.000000,0.000000,0.000000,0.000000,0.000000,0.000000],[0.131385,0.159949,0.022128,0.011078,0.675460,0.000000],[0.779796,0.170159,0.000000,0.010145,0.039899,0.000000],[0.143312,0.201383,0.000000,0.012975,0.642330,0.000000],[0.746571,0.190254,0.000000,0.011310,0.051865,0.000000],[0.174376,0.214827,0.000000,0.014270,0.596527,0.000000],[0.515538,0.272502,0.000000,0.020084,0.191877,0.000000],[0.777857,0.156857,0.000000,0.010534,0.054751,0.000000],[0.804572,0.126233,0.016728,0.008784,0.043683,0.000000],[1.000000,0.000000,0.000000,0.000000,0.000000,0.000000]],
  [[1.000000,0.000000,0.000000,0.000000,0.000000,0.000000],[0.815203,0.118281,0.019686,0.008920,0.037910,0.000000],[0.154107,0.194467,0.000000,0.013890,0.637535,0.000000],[0.769313,0.177892,0.000000,0.010874,0.041920,0.000000],[0.145235,0.217973,0.000000,0.014055,0.622737,0.000000],[0.772022,0.175885,0.000000,0.010715,0.041379,0.000000],[0.154073,0.195375,0.000000,0.014086,0.636466,0.000000],[0.789677,0.158393,0.000000,0.010289,0.041641,0.000000],[0.144423,0.176143,0.019780,0.012937,0.646716,0.000000],[0.804447,0.131805,0.015673,0.009354,0.038720,0.000000],[1.000000,0.000000,0.000000,0.000000,0.000000,0.000000],[0.806187,0.128330,0.016209,0.009547,0.039726,0.000000],[0.788091,0.147957,0.014282,0.009943,0.039727,0.000000],[0.772353,0.175664,0.000000,0.010643,0.041339,0.000000],[0.138718,0.218382,0.000000,0.013052,0.629848,0.000000],[0.745578,0.187693,0.000000,0.011546,0.055182,0.000000],[0.743682,0.186920,0.000000,0.011959,0.057438,0.000000],[0.739680,0.186470,0.000000,0.012373,0.061478,0.000000],[0.738977,0.186993,0.000000,0.012409,0.061620,0.000000],[0.737732,0.188049,0.000000,0.012469,0.061749,0.000000],[0.170673,0.212388,0.000000,0.014249,0.602690,0.000000],[0.743664,0.190691,0.000000,0.011774,0.053871,0.000000],[0.760241,0.176497,0.000000,0.011329,0.051933,0.000000],[0.769235,0.167384,0.000000,0.011167,0.052213,0.000000],[0.764888,0.170540,0.000000,0.011414,0.053158,0.000000],[0.758069,0.175019,0.000000,0.011677,0.055235,0.000000],[0.735830,0.158125,0.042410,0.010827,0.052808,0.000000],[1.000000,0.000000,0.000000,0.000000,0.000000,0.000000],[1.000000,0.000000,0.000000,0.000000,0.000000,0.000000],[1.000000,0.000000,0.000000,0.000000,0.000000,0.000000],[1.000000,0.000000,0.000000,0.000000,0.000000,0.000000],[0.794973,0.141541,0.014132,0.009056,0.040298,0.000000],[0.145022,0.215851,0.000000,0.013719,0.625408,0.000000],[0.759703,0.179346,0.000000,0.011000,0.049951,0.000000],[0.755340,0.177719,0.000000,0.011357,0.055583,0.000000],[0.197285,0.224011,0.000000,0.015125,0.563578,0.000000],[0.742241,0.185331,0.000000,0.011989,0.060439,0.000000],[0.780221,0.153000,0.000000,0.010693,0.056086,0.000000],[0.806581,0.122156,0.017966,0.008875,0.044422,0.000000],[1.000000,0.000000,0.000000,0.000000,0.000000,0.000000]],
  [[1.000000,0.000000,0.000000,0.000000,0.000000,0.000000],[0.796881,0.136288,0.015835,0.008738,0.042257,0.000000],[0.769475,0.174018,0.000000,0.010084,0.046423,0.000000],[0.138217,0.214887,0.000000,0.012896,0.634000,0.000000],[0.137418,0.214124,0.000000,0.012861,0.635597,0.000000],[0.137289,0.212105,0.000000,0.012739,0.637867,0.000000],[0.764365,0.175670,0.000000,0.010784,0.049181,0.000000],[0.764120,0.177924,0.000000,0.010444,0.047511,0.000000],[0.143518,0.198037,0.000000,0.012716,0.645730,0.000000],[0.777841,0.153891,0.013922,0.009626,0.044720,0.000000],[0.805983,0.126824,0.016198,0.009840,0.041154,0.000000],[1.000000,0.000000,0.000000,0.000000,0.000000,0.000000],[0.788321,0.139980,0.015709,0.009704,0.046285,0.000000],[0.135182,0.183292,0.017534,0.012173,0.651818,0.000000],[0.752571,0.184150,0.000000,0.011235,0.052044,0.000000],[0.738169,0.193929,0.000000,0.011935,0.055967,0.000000],[0.176724,0.210502,0.000000,0.014674,0.598099,0.000000],[0.174537,0.220863,0.000000,0.014796,0.589804,0.000000],[0.720189,0.204763,0.000000,0.012681,0.062366,0.000000],[0.145151,0.225659,0.000000,0.014190,0.614999,0.000000],[0.728341,0.206955,0.000000,0.011943,0.052761,0.000000],[0.142441,0.214676,0.000000,0.013507,0.629377,0.000000],[0.756748,0.181182,0.000000,0.011231,0.050839,0.000000],[0.769323,0.167506,0.000000,0.011161,0.052010,0.000000],[0.761237,0.172019,0.000000,0.011541,0.055204,0.000000],[0.150228,0.193202,0.000000,0.013422,0.643148,0.000000],[0.750558,0.167745,0.022073,0.010568,0.049057,0.000000],[0.134120,0.176076,0.017666,0.011804,0.660333,0.000000],[0.127612,0.164937,0.021687,0.010998,0.674766,0.000000],[0.804696,0.129283,0.017888,0.009369,0.038763,0.000000],[0.796942,0.137872,0.015343,0.009808,0.040035,0.000000],[0.142072,0.184721,0.019655,0.013095,0.640457,0.000000],[0.151401,0.203689,0.000000,0.014063,0.630848,0.000000],[0.764968,0.173192,0.000000,0.011032,0.050808,0.000000],[0.765912,0.165266,0.000000,0.011385,0.057437,0.000000],[0.545611,0.232205,0.000000,0.019264,0.202921,0.000000],[0.762770,0.169858,0.000000,0.011196,0.056176,0.000000],[0.772602,0.166420,0.000000,0.010373,0.050605,0.000000],[0.801875,0.128923,0.018219,0.008629,0.042354,0.000000],[1.000000,0.000000,0.000000,0.000000,0.000000,0.000000]],
  [[1.000000,0.000000,0.000000,0.000000,0.000000,0.000000],[0.166602,0.165094,0.010906,0.011777,0.645621,0.000000],[0.171652,0.207372,0.000000,0.013523,0.607453,0.000000],[0.761436,0.174709,0.000000,0.011065,0.052790,0.000000],[0.755302,0.184701,0.000000,0.010930,0.049066,0.000000],[0.143340,0.200485,0.000000,0.013001,0.643174,0.000000],[0.771810,0.164397,0.000000,0.010851,0.052942,0.000000],[0.771879,0.164398,0.000000,0.010830,0.052894,0.000000],[0.171863,0.193323,0.000000,0.013356,0.621458,0.000000],[0.772305,0.169362,0.000000,0.010322,0.048010,0.000000],[0.794875,0.139113,0.014431,0.010132,0.041449,0.000000],[0.802711,0.131034,0.016014,0.009779,0.040462,0.000000],[1.000000,0.000000,0.000000,0.000000,0.000000,0.000000],[0.782426,0.144801,0.013532,0.009786,0.049455,0.000000],[0.165292,0.188844,0.015971,0.013177,0.616715,0.000000],[0.756394,0.176300,0.000000,0.011438,0.055869,0.000000],[0.751311,0.179442,0.000000,0.011787,0.057459,0.000000],[0.509149,0.280066,0.000000,0.020705,0.190080,0.000000],[0.167384,0.234018,0.000000,0.014618,0.583980,0.000000],[0.170580,0.230111,0.000000,0.014860,0.584449,0.000000],[0.735177,0.199749,0.000000,0.011855,0.053219,0.000000],[0.168378,0.221255,0.000000,0.014252,0.596115,0.000000],[0.141858,0.210381,0.000000,0.013255,0.634506,0.000000],[0.767482,0.169066,0.000000,0.011244,0.052208,0.000000],[0.776199,0.158732,0.000000,0.010931,0.054138,0.000000],[0.776613,0.158928,0.000000,0.010837,0.053622,0.000000],[0.771501,0.166979,0.000000,0.010513,0.051007,0.000000],[0.140524,0.208214,0.000000,0.012793,0.638470,0.000000],[0.759335,0.185961,0.000000,0.010007,0.044698,0.000000],[0.140764,0.206769,0.000000,0.012698,0.639769,0.000000],[0.769209,0.172144,0.000000,0.010459,0.048188,0.000000],[0.769429,0.171817,0.000000,0.010465,0.048289,0.000000],[0.768289,0.172511,0.000000,0.010551,0.048649,0.000000],[0.769206,0.169546,0.000000,0.010837,0.050411,0.000000],[0.781321,0.152770,0.000000,0.010912,0.054997,0.000000],[0.780997,0.153153,0.000000,0.010897,0.054954,0.000000],[0.779901,0.155840,0.000000,0.010670,0.053589,0.000000],[0.146028,0.189588,0.000000,0.012511,0.651874,0.000000],[0.139070,0.154402,0.027593,0.011847,0.667088,0.000000],[1.000000,0.000000,0.000000,0.000000,0.000000,0.000000]],
  [[1.000000,0.000000,0.000000,0.000000,0.000000,0.000000],[0.793627,0.142640,0.008890,0.008892,0.045951,0.000000],[0.520776,0.269969,0.000000,0.019414,0.189840,0.000000],[0.763722,0.170726,0.000000,0.011237,0.054315,0.000000],[0.766238,0.169956,0.000000,0.011274,0.052531,0.000000],[0.768754,0.168016,0.000000,0.011144,0.052086,0.000000],[0.773729,0.160721,0.000000,0.011009,0.054542,0.000000],[0.549344,0.228937,0.000000,0.018965,0.202754,0.000000],[0.775486,0.159376,0.000000,0.010913,0.054226,0.000000],[0.771521,0.167905,0.000000,0.010669,0.049906,0.000000],[0.154243,0.193810,0.000000,0.013947,0.637999,0.000000],[0.791367,0.143657,0.014273,0.010047,0.040656,0.000000],[0.788367,0.140237,0.015203,0.009711,0.046482,0.000000],[1.000000,0.000000,0.000000,0.000000,0.000000,0.000000],[0.500445,0.173510,0.127148,0.016866,0.182031,0.000000],[0.764085,0.147390,0.024147,0.010413,0.053964,0.000000],[0.750940,0.149648,0.032139,0.010944,0.056328,0.000000],[0.758522,0.177505,0.000000,0.011168,0.052805,0.000000],[0.169609,0.223689,0.000000,0.014411,0.592292,0.000000],[0.727729,0.204284,0.000000,0.012159,0.055828,0.000000],[0.495768,0.297008,0.000000,0.021251,0.185973,0.000000],[0.166620,0.231100,0.000000,0.014363,0.587917,0.000000],[0.747102,0.191019,0.000000,0.011407,0.050472,0.000000],[0.761577,0.175566,0.000000,0.011250,0.051607,0.000000],[0.774272,0.160269,0.000000,0.011014,0.054445,0.000000],[0.550255,0.227871,0.000000,0.018919,0.202955,0.000000],[0.774309,0.160460,0.000000,0.010991,0.054240,0.000000],[0.761260,0.178126,0.000000,0.010925,0.049688,0.000000],[0.138271,0.214665,0.000000,0.012889,0.634175,0.000000],[0.165866,0.210137,0.000000,0.013496,0.610501,0.000000],[0.768170,0.167384,0.000000,0.011031,0.053415,0.000000],[0.775369,0.159590,0.000000,0.010944,0.054097,0.000000],[0.148750,0.186005,0.000000,0.013034,0.652211,0.000000],[0.772199,0.167128,0.000000,0.010691,0.049982,0.000000],[0.777140,0.161392,0.000000,0.010716,0.050752,0.000000],[0.778278,0.160462,0.000000,0.010645,0.050616,0.000000],[0.780086,0.158923,0.000000,0.010549,0.050441,0.000000],[0.788094,0.155249,0.000000,0.009719,0.046938,0.000000],[0.815247,0.118547,0.021011,0.008608,0.036586,0.000000],[1.000000,0.000000,0.000000,0.000000,0.000000,0.000000]],
  [[1.000000,0.000000,0.000000,0.000000,0.000000,0.000000],[0.166607,0.165032,0.010901,0.011776,0.645684,0.000000],[0.175376,0.200474,0.000000,0.013596,0.610554,0.000000],[0.764117,0.166716,0.000000,0.011432,0.057736,0.000000],[0.765204,0.167271,0.000000,0.011546,0.055979,0.000000],[0.766680,0.166253,0.000000,0.011452,0.055615,0.000000],[0.766634,0.161168,0.000000,0.011486,0.060713,0.000000],[0.766046,0.161749,0.000000,0.011497,0.060708,0.000000],[0.773670,0.157340,0.000000,0.011192,0.057799,0.000000],[0.768276,0.167153,0.000000,0.011070,0.053502,0.000000],[0.771027,0.170303,0.000000,0.010398,0.048271,0.000000],[0.151257,0.200574,0.000000,0.013850,0.634318,0.000000],[0.774981,0.155840,0.014146,0.009772,0.045261,0.000000],[0.794758,0.136804,0.009309,0.009554,0.049575,0.000000],[1.000000,0.000000,0.000000,0.000000,0.000000,0.000000],[1.000000,0.000000,0.000000,0.000000,0.000000,0.000000],[0.784517,0.139895,0.017325,0.009809,0.048453,0.000000],[0.761470,0.161962,0.020338,0.010116,0.046114,0.000000],[0.145198,0.208924,0.000000,0.013476,0.632402,0.000000],[0.741362,0.189044,0.000000,0.012084,0.057511,0.000000],[0.169989,0.226557,0.000000,0.014591,0.588863,0.000000],[0.169365,0.222482,0.000000,0.014371,0.593782,0.000000],[0.744217,0.190046,0.000000,0.011777,0.053960,0.000000],[0.757477,0.175631,0.000000,0.011670,0.055221,0.000000],[0.176720,0.190875,0.000000,0.013767,0.618639,0.000000],[0.768988,0.163078,0.000000,0.011186,0.056747,0.000000],[0.774737,0.156572,0.000000,0.011177,0.057514,0.000000],[0.767501,0.170964,0.000000,0.010928,0.050607,0.000000],[0.144119,0.201325,0.000000,0.013059,0.641497,0.000000],[0.764115,0.172562,0.000000,0.010946,0.052377,0.000000],[0.537895,0.243779,0.000000,0.019447,0.198879,0.000000],[0.768621,0.166811,0.000000,0.011006,0.053562,0.000000],[0.767196,0.171111,0.000000,0.010942,0.050750,0.000000],[0.782809,0.161312,0.000000,0.011090,0.044789,0.000000],[0.157099,0.186683,0.000000,0.014091,0.642127,0.000000],[0.790196,0.153628,0.000000,0.010980,0.045196,0.000000],[0.795242,0.147798,0.000000,0.010994,0.045966,0.000000],[0.805853,0.140135,0.000000,0.010256,0.043756,0.000000],[0.820369,0.110339,0.022471,0.008757,0.038064,0.000000],[1.000000,0.000000,0.000000,0.000000,0.000000,0.000000]],
  [[1.000000,0.000000,0.000000,0.000000,0.000000,0.000000],[0.792525,0.141939,0.015171,0.008699,0.041665,0.000000],[0.768501,0.174769,0.000000,0.010091,0.046639,0.000000],[0.758321,0.176777,0.000000,0.011296,0.053606,0.000000],[0.769407,0.160321,0.000000,0.011450,0.058822,0.000000],[0.768999,0.160897,0.000000,0.011438,0.058665,0.000000],[0.763647,0.163623,0.000000,0.011614,0.061116,0.000000],[0.765737,0.161959,0.000000,0.011502,0.060802,0.000000],[0.774148,0.156916,0.000000,0.011157,0.057778,0.000000],[0.778415,0.153627,0.000000,0.010961,0.056997,0.000000],[0.772490,0.167093,0.000000,0.010643,0.049774,0.000000],[0.154272,0.195125,0.000000,0.014058,0.636545,0.000000],[0.772391,0.169325,0.000000,0.010324,0.047960,0.000000],[0.136839,0.173293,0.017532,0.011851,0.660485,0.000000],[0.800338,0.119009,0.029533,0.008576,0.042544,0.000000],[1.000000,0.000000,0.000000,0.000000,0.000000,0.000000],[1.000000,0.000000,0.000000,0.000000,0.000000,0.000000],[0.142850,0.168373,0.021021,0.012670,0.655086,0.000000],[0.765520,0.174815,0.000000,0.010656,0.049010,0.000000],[0.744060,0.192383,0.000000,0.011437,0.052120,0.000000],[0.733057,0.203294,0.000000,0.011681,0.051968,0.000000],[0.143938,0.218433,0.000000,0.013731,0.623898,0.000000],[0.741336,0.188779,0.000000,0.012137,0.057748,0.000000],[0.756027,0.171402,0.000000,0.011820,0.060751,0.000000],[0.764343,0.166721,0.000000,0.011435,0.057501,0.000000],[0.768299,0.163511,0.000000,0.011238,0.056952,0.000000],[0.769456,0.164191,0.000000,0.011334,0.055019,0.000000],[0.773733,0.163921,0.000000,0.010917,0.051429,0.000000],[0.772806,0.164837,0.000000,0.010951,0.051406,0.000000],[0.774460,0.160232,0.000000,0.010990,0.054318,0.000000],[0.762006,0.170530,0.000000,0.011284,0.056180,0.000000],[0.174194,0.199011,0.000000,0.013831,0.612964,0.000000],[0.757863,0.177293,0.000000,0.011348,0.053496,0.000000],[0.769603,0.167386,0.000000,0.011099,0.051912,0.000000],[0.768377,0.166896,0.000000,0.011107,0.053620,0.000000],[0.774354,0.163438,0.000000,0.010860,0.051347,0.000000],[0.776327,0.161821,0.000000,0.010760,0.051092,0.000000],[0.784799,0.157742,0.000000,0.009895,0.047564,0.000000],[0.803948,0.126608,0.019006,0.008527,0.041911,0.000000],[1.000000,0.000000,0.000000,0.000000,0.000000,0.000000]],
  [[1.000000,0.000000,0.000000,0.000000,0.000000,0.000000],[0.137490,0.163849,0.024734,0.011984,0.661943,0.000000],[0.151608,0.203750,0.000000,0.013896,0.630745,0.000000],[0.763346,0.174344,0.000000,0.011093,0.051217,0.000000],[0.768744,0.164500,0.000000,0.011283,0.055473,0.000000],[0.537128,0.244241,0.000000,0.019481,0.199150,0.000000],[0.759832,0.172208,0.000000,0.011336,0.056625,0.000000],[0.767779,0.163863,0.000000,0.011205,0.057153,0.000000],[0.561125,0.213953,0.000000,0.018422,0.206499,0.000000],[0.784768,0.150095,0.000000,0.010689,0.054449,0.000000],[0.774052,0.165748,0.000000,0.010563,0.049637,0.000000],[0.785471,0.159378,0.000000,0.010934,0.044217,0.000000],[0.780358,0.167207,0.000000,0.010566,0.041869,0.000000],[0.789032,0.159106,0.000000,0.010297,0.041565,0.000000],[0.139675,0.172313,0.021374,0.012429,0.654209,0.000000],[1.000000,0.000000,0.000000,0.000000,0.000000,0.000000],[1.000000,0.000000,0.000000,0.000000,0.000000,0.000000],[0.812659,0.119617,0.020259,0.009091,0.038374,0.000000],[0.791283,0.144001,0.014134,0.010016,0.040566,0.000000],[0.144673,0.203481,0.000000,0.013098,0.638747,0.000000],[0.167378,0.215836,0.000000,0.013767,0.603019,0.000000],[0.755310,0.179754,0.000000,0.011363,0.053573,0.000000],[0.755243,0.173864,0.000000,0.011917,0.058976,0.000000],[0.757943,0.171726,0.000000,0.011783,0.058548,0.000000],[0.544723,0.234058,0.000000,0.019374,0.201845,0.000000],[0.768111,0.167280,0.000000,0.011042,0.053567,0.000000],[0.770620,0.166679,0.000000,0.011053,0.051649,0.000000],[0.784087,0.160324,0.000000,0.011035,0.044554,0.000000],[0.776720,0.161677,0.000000,0.010751,0.050852,0.000000],[0.773315,0.164419,0.000000,0.010909,0.051357,0.000000],[0.759873,0.175673,0.000000,0.011243,0.053211,0.000000],[0.174193,0.199115,0.000000,0.013834,0.612858,0.000000],[0.756177,0.177118,0.000000,0.011310,0.055395,0.000000],[0.765845,0.168868,0.000000,0.011184,0.054103,0.000000],[0.756558,0.178332,0.000000,0.011431,0.053679,0.000000],[0.771005,0.162921,0.000000,0.011178,0.054896,0.000000],[0.772399,0.161947,0.000000,0.011080,0.054574,0.000000],[0.173068,0.193984,0.000000,0.013199,0.619749,0.000000],[0.133517,0.155797,0.021044,0.011014,0.678628,0.000000],[1.000000,0.000000,0.000000,0.000000,0.000000,0.000000]],
  [[1.000000,0.000000,0.000000,0.000000,0.000000,0.000000],[0.805807,0.132024,0.017498,0.008728,0.035944,0.000000],[0.140079,0.204502,0.000000,0.012478,0.642941,0.000000],[0.753699,0.182909,0.000000,0.011190,0.052202,0.000000],[0.761553,0.168983,0.000000,0.011564,0.057900,0.000000],[0.175244,0.202741,0.000000,0.014022,0.607993,0.000000],[0.175086,0.199847,0.000000,0.013854,0.611213,0.000000],[0.773320,0.159570,0.000000,0.010903,0.056207,0.000000],[0.787417,0.148076,0.000000,0.010508,0.053999,0.000000],[0.791070,0.145186,0.000000,0.010337,0.053406,0.000000],[0.781603,0.157884,0.000000,0.010444,0.050069,0.000000],[0.157079,0.187536,0.000000,0.014091,0.641295,0.000000],[0.780292,0.165325,0.000000,0.010920,0.043463,0.000000],[0.151186,0.202250,0.000000,0.013973,0.632591,0.000000],[0.787728,0.148455,0.014037,0.009946,0.039834,0.000000],[0.801771,0.132284,0.015458,0.009803,0.040684,0.000000],[0.811961,0.117312,0.021385,0.009392,0.039951,0.000000],[1.000000,0.000000,0.000000,0.000000,0.000000,0.000000],[0.808684,0.122848,0.019705,0.009378,0.039385,0.000000],[0.779311,0.151823,0.013827,0.009663,0.045376,0.000000],[0.159578,0.197291,0.015804,0.012852,0.614475,0.000000],[0.526975,0.259664,0.000000,0.019647,0.193714,0.000000],[0.755981,0.175816,0.000000,0.011532,0.056671,0.000000],[0.753271,0.179727,0.000000,0.011434,0.055568,0.000000],[0.166146,0.213558,0.000000,0.013686,0.606610,0.000000],[0.759239,0.180456,0.000000,0.010617,0.049688,0.000000],[0.143075,0.199261,0.000000,0.012896,0.644767,0.000000],[0.782904,0.163165,0.000000,0.010784,0.043147,0.000000],[0.156625,0.185617,0.000000,0.014009,0.643749,0.000000],[0.785818,0.158954,0.000000,0.010924,0.044305,0.000000],[0.768871,0.169809,0.000000,0.010850,0.050470,0.000000],[0.767958,0.167358,0.000000,0.011032,0.053652,0.000000],[0.535539,0.246186,0.000000,0.019648,0.198627,0.000000],[0.170423,0.209243,0.000000,0.013990,0.606344,0.000000],[0.143327,0.217278,0.000000,0.013606,0.625789,0.000000],[0.751377,0.184537,0.000000,0.011339,0.052748,0.000000],[0.525377,0.259677,0.000000,0.019965,0.194982,0.000000],[0.770332,0.170317,0.000000,0.010170,0.049181,0.000000],[0.795887,0.137742,0.015352,0.008751,0.042268,0.000000],[1.000000,0.000000,0.000000,0.000000,0.000000,0.000000]],
  [[1.000000,0.000000,0.000000,0.000000,0.000000,0.000000],[0.811578,0.123604,0.018519,0.008909,0.037391,0.000000],[0.143777,0.198760,0.000000,0.012674,0.644790,0.000000],[0.758345,0.175609,0.000000,0.011144,0.054903,0.000000],[0.753629,0.179216,0.000000,0.011395,0.055760,0.000000],[0.757535,0.176140,0.000000,0.011161,0.055164,0.000000],[0.755295,0.179935,0.000000,0.011024,0.053746,0.000000],[0.776478,0.160511,0.000000,0.010581,0.052430,0.000000],[0.795304,0.144369,0.000000,0.010033,0.050294,0.000000],[0.797859,0.142422,0.000000,0.009915,0.049803,0.000000],[0.790447,0.150008,0.000000,0.010071,0.049474,0.000000],[0.774542,0.165291,0.000000,0.010550,0.049617,0.000000],[0.760425,0.180512,0.000000,0.010679,0.048384,0.000000],[0.144257,0.202608,0.000000,0.013076,0.640059,0.000000],[0.763681,0.173039,0.000000,0.010981,0.052298,0.000000],[0.774564,0.160543,0.000000,0.010987,0.053906,0.000000],[0.780029,0.148730,0.013530,0.010054,0.047658,0.000000],[0.792760,0.137727,0.014406,0.009433,0.045674,0.000000],[1.000000,0.000000,0.000000,0.000000,0.000000,0.000000],[1.000000,0.000000,0.000000,0.000000,0.000000,0.000000],[0.793900,0.138125,0.008796,0.009515,0.049665,0.000000],[0.165911,0.185026,0.015777,0.012953,0.620332,0.000000],[0.762581,0.170686,0.000000,0.011178,0.055555,0.000000],[0.142179,0.212216,0.000000,0.013249,0.632355,0.000000],[0.138610,0.217914,0.000000,0.013000,0.630476,0.000000],[0.135065,0.219358,0.000000,0.012622,0.632955,0.000000],[0.142621,0.196726,0.000000,0.012711,0.647942,0.000000],[0.787124,0.159870,0.000000,0.010530,0.042476,0.000000],[0.797588,0.145677,0.000000,0.010148,0.046587,0.000000],[0.788638,0.156712,0.000000,0.010770,0.043880,0.000000],[0.148489,0.184214,0.000000,0.012910,0.654388,0.000000],[0.774810,0.159958,0.000000,0.010970,0.054262,0.000000],[0.760315,0.169840,0.000000,0.011668,0.058177,0.000000],[0.742822,0.189696,0.000000,0.011715,0.055767,0.000000],[0.139237,0.235880,0.000000,0.013793,0.611091,0.000000],[0.162529,0.235513,0.000000,0.014191,0.587767,0.000000],[0.172398,0.213737,0.000000,0.014341,0.599525,0.000000],[0.772226,0.166880,0.000000,0.010372,0.050522,0.000000],[0.133141,0.157268,0.020887,0.011068,0.677636,0.000000],[1.000000,0.000000,0.000000,0.000000,0.000000,0.000000]],
  [[1.000000,0.000000,0.000000,0.000000,0.000000,0.000000],[0.811486,0.123811,0.018397,0.008905,0.037401,0.000000],[0.774634,0.168057,0.000000,0.010104,0.047205,0.000000],[0.173481,0.198562,0.000000,0.013733,0.614224,0.000000],[0.536898,0.244850,0.000000,0.019488,0.198764,0.000000],[0.177866,0.192619,0.000000,0.013787,0.615728,0.000000],[0.779275,0.157629,0.000000,0.010508,0.052589,0.000000],[0.801041,0.139014,0.000000,0.009791,0.050155,0.000000],[0.810923,0.130466,0.000000,0.009369,0.049242,0.000000],[0.000000,0.000000,0.000000,0.000000,0.000000,1.000000],[0.805991,0.138876,0.000000,0.010399,0.044734,0.000000],[0.771240,0.167778,0.000000,0.010738,0.050244,0.000000],[0.170142,0.204366,0.000000,0.013688,0.611804,0.000000],[0.756672,0.178265,0.000000,0.011331,0.053732,0.000000],[0.754286,0.176449,0.000000,0.011688,0.057577,0.000000],[0.760527,0.169609,0.000000,0.011626,0.058238,0.000000],[0.762779,0.173224,0.000000,0.011002,0.052996,0.000000],[0.165696,0.184380,0.015735,0.013017,0.621173,0.000000],[0.787100,0.136159,0.020033,0.009469,0.047240,0.000000],[1.000000,0.000000,0.000000,0.000000,0.000000,0.000000],[1.000000,0.000000,0.000000,0.000000,0.000000,0.000000],[0.775862,0.150575,0.014853,0.009977,0.048733,0.000000],[0.766084,0.174516,0.000000,0.010614,0.048786,0.000000],[0.757549,0.182797,0.000000,0.010839,0.048815,0.000000],[0.148297,0.209788,0.000000,0.014045,0.627870,0.000000],[0.784475,0.162924,0.000000,0.010495,0.042107,0.000000],[0.796762,0.149642,0.000000,0.010389,0.043207,0.000000],[0.800152,0.146885,0.000000,0.010191,0.042772,0.000000],[0.801349,0.142717,0.000000,0.009913,0.046020,0.000000],[0.792449,0.153827,0.000000,0.010523,0.043202,0.000000],[0.777289,0.163241,0.000000,0.010401,0.049069,0.000000],[0.768675,0.169924,0.000000,0.010868,0.050533,0.000000],[0.756055,0.176830,0.000000,0.011736,0.055379,0.000000],[0.744811,0.184305,0.000000,0.012196,0.058688,0.000000],[0.168279,0.237886,0.000000,0.014815,0.579020,0.000000],[0.164542,0.241667,0.000000,0.014551,0.579239,0.000000],[0.737144,0.197740,0.000000,0.011844,0.053272,0.000000],[0.765475,0.177295,0.000000,0.010256,0.046973,0.000000],[0.129754,0.160394,0.021969,0.010870,0.677012,0.000000],[1.000000,0.000000,0.000000,0.000000,0.000000,0.000000]],
  [[1.000000,0.000000,0.000000,0.000000,0.000000,0.000000],[0.137162,0.163214,0.025212,0.011920,0.662491,0.000000],[0.772641,0.171616,0.000000,0.009888,0.045856,0.000000],[0.771605,0.164337,0.000000,0.010837,0.053222,0.000000],[0.771752,0.164237,0.000000,0.010797,0.053213,0.000000],[0.775310,0.158153,0.000000,0.010761,0.055776,0.000000],[0.791156,0.144771,0.000000,0.009995,0.054078,0.000000],[0.000000,0.000000,0.000000,0.000000,0.000000,1.000000],[0.000000,0.000000,0.000000,0.000000,0.000000,1.000000],[0.804970,0.138807,0.000000,0.009193,0.047030,0.000000],[0.798289,0.148453,0.000000,0.010252,0.043006,0.000000],[0.764809,0.174982,0.000000,0.010752,0.049457,0.000000],[0.174912,0.204111,0.000000,0.014151,0.606826,0.000000],[0.518442,0.266416,0.000000,0.020487,0.194655,0.000000],[0.735528,0.190261,0.000000,0.012549,0.061662,0.000000],[0.178275,0.214759,0.000000,0.014868,0.592097,0.000000],[0.519689,0.264872,0.000000,0.020311,0.195127,0.000000],[0.176586,0.211237,0.000000,0.014310,0.597868,0.000000],[0.734202,0.156607,0.044703,0.010574,0.053915,0.000000],[1.000000,0.000000,0.000000,0.000000,0.000000,0.000000],[1.000000,0.000000,0.000000,0.000000,0.000000,0.000000],[0.787251,0.141802,0.017695,0.009240,0.044011,0.000000],[0.151620,0.204287,0.000000,0.014047,0.630046,0.000000],[0.775894,0.170790,0.000000,0.010808,0.042508,0.000000],[0.787875,0.157717,0.000000,0.010757,0.043651,0.000000],[0.798186,0.148342,0.000000,0.010315,0.043157,0.000000],[0.000000,0.000000,0.000000,0.000000,0.000000,1.000000],[0.814527,0.133168,0.000000,0.009712,0.042594,0.000000],[0.148003,0.167245,0.000000,0.011975,0.672777,0.000000],[0.800294,0.146924,0.000000,0.010153,0.042630,0.000000],[0.792122,0.154330,0.000000,0.010507,0.043041,0.000000],[0.157157,0.188595,0.000000,0.014241,0.640007,0.000000],[0.759518,0.177254,0.000000,0.011363,0.051865,0.000000],[0.746950,0.186209,0.000000,0.011875,0.054966,0.000000],[0.485110,0.311573,0.000000,0.021460,0.181857,0.000000],[0.167940,0.235099,0.000000,0.014627,0.582334,0.000000],[0.750539,0.186248,0.000000,0.011563,0.051649,0.000000],[0.784661,0.162661,0.000000,0.010491,0.042186,0.000000],[0.136616,0.162061,0.026068,0.011857,0.663397,0.000000],[1.000000,0.000000,0.000000,0.000000,0.000000,0.000000]],
  [[1.000000,0.000000,0.000000,0.000000,0.000000,0.000000],[0.134568,0.168462,0.025013,0.011784,0.660173,0.000000],[0.139645,0.202447,0.000000,0.012294,0.645614,0.000000],[0.773298,0.166566,0.000000,0.010541,0.049595,0.000000],[0.773048,0.163352,0.000000,0.010749,0.052850,0.000000],[0.777338,0.157580,0.000000,0.010514,0.054569,0.000000],[0.793780,0.140476,0.000000,0.009807,0.055937,0.000000],[0.592920,0.175128,0.000000,0.015893,0.216059,0.000000],[0.000000,0.000000,0.000000,0.000000,0.000000,1.000000],[0.143048,0.168429,0.000000,0.011576,0.676947,0.000000],[0.154191,0.193246,0.000000,0.013861,0.638703,0.000000],[0.763212,0.176433,0.000000,0.010827,0.049528,0.000000],[0.750496,0.181801,0.000000,0.011600,0.056103,0.000000],[0.721204,0.206730,0.000000,0.012486,0.059581,0.000000],[0.191508,0.248676,0.000000,0.015716,0.544099,0.000000],[0.707328,0.212019,0.000000,0.013333,0.067320,0.000000],[0.731383,0.195125,0.000000,0.012488,0.061004,0.000000],[0.744727,0.181929,0.000000,0.012165,0.061179,0.000000],[0.726108,0.159478,0.045072,0.011165,0.058177,0.000000],[0.424666,0.161425,0.238695,0.018673,0.156541,0.000000],[1.000000,0.000000,0.000000,0.000000,0.000000,0.000000],[0.130589,0.176756,0.018083,0.011350,0.663222,0.000000],[0.140099,0.204872,0.000000,0.012563,0.642466,0.000000],[0.766906,0.175568,0.000000,0.010295,0.047231,0.000000],[0.147351,0.173501,0.000000,0.012287,0.666860,0.000000],[0.796829,0.143859,0.000000,0.009829,0.049483,0.000000],[0.806134,0.135012,0.000000,0.009553,0.049301,0.000000],[0.818501,0.129110,0.000000,0.009561,0.042829,0.000000],[0.000000,0.000000,0.000000,0.000000,0.000000,1.000000],[0.148490,0.177112,0.000000,0.012661,0.661737,0.000000],[0.793104,0.152801,0.000000,0.009798,0.044297,0.000000],[0.784779,0.159948,0.000000,0.010987,0.044286,0.000000],[0.759345,0.179323,0.000000,0.011079,0.050253,0.000000],[0.168839,0.220861,0.000000,0.014209,0.596091,0.000000],[0.163598,0.239602,0.000000,0.014306,0.582493,0.000000],[0.169483,0.221743,0.000000,0.014304,0.594470,0.000000],[0.760809,0.175955,0.000000,0.011349,0.051887,0.000000],[0.792413,0.154533,0.000000,0.010412,0.042642,0.000000],[0.134341,0.144239,0.026306,0.010875,0.684239,0.000000],[1.000000,0.000000,0.000000,0.000000,0.000000,0.000000]],
  [[1.000000,0.000000,0.000000,0.000000,0.000000,0.000000],[0.813758,0.123105,0.019026,0.008475,0.035636,0.000000],[0.150598,0.196663,0.000000,0.013374,0.639365,0.000000],[0.792479,0.153786,0.000000,0.010464,0.043271,0.000000],[0.790249,0.149927,0.000000,0.010035,0.049789,0.000000],[0.173943,0.164940,0.000000,0.012183,0.648934,0.000000],[0.000000,0.000000,0.000000,0.000000,0.000000,1.000000],[0.788589,0.142969,0.000000,0.010174,0.058269,0.000000],[0.793412,0.143223,0.000000,0.009867,0.053498,0.000000],[0.783531,0.159501,0.000000,0.009825,0.047143,0.000000],[0.780494,0.167218,0.000000,0.010516,0.041771,0.000000],[0.758053,0.182534,0.000000,0.010792,0.048621,0.000000],[0.145434,0.209140,0.000000,0.013564,0.631862,0.000000],[0.173027,0.217427,0.000000,0.014545,0.595001,0.000000],[0.513761,0.270104,0.000000,0.020857,0.195278,0.000000],[0.178378,0.217038,0.000000,0.015057,0.589526,0.000000],[0.738901,0.184880,0.000000,0.012702,0.063517,0.000000],[0.747498,0.176896,0.000000,0.012383,0.063223,0.000000],[0.712675,0.165057,0.046155,0.011935,0.064180,0.000000],[1.000000,0.000000,0.000000,0.000000,0.000000,0.000000],[0.784808,0.142351,0.010096,0.010140,0.052605,0.000000],[0.776029,0.155542,0.013695,0.009627,0.045108,0.000000],[0.143502,0.198531,0.000000,0.012601,0.645365,0.000000],[0.781783,0.158688,0.000000,0.009942,0.049587,0.000000],[0.791401,0.144902,0.000000,0.009979,0.053719,0.000000],[0.000000,0.000000,0.000000,0.000000,0.000000,1.000000],[0.788432,0.152504,0.000000,0.009701,0.049363,0.000000],[0.794385,0.149701,0.000000,0.009334,0.046579,0.000000],[0.000000,0.000000,0.000000,0.000000,0.000000,1.000000],[0.804444,0.144414,0.000000,0.009721,0.041420,0.000000],[0.149336,0.178507,0.000000,0.012542,0.659615,0.000000],[0.789551,0.154467,0.000000,0.011021,0.044961,0.000000],[0.763103,0.176277,0.000000,0.010900,0.049719,0.000000],[0.139025,0.217675,0.000000,0.013163,0.630137,0.000000],[0.137040,0.227078,0.000000,0.013236,0.622646,0.000000],[0.752425,0.184908,0.000000,0.011442,0.051225,0.000000],[0.766779,0.169169,0.000000,0.011320,0.052732,0.000000],[0.795642,0.150030,0.000000,0.010547,0.043781,0.000000],[0.815487,0.117572,0.020276,0.008876,0.037789,0.000000],[1.000000,0.000000,0.000000,0.000000,0.000000,0.000000]],
