[
  [[1.000000,0.000000,0.000000,0.000000,0.000000,0.000000],[1.000000,0.000000,0.000000,0.000000,0.000000,0.000000],[1.000000,0.000000,0.000000,0.000000,0.000000,0.000000],[1.000000,0.000000,0.000000,0.000000,0.000000,0.000000],[1.000000,0.000000,0.000000,0.000000,0.000000,0.000000],[1.000000,0.000000,0.000000,0.000000,0.000000,0.000000],[1.000000,0.000000,0.000000,0.000000,0.000000,0.000000],[1.000000,0.000000,0.000000,0.000000,0.000000,0.000000],[1.000000,0.000000,0.000000,0.000000,0.000000,0.000000],[1.000000,0.000000,0.000000,0.000000,0.000000,0.000000],[1.000000,0.000000,0.000000,0.000000,0.000000,0.000000],[1.000000,0.000000,0.000000,0.000000,0.000000,0.000000],[1.000000,0.000000,0.000000,0.000000,0.000000,0.000000],[1.000000,0.000000,0.000000,0.000000,0.000000,0.000000],[1.000000,0.000000,0.000000,0.000000,0.000000,0.000000],[1.000000,0.000000,0.000000,0.000000,0.000000,0.000000],[1.000000,0.000000,0.000000,0.000000,0.000000,0.000000],[1.000000,0.000000,0.000000,0.000000,0.000000,0.000000],[1.000000,0.000000,0.000000,0.000000,0.000000,0.000000],[1.000000,0.000000,0.000000,0.000000,0.000000,0.000000],[1.000000,0.000000,0.000000,0.000000,0.000000,0.000000],[1.000000,0.000000,0.000000,0.000000,0.000000,0.000000],[1.000000,0.000000,0.000000,0.000000,0.000000,0.000000],[1.000000,0.000000,0.000000,0.000000,0.000000,0.000000],[1.000000,0.000000,0.000000,0.000000,0.000000,0.000000],[1.000000,0.000000,0.000000,0.000000,0.000000,0.000000],[1.000000,0.000000,0.000000,0.000000,0.000000,0.000000],[1.000000,0.000000,0.000000,0.000000,0.000000,0.000000],[1.000000,0.000000,0.000000,0.000000,0.000000,0.000000],[1.000000,0.000000,0.000000,0.000000,0.000000,0.000000],[1.000000,0.000000,0.000000,0.000000,0.000000,0.000000],[1.000000,0.000000,0.000000,0.000000,0.000000,0.000000],[1.000000,0.000000,0.000000,0.000000,0.000000,0.000000],[1.000000,0.000000,0.000000,0.000000,0.000000,0.000000],[1.000000,0.000000,0.000000,0.000000,0.000000,0.000000],[1.000000,0.000000,0.000000,0.000000,0.000000,0.000000],[1.000000,0.000000,0.000000,0.000000,0.000000,0.000000],[1.000000,0.000000,0.000000,0.000000,0.000000,0.000000],[1.000000,0.000000,0.000000,0.000000,0.000000,0.000000],[1.000000,0.000000,0.000000,0.000000,0.000000,0.000000]],
  [[1.000000,0.000000,0.000000,0.000000,0.000000,0.000000],[0.132341,0.115851,0.054779,0.010197,0.686832,0.000000],[0.810339,0.121194,0.020140,0.008070,0.040257,0.000000],[0.810487,0.117163,0.020500,0.008594,0.043256,0.000000],[0.806773,0.123488,0.018419,0.008605,0.042714,0.000000],[0.132000,0.152763,0.023262,0.010826,0.681148,0.000000],[0.131194,0.151347,0.024401,0.010772,0.682286,0.000000],[0.813545,0.121438,0.019376,0.008742,0.036899,0.000000],[0.134487,0.144278,0.026202,0.010876,0.684156,0.000000],[0.817324,0.117142,0.018483,0.008269,0.038783,0.000000],[0.817825,0.116178,0.019107,0.008228,0.038662,0.000000],[0.136216,0.137076,0.028211,0.010839,0.687657,0.000000],[0.817720,0.116134,0.019287,0.008221,0.038638,0.000000],[0.134481,0.144779,0.025977,0.010882,0.683881,0.000000],[0.132385,0.150629,0.025090,0.010832,0.681064,0.000000],[0.817153,0.117158,0.018603,0.008280,0.038806,0.000000],[0.816599,0.116150,0.020869,0.008802,0.037579,0.000000],[0.808615,0.118839,0.020295,0.008716,0.043535,0.000000],[0.803798,0.126816,0.016966,0.008836,0.043584,0.000000],[0.799183,0.133296,0.015545,0.008843,0.043133,0.000000],[0.131342,0.161710,0.020446,0.010978,0.675525,0.000000],[0.801750,0.128983,0.018445,0.008644,0.042178,0.000000],[0.814133,0.120070,0.020309,0.008700,0.036787,0.000000],[0.135777,0.134682,0.030047,0.010718,0.688776,0.000000],[0.822942,0.107341,0.022885,0.008051,0.038780,0.000000],[0.825873,0.102493,0.024115,0.008076,0.039443,0.000000],[0.823046,0.107598,0.022529,0.008053,0.038774,0.000000],[0.133670,0.140170,0.029284,0.010655,0.686221,0.000000],[0.820106,0.113312,0.020369,0.008053,0.038160,0.000000],[0.823176,0.107317,0.022659,0.008049,0.038800,0.000000],[0.823099,0.105414,0.025577,0.008482,0.037428,0.000000],[0.813542,0.111333,0.024351,0.008304,0.042470,0.000000],[0.821070,0.115649,0.007017,0.008507,0.047756,0.000000],[0.818615,0.117321,0.007257,0.008612,0.048195,0.000000],[0.810601,0.123534,0.007677,0.008719,0.049469,0.000000],[0.805896,0.123529,0.017757,0.008565,0.044253,0.000000],[0.813746,0.108777,0.029709,0.007730,0.040038,0.000000],[0.127039,0.125244,0.042907,0.009622,0.695188,0.000000],[0.122752,0.098133,0.056431,0.008737,0.713946,0.000000],[1.000000,0.000000,0.000000,0.000000,0.000000,0.000000]],
  [[1.000000,0.000000,0.000000,0.000000,0.000000,0.000000],[0.138190,0.152017,0.029902,0.011601,0.668290,0.000000],[0.793765,0.151428,0.000000,0.009289,0.045518,0.000000],[0.796561,0.141609,0.000000,0.009939,0.051890,0.000000],[0.790978,0.148086,0.000000,0.009940,0.050995,0.000000],[0.787867,0.152531,0.000000,0.009822,0.049780,0.000000],[0.780507,0.163367,0.000000,0.009784,0.046341,0.000000],[0.794656,0.154701,0.000000,0.009925,0.040718,0.000000],[0.795371,0.153545,0.000000,0.009271,0.041813,0.000000],[0.146582,0.187122,0.000000,0.012442,0.653854,0.000000],[0.796842,0.152334,0.000000,0.009197,0.041626,0.000000],[0.803591,0.143449,0.000000,0.009409,0.043550,0.000000],[0.797953,0.149497,0.000000,0.009451,0.043099,0.000000],[0.796370,0.150933,0.000000,0.009522,0.043175,0.000000],[0.792786,0.155636,0.000000,0.009420,0.042158,0.000000],[0.146616,0.186932,0.000000,0.012520,0.653932,0.000000],[0.796300,0.151286,0.000000,0.010222,0.042192,0.000000],[0.781770,0.160196,0.000000,0.010076,0.047958,0.000000],[0.777737,0.162187,0.000000,0.010124,0.049952,0.000000],[0.170934,0.205516,0.000000,0.013421,0.610128,0.000000],[0.774775,0.164788,0.000000,0.010226,0.050211,0.000000],[0.146261,0.192745,0.000000,0.012745,0.648250,0.000000],[0.793632,0.153447,0.000000,0.010330,0.042591,0.000000],[0.801541,0.145488,0.000000,0.010197,0.042773,0.000000],[0.804315,0.143191,0.000000,0.010047,0.042447,0.000000],[0.811629,0.133255,0.000000,0.009562,0.045554,0.000000],[0.808656,0.137453,0.000000,0.009431,0.044460,0.000000],[0.805252,0.141970,0.000000,0.009330,0.043448,0.000000],[0.149096,0.177025,0.000000,0.012324,0.661554,0.000000],[0.809363,0.136798,0.000000,0.009407,0.044433,0.000000],[0.809882,0.136925,0.000000,0.010028,0.043166,0.000000],[0.796877,0.144485,0.000000,0.009822,0.048815,0.000000],[0.799042,0.139709,0.000000,0.009795,0.051454,0.000000],[0.569400,0.207320,0.000000,0.017576,0.205705,0.000000],[0.789270,0.148007,0.000000,0.009907,0.052816,0.000000],[0.176668,0.181822,0.000000,0.012728,0.628782,0.000000],[0.812721,0.131776,0.000000,0.008587,0.046916,0.000000],[0.000000,0.000000,0.000000,0.000000,0.000000,1.000000],[0.834039,0.078887,0.043905,0.006578,0.036591,0.000000],[1.000000,0.000000,0.000000,0.000000,0.000000,0.000000]],
  [[1.000000,0.000000,0.000000,0.000000,0.000000,0.000000],[0.814571,0.120086,0.019870,0.008671,0.036802,0.000000],[0.781556,0.162346,0.000000,0.009741,0.046358,0.000000],[0.777376,0.159765,0.000000,0.010514,0.052345,0.000000],[0.552481,0.225790,0.000000,0.018688,0.203042,0.000000],[0.778497,0.157069,0.000000,0.010737,0.053696,0.000000],[0.771879,0.167491,0.000000,0.010666,0.049964,0.000000],[0.154199,0.193291,0.000000,0.013919,0.638591,0.000000],[0.787393,0.148369,0.014247,0.009993,0.039998,0.000000],[0.144422,0.176094,0.019872,0.013057,0.646555,0.000000],[0.792722,0.142393,0.013585,0.009391,0.041909,0.000000],[0.152326,0.174008,0.000000,0.012776,0.660890,0.000000],[0.791018,0.152394,0.000000,0.010260,0.046327,0.000000],[0.785747,0.158578,0.000000,0.010243,0.045432,0.000000],[0.144081,0.194843,0.000000,0.012766,0.648311,0.000000],[0.784771,0.159381,0.000000,0.010296,0.045551,0.000000],[0.781313,0.164450,0.000000,0.010873,0.043364,0.000000],[0.143891,0.199211,0.000000,0.012916,0.643982,0.000000],[0.167477,0.212497,0.000000,0.013601,0.606425,0.000000],[0.525151,0.259396,0.000000,0.019901,0.195551,0.000000],[0.752359,0.180313,0.000000,0.011436,0.055893,0.000000],[0.750703,0.184920,0.000000,0.011383,0.052994,0.000000],[0.762528,0.176759,0.000000,0.010868,0.049845,0.000000],[0.769173,0.171357,0.000000,0.010564,0.048906,0.000000],[0.788955,0.156436,0.000000,0.010762,0.043847,0.000000],[0.794679,0.149384,0.000000,0.010065,0.045872,0.000000],[0.799177,0.144149,0.000000,0.010089,0.046585,0.000000],[0.796426,0.148110,0.000000,0.009949,0.045514,0.000000],[0.799496,0.143932,0.000000,0.010062,0.046511,0.000000],[0.799162,0.144089,0.000000,0.010090,0.046658,0.000000],[0.798183,0.145575,0.000000,0.010830,0.045411,0.000000],[0.780589,0.158648,0.000000,0.010525,0.050238,0.000000],[0.780114,0.157743,0.000000,0.010381,0.051761,0.000000],[0.779808,0.158114,0.000000,0.010339,0.051739,0.000000],[0.779845,0.156825,0.000000,0.010208,0.053122,0.000000],[0.797797,0.140423,0.000000,0.009542,0.052239,0.000000],[0.587778,0.185207,0.000000,0.015921,0.211094,0.000000],[0.000000,0.000000,0.000000,0.000000,0.000000,1.000000],[0.000000,0.000000,0.000000,0.000000,0.000000,1.000000],[1.000000,0.000000,0.000000,0.000000,0.000000,0.000000]],
  [[1.000000,0.000000,0.000000,0.000000,0.000000,0.000000],[0.817324,0.115936,0.020494,0.008756,0.037490,0.000000],[0.146205,0.188460,0.000000,0.012490,0.652845,0.000000],[0.172060,0.191510,0.000000,0.013269,0.623161,0.000000],[0.769684,0.162419,0.000000,0.011147,0.056749,0.000000],[0.770238,0.161982,0.000000,0.011115,0.056665,0.000000],[0.147131,0.194148,0.000000,0.013008,0.645714,0.000000],[0.778066,0.163121,0.000000,0.010268,0.048545,0.000000],[0.788051,0.142303,0.015404,0.009422,0.044819,0.000000],[1.000000,0.000000,0.000000,0.000000,0.000000,0.000000],[0.799044,0.137680,0.015503,0.009397,0.038375,0.000000],[0.795382,0.152063,0.000000,0.010268,0.042288,0.000000],[0.788184,0.157409,0.000000,0.010765,0.043642,0.000000],[0.148039,0.206810,0.000000,0.013863,0.631288,0.000000],[0.147989,0.207869,0.000000,0.013919,0.630223,0.000000],[0.780196,0.165570,0.000000,0.010936,0.043298,0.000000],[0.783037,0.161425,0.000000,0.011097,0.044442,0.000000],[0.143620,0.199323,0.000000,0.012939,0.644119,0.000000],[0.764913,0.171767,0.000000,0.010884,0.052436,0.000000],[0.757509,0.174103,0.000000,0.011483,0.056904,0.000000],[0.200694,0.214545,0.000000,0.015056,0.569704,0.000000],[0.752651,0.180083,0.000000,0.011433,0.055833,0.000000],[0.170573,0.206689,0.000000,0.013751,0.608987,0.000000],[0.141364,0.206676,0.000000,0.012901,0.639060,0.000000],[0.154048,0.195106,0.000000,0.014117,0.636729,0.000000],[0.791338,0.152361,0.000000,0.010226,0.046075,0.000000],[0.152157,0.173646,0.000000,0.012824,0.661373,0.000000],[0.797513,0.145566,0.000000,0.010181,0.046740,0.000000],[0.800587,0.141393,0.000000,0.010295,0.047725,0.000000],[0.795772,0.146883,0.000000,0.010293,0.047052,0.000000],[0.786520,0.158591,0.000000,0.010898,0.043991,0.000000],[0.764891,0.177188,0.000000,0.010456,0.047465,0.000000],[0.140399,0.205196,0.000000,0.012748,0.641657,0.000000],[0.143684,0.198225,0.000000,0.012717,0.645374,0.000000],[0.787876,0.151305,0.000000,0.010018,0.050801,0.000000],[0.816096,0.123031,0.000000,0.008950,0.051923,0.000000],[0.000000,0.000000,0.000000,0.000000,0.000000,1.000000],[0.000000,0.000000,0.000000,0.000000,0.000000,1.000000],[1.000000,0.000000,0.000000,0.000000,0.000000,0.000000],[1.000000,0.000000,0.000000,0.000000,0.000000,0.000000]],
  [[1.000000,0.000000,0.000000,0.000000,0.000000,0.000000],[0.816858,0.117885,0.020456,0.008517,0.036284,0.000000],[0.787113,0.158169,0.000000,0.009441,0.045277,0.000000],[0.773306,0.168538,0.000000,0.010242,0.047914,0.000000],[0.768463,0.167280,0.000000,0.011017,0.053240,0.000000],[0.770073,0.163590,0.000000,0.010976,0.055361,0.000000],[0.773023,0.161619,0.000000,0.010784,0.054575,0.000000],[0.773505,0.141531,0.025647,0.009772,0.049545,0.000000],[0.807455,0.110463,0.029639,0.008600,0.043843,0.000000],[1.000000,0.000000,0.000000,0.000000,0.000000,0.000000],[0.129904,0.127662,0.037381,0.010223,0.694830,0.000000],[0.786212,0.143918,0.014069,0.009665,0.046136,0.000000],[0.775034,0.163314,0.000000,0.010797,0.050855,0.000000],[0.764867,0.175142,0.000000,0.010764,0.049227,0.000000],[0.142705,0.197973,0.000000,0.012853,0.646470,0.000000],[0.778589,0.166684,0.000000,0.011048,0.043680,0.000000],[0.779627,0.165820,0.000000,0.010985,0.043568,0.000000],[0.769660,0.171326,0.000000,0.010500,0.048513,0.000000],[0.772455,0.167175,0.000000,0.010600,0.049770,0.000000],[0.769639,0.166058,0.000000,0.010949,0.053354,0.000000],[0.771133,0.161514,0.000000,0.010980,0.056372,0.000000],[0.530463,0.254468,0.000000,0.019382,0.195687,0.000000],[0.170974,0.205983,0.000000,0.013617,0.609427,0.000000],[0.757684,0.184803,0.000000,0.010479,0.047034,0.000000],[0.776241,0.170406,0.000000,0.010817,0.042536,0.000000],[0.783010,0.162470,0.000000,0.010104,0.044416,0.000000],[0.788426,0.156350,0.000000,0.010110,0.045114,0.000000],[0.792362,0.151404,0.000000,0.010192,0.046041,0.000000],[0.791428,0.152149,0.000000,0.010251,0.046172,0.000000],[0.788597,0.154581,0.000000,0.010400,0.046422,0.000000],[0.148095,0.209093,0.000000,0.014024,0.628787,0.000000],[0.145256,0.217731,0.000000,0.014033,0.622980,0.000000],[0.145289,0.217225,0.000000,0.013985,0.623500,0.000000],[0.780745,0.166959,0.000000,0.010509,0.041788,0.000000],[0.798226,0.145416,0.000000,0.009390,0.046968,0.000000],[0.000000,0.000000,0.000000,0.000000,0.000000,1.000000],[0.000000,0.000000,0.000000,0.000000,0.000000,1.000000],[1.000000,0.000000,0.000000,0.000000,0.000000,0.000000],[0.840887,0.071587,0.043252,0.006596,0.037678,0.000000],[1.000000,0.000000,0.000000,0.000000,0.000000,0.000000]],
  [[1.000000,0.000000,0.000000,0.000000,0.000000,0.000000],[0.822126,0.110924,0.022173,0.008383,0.036393,0.000000],[0.146542,0.166962,0.020039,0.012727,0.653731,0.000000],[0.801094,0.132395,0.015673,0.009870,0.040968,0.000000],[0.786983,0.139851,0.014926,0.010016,0.048225,0.000000],[0.759131,0.147165,0.032267,0.010246,0.051191,0.000000],[0.483341,0.184587,0.140167,0.016395,0.175510,0.000000],[0.803892,0.130014,0.008568,0.009095,0.048431,0.000000],[1.000000,0.000000,0.000000,0.000000,0.000000,0.000000],[1.000000,0.000000,0.000000,0.000000,0.000000,0.000000],[1.000000,0.000000,0.000000,0.000000,0.000000,0.000000],[0.779484,0.142256,0.018038,0.009873,0.050349,0.000000],[0.772725,0.161910,0.000000,0.011054,0.054311,0.000000],[0.766749,0.168316,0.000000,0.011141,0.053794,0.000000],[0.762698,0.174820,0.000000,0.011210,0.051273,0.000000],[0.777656,0.165594,0.000000,0.011410,0.045341,0.000000],[0.154182,0.196165,0.000000,0.014229,0.635424,0.000000],[0.154253,0.194275,0.000000,0.014035,0.637436,0.000000],[0.797659,0.147008,0.000000,0.010603,0.044729,0.000000],[0.797381,0.141724,0.000000,0.010027,0.050868,0.000000],[0.804641,0.132031,0.000000,0.009795,0.053533,0.000000],[0.792838,0.143975,0.000000,0.010100,0.053087,0.000000],[0.784246,0.151605,0.000000,0.010499,0.053650,0.000000],[0.769601,0.169393,0.000000,0.010774,0.050232,0.000000],[0.154433,0.196188,0.000000,0.014199,0.635180,0.000000],[0.154003,0.194135,0.000000,0.014067,0.637795,0.000000],[0.787111,0.158150,0.000000,0.010857,0.043882,0.000000],[0.156581,0.186631,0.000000,0.014085,0.642702,0.000000],[0.784721,0.159456,0.000000,0.010314,0.045509,0.000000],[0.144223,0.197452,0.000000,0.012957,0.645368,0.000000],[0.768750,0.177881,0.000000,0.010249,0.043120,0.000000],[0.138684,0.211861,0.000000,0.012885,0.636569,0.000000],[0.772938,0.172708,0.000000,0.010317,0.044037,0.000000],[0.781444,0.166487,0.000000,0.010479,0.041590,0.000000],[0.151555,0.173834,0.000000,0.012726,0.661885,0.000000],[0.000000,0.000000,0.000000,0.000000,0.000000,1.000000],[1.000000,0.000000,0.000000,0.000000,0.000000,0.000000],[0.835434,0.086252,0.035737,0.007478,0.035098,0.000000],[0.839484,0.084243,0.034858,0.007228,0.034186,0.000000],[1.000000,0.000000,0.000000,0.000000,0.000000,0.000000]],
  [[1.000000,0.000000,0.000000,0.000000,0.000000,0.000000],[0.831037,0.092383,0.031960,0.007389,0.037232,0.000000],[0.818295,0.117325,0.015868,0.008476,0.040036,0.000000],[1.000000,0.000000,0.000000,0.000000,0.000000,0.000000],[1.000000,0.000000,0.000000,0.000000,0.000000,0.000000],[0.772370,0.141804,0.026331,0.009811,0.049685,0.000000],[0.169643,0.169549,0.012148,0.012309,0.636352,0.000000],[1.000000,0.000000,0.000000,0.000000,0.000000,0.000000],[1.000000,0.000000,0.000000,0.000000,0.000000,0.000000],[1.000000,0.000000,0.000000,0.000000,0.000000,0.000000],[0.800542,0.127016,0.017559,0.009257,0.045626,0.000000],[0.762262,0.147019,0.028532,0.010330,0.051856,0.000000],[0.525004,0.260927,0.000000,0.019936,0.194133,0.000000],[0.168464,0.218308,0.000000,0.014086,0.599143,0.000000],[0.746901,0.188168,0.000000,0.011646,0.053285,0.000000],[0.757392,0.180927,0.000000,0.011180,0.050501,0.000000],[0.758980,0.181732,0.000000,0.010757,0.048531,0.000000],[0.768452,0.174115,0.000000,0.010237,0.047196,0.000000],[0.788388,0.153327,0.000000,0.009891,0.048394,0.000000],[0.000000,0.000000,0.000000,0.000000,0.000000,1.000000],[0.000000,0.000000,0.000000,0.000000,0.000000,1.000000],[0.000000,0.000000,0.000000,0.000000,0.000000,1.000000],[0.781795,0.155276,0.000000,0.010446,0.052484,0.000000],[0.767717,0.169410,0.000000,0.010800,0.052073,0.000000],[0.767174,0.173098,0.000000,0.010626,0.049101,0.000000],[0.773099,0.166554,0.000000,0.010633,0.049714,0.000000],[0.774898,0.165050,0.000000,0.010566,0.049486,0.000000],[0.785324,0.159579,0.000000,0.010972,0.044126,0.000000],[0.775882,0.170188,0.000000,0.010187,0.043744,0.000000],[0.141446,0.204734,0.000000,0.012923,0.640897,0.000000],[0.141472,0.204813,0.000000,0.012954,0.640761,0.000000],[0.776058,0.169108,0.000000,0.011170,0.043663,0.000000],[0.148098,0.209339,0.000000,0.014032,0.628531,0.000000],[0.147947,0.206888,0.000000,0.013695,0.631471,0.000000],[0.803754,0.146739,0.000000,0.009531,0.039976,0.000000],[0.809896,0.107129,0.032868,0.008159,0.041949,0.000000],[1.000000,0.000000,0.000000,0.000000,0.000000,0.000000],[0.820634,0.103515,0.027031,0.007795,0.041025,0.000000],[0.823495,0.101985,0.026563,0.007622,0.040335,0.000000],[1.000000,0.000000,0.000000,0.000000,0.000000,0.000000]],
  [[1.000000,0.000000,0.000000,0.000000,0.000000,0.000000],[0.837353,0.079657,0.038351,0.007170,0.037469,0.000000],[1.000000,0.000000,0.000000,0.000000,0.000000,0.000000],[0.814372,0.115630,0.023018,0.008910,0.038070,0.000000],[0.801180,0.125370,0.020772,0.008926,0.043753,0.000000],[0.802012,0.126482,0.018717,0.008924,0.043865,0.000000],[0.806279,0.115850,0.028233,0.008219,0.041419,0.000000],[1.000000,0.000000,0.000000,0.000000,0.000000,0.000000],[1.000000,0.000000,0.000000,0.000000,0.000000,0.000000],[0.816875,0.113022,0.022167,0.009011,0.038925,0.000000],[0.784336,0.142263,0.014255,0.009910,0.049236,0.000000],[0.764678,0.168946,0.000000,0.011054,0.055322,0.000000],[0.167224,0.231256,0.000000,0.014275,0.587245,0.000000],[0.159547,0.241899,0.000000,0.014042,0.584512,0.000000],[0.140831,0.224466,0.000000,0.013632,0.621070,0.000000],[0.758210,0.176966,0.000000,0.011304,0.053520,0.000000],[0.173707,0.199570,0.000000,0.013814,0.612909,0.000000],[0.173097,0.192768,0.000000,0.013267,0.620868,0.000000],[0.799613,0.142233,0.000000,0.009601,0.048554,0.000000],[0.826097,0.121721,0.000000,0.009346,0.042836,0.000000],[0.828917,0.120483,0.000000,0.009010,0.041589,0.000000],[0.816450,0.131808,0.000000,0.009529,0.042213,0.000000],[0.786816,0.154890,0.000000,0.009923,0.048371,0.000000],[0.175365,0.184828,0.000000,0.013279,0.626527,0.000000],[0.779258,0.156492,0.000000,0.010709,0.053541,0.000000],[0.784462,0.150416,0.000000,0.010730,0.054392,0.000000],[0.779995,0.157284,0.000000,0.010868,0.051853,0.000000],[0.783509,0.161095,0.000000,0.011062,0.044334,0.000000],[0.144254,0.197614,0.000000,0.012961,0.645171,0.000000],[0.141428,0.204059,0.000000,0.012887,0.641626,0.000000],[0.781393,0.162156,0.000000,0.010508,0.045943,0.000000],[0.782662,0.161785,0.000000,0.011131,0.044421,0.000000],[0.766845,0.173491,0.000000,0.010687,0.048977,0.000000],[0.143023,0.197267,0.000000,0.012686,0.647024,0.000000],[0.786769,0.145883,0.013599,0.009345,0.044405,0.000000],[0.802444,0.109986,0.032993,0.008716,0.045861,0.000000],[1.000000,0.000000,0.000000,0.000000,0.000000,0.000000],[0.821338,0.115754,0.007338,0.008409,0.047161,0.000000],[0.825571,0.113180,0.007187,0.008126,0.045936,0.000000],[1.000000,0.000000,0.000000,0.000000,0.000000,0.000000]],
  [[1.000000,0.000000,0.000000,0.000000,0.000000,0.000000],[1.000000,0.000000,0.000000,0.000000,0.000000,0.000000],[0.815212,0.123903,0.015687,0.008627,0.036570,0.000000],[0.144067,0.157882,0.022760,0.012343,0.662948,0.000000],[0.814720,0.116715,0.021561,0.008910,0.038094,0.000000],[1.000000,0.000000,0.000000,0.000000,0.000000,0.000000],[1.000000,0.000000,0.000000,0.000000,0.000000,0.000000],[0.140719,0.145376,0.030627,0.011807,0.671472,0.000000],[0.811693,0.123823,0.016564,0.009153,0.038767,0.000000],[0.807682,0.127711,0.014194,0.009640,0.040774,0.000000],[0.781233,0.155090,0.000000,0.010590,0.053087,0.000000],[0.761627,0.170869,0.000000,0.011246,0.056258,0.000000],[0.170427,0.225382,0.000000,0.014440,0.589751,0.000000],[0.162679,0.237262,0.000000,0.014269,0.585789,0.000000],[0.144100,0.222279,0.000000,0.013955,0.619666,0.000000],[0.752891,0.181141,0.000000,0.011552,0.054416,0.000000],[0.535798,0.246073,0.000000,0.019589,0.198540,0.000000],[0.777285,0.160162,0.000000,0.010469,0.052084,0.000000],[0.799952,0.142070,0.000000,0.009555,0.048423,0.000000],[0.000000,0.000000,0.000000,0.000000,0.000000,1.000000],[0.828365,0.119584,0.000000,0.008580,0.043472,0.000000],[0.152467,0.177973,0.000000,0.012823,0.656737,0.000000],[0.780578,0.162896,0.000000,0.009813,0.046713,0.000000],[0.779514,0.158399,0.000000,0.010366,0.051721,0.000000],[0.553607,0.224482,0.000000,0.018603,0.203309,0.000000],[0.784002,0.150750,0.000000,0.010749,0.054499,0.000000],[0.775926,0.162413,0.000000,0.010785,0.050877,0.000000],[0.776948,0.169839,0.000000,0.010795,0.042418,0.000000],[0.141274,0.202116,0.000000,0.012761,0.643848,0.000000],[0.779985,0.165102,0.000000,0.010272,0.044641,0.000000],[0.787868,0.155018,0.000000,0.010454,0.046661,0.000000],[0.788637,0.155066,0.000000,0.011100,0.045197,0.000000],[0.771079,0.168045,0.000000,0.010764,0.050113,0.000000],[0.779248,0.157506,0.000000,0.010637,0.052609,0.000000],[0.777499,0.140170,0.023566,0.009653,0.049112,0.000000],[1.000000,0.000000,0.000000,0.000000,0.000000,0.000000],[1.000000,0.000000,0.000000,0.000000,0.000000,0.000000],[0.520010,0.149368,0.129559,0.016057,0.185007,0.000000],[0.823576,0.114611,0.007393,0.008215,0.046203,0.000000],[1.000000,0.000000,0.000000,0.000000,0.000000,0.000000]],
  [[1.000000,0.000000,0.000000,0.000000,0.000000,0.000000],[0.137182,0.127364,0.044473,0.010913,0.680068,0.000000],[0.804085,0.136621,0.013440,0.008910,0.036944,0.000000],[0.794739,0.136589,0.015987,0.009036,0.043649,0.000000],[1.000000,0.000000,0.000000,0.000000,0.000000,0.000000],[1.000000,0.000000,0.000000,0.000000,0.000000,0.000000],[0.801145,0.128926,0.018624,0.008678,0.042627,0.000000],[0.792618,0.140770,0.013826,0.009048,0.043737,0.000000],[0.805407,0.143944,0.000000,0.009643,0.041006,0.000000],[0.814111,0.132600,0.000000,0.009878,0.043411,0.000000],[0.791209,0.147448,0.000000,0.010256,0.051087,0.000000],[0.767256,0.164935,0.000000,0.011100,0.056709,0.000000],[0.520243,0.264794,0.000000,0.020305,0.194657,0.000000],[0.734093,0.196854,0.000000,0.012114,0.056939,0.000000],[0.725726,0.200233,0.000000,0.012805,0.061236,0.000000],[0.743235,0.183628,0.000000,0.012189,0.060947,0.000000],[0.758142,0.171725,0.000000,0.011745,0.058388,0.000000],[0.768812,0.165279,0.000000,0.010851,0.055058,0.000000],[0.792476,0.146622,0.000000,0.009883,0.051020,0.000000],[0.000000,0.000000,0.000000,0.000000,0.000000,1.000000],[0.000000,0.000000,0.000000,0.000000,0.000000,1.000000],[0.814056,0.135422,0.000000,0.009383,0.041139,0.000000],[0.145846,0.186547,0.000000,0.012376,0.655231,0.000000],[0.783150,0.153504,0.000000,0.010450,0.052896,0.000000],[0.782170,0.152228,0.000000,0.010813,0.054789,0.000000],[0.782782,0.151630,0.000000,0.010814,0.054773,0.000000],[0.774076,0.163900,0.000000,0.010871,0.051154,0.000000],[0.151212,0.201552,0.000000,0.014043,0.633193,0.000000],[0.146919,0.189658,0.000000,0.012934,0.650489,0.000000],[0.788783,0.154423,0.000000,0.010390,0.046404,0.000000],[0.790625,0.153467,0.000000,0.010991,0.044917,0.000000],[0.156855,0.186063,0.000000,0.014062,0.643021,0.000000],[0.773302,0.164380,0.000000,0.010923,0.051395,0.000000],[0.779482,0.155543,0.000000,0.010875,0.054100,0.000000],[0.504268,0.169534,0.127877,0.016273,0.182047,0.000000],[0.809738,0.117418,0.011351,0.009090,0.052403,0.000000],[1.000000,0.000000,0.000000,0.000000,0.000000,0.000000],[0.812511,0.126041,0.007696,0.008365,0.045387,0.000000],[0.816936,0.123293,0.007537,0.008078,0.044157,0.000000],[1.000000,0.000000,0.000000,0.000000,0.000000,0.000000]],
  [[1.000000,0.000000,0.000000,0.000000,0.000000,0.000000],[0.807604,0.122687,0.018810,0.008505,0.042394,0.000000],[0.789233,0.143574,0.013851,0.009165,0.044177,0.000000],[0.136983,0.154073,0.019472,0.011396,0.678076,0.000000],[1.000000,0.000000,0.000000,0.000000,0.000000,0.000000],[0.793273,0.135591,0.009289,0.009569,0.052278,0.000000],[0.799670,0.135514,0.009032,0.008921,0.046863,0.000000],[0.143536,0.168256,0.000000,0.011400,0.676808,0.000000],[0.819158,0.129720,0.000000,0.009369,0.041752,0.000000],[0.818629,0.128043,0.000000,0.009741,0.043587,0.000000],[0.000000,0.000000,0.000000,0.000000,0.000000,1.000000],[0.774572,0.157190,0.000000,0.010978,0.057260,0.000000],[0.201330,0.217739,0.000000,0.015235,0.565695,0.000000],[0.728683,0.196092,0.000000,0.012719,0.062507,0.000000],[0.735055,0.186586,0.000000,0.012786,0.065573,0.000000],[0.742370,0.184280,0.000000,0.012235,0.061115,0.000000],[0.178083,0.199491,0.000000,0.014326,0.608100,0.000000],[0.762275,0.172596,0.000000,0.010897,0.054232,0.000000],[0.145756,0.182698,0.000000,0.012270,0.659276,0.000000],[0.821471,0.128100,0.000000,0.009165,0.041263,0.000000],[0.000000,0.000000,0.000000,0.000000,0.000000,1.000000],[0.827865,0.121610,0.000000,0.009041,0.041484,0.000000],[0.791373,0.148348,0.000000,0.009850,0.050429,0.000000],[0.769609,0.167883,0.000000,0.010678,0.051829,0.000000],[0.767188,0.167972,0.000000,0.011119,0.053721,0.000000],[0.763996,0.172330,0.000000,0.011025,0.052650,0.000000],[0.765222,0.171476,0.000000,0.010972,0.052330,0.000000],[0.777206,0.169566,0.000000,0.010784,0.042445,0.000000],[0.785164,0.159095,0.000000,0.010285,0.045457,0.000000],[0.789980,0.153329,0.000000,0.010331,0.046360,0.000000],[0.790741,0.153327,0.000000,0.010980,0.044952,0.000000],[0.776622,0.161686,0.000000,0.010751,0.050941,0.000000],[0.762367,0.173486,0.000000,0.011125,0.053022,0.000000],[0.768446,0.164637,0.000000,0.011096,0.055821,0.000000],[0.761412,0.145180,0.031138,0.010051,0.052218,0.000000],[1.000000,0.000000,0.000000,0.000000,0.000000,0.000000],[1.000000,0.000000,0.000000,0.000000,0.000000,0.000000],[0.130867,0.147005,0.027393,0.010516,0.684219,0.000000],[0.130745,0.147500,0.027472,0.010437,0.683846,0.000000],[1.000000,0.000000,0.000000,0.000000,0.000000,0.000000]],
  [[1.000000,0.000000,0.000000,0.000000,0.000000,0.000000],[0.812643,0.106481,0.029850,0.008247,0.042779,0.000000],[0.760913,0.141235,0.037609,0.009847,0.050397,0.000000],[1.000000,0.000000,0.000000,0.000000,0.000000,0.000000],[0.725981,0.159422,0.045624,0.011022,0.057951,0.000000],[0.499868,0.177371,0.123019,0.016927,0.182815,0.000000],[0.169707,0.167518,0.000000,0.011790,0.650986,0.000000],[0.000000,0.000000,0.000000,0.000000,0.000000,1.000000],[0.000000,0.000000,0.000000,0.000000,0.000000,1.000000],[0.822594,0.124213,0.000000,0.009595,0.043598,0.000000],[0.794225,0.144869,0.000000,0.010114,0.050792,0.000000],[0.771374,0.163226,0.000000,0.011010,0.054390,0.000000],[0.759061,0.170855,0.000000,0.011661,0.058423,0.000000],[0.519849,0.264203,0.000000,0.020385,0.195564,0.000000],[0.177145,0.212275,0.000000,0.014679,0.595901,0.000000],[0.738062,0.189934,0.000000,0.012141,0.059862,0.000000],[0.537925,0.240365,0.000000,0.019870,0.201840,0.000000],[0.751098,0.183636,0.000000,0.011169,0.054097,0.000000],[0.145239,0.202572,0.000000,0.012887,0.639301,0.000000],[0.798063,0.146193,0.000000,0.009255,0.046488,0.000000],[0.000000,0.000000,0.000000,0.000000,0.000000,1.000000],[0.000000,0.000000,0.000000,0.000000,0.000000,1.000000],[0.798595,0.142037,0.000000,0.009817,0.049550,0.000000],[0.781752,0.154332,0.000000,0.010553,0.053363,0.000000],[0.176773,0.190309,0.000000,0.013671,0.619247,0.000000],[0.771417,0.164502,0.000000,0.010860,0.053220,0.000000],[0.148887,0.187474,0.000000,0.013117,0.650522,0.000000],[0.780345,0.165336,0.000000,0.010924,0.043395,0.000000],[0.149595,0.182632,0.000000,0.012966,0.654807,0.000000],[0.786556,0.157794,0.000000,0.010231,0.045419,0.000000],[0.789057,0.154694,0.000000,0.011075,0.045174,0.000000],[0.772907,0.164682,0.000000,0.010940,0.051471,0.000000],[0.766332,0.164954,0.000000,0.011353,0.057361,0.000000],[0.178237,0.195432,0.000000,0.013962,0.612369,0.000000],[0.765269,0.145565,0.026073,0.010141,0.052951,0.000000],[0.797042,0.119072,0.027483,0.009158,0.047246,0.000000],[1.000000,0.000000,0.000000,0.000000,0.000000,0.000000],[0.819201,0.113098,0.023627,0.008266,0.035808,0.000000],[0.825068,0.109817,0.022700,0.007892,0.034524,0.000000],[1.000000,0.000000,0.000000,0.000000,0.000000,0.000000]],
  [[1.000000,0.000000,0.000000,0.000000,0.000000,0.000000],[0.812024,0.102415,0.035618,0.008016,0.041927,0.000000],[1.000000,0.000000,0.000000,0.000000,0.000000,0.000000],[0.348868,0.152264,0.353347,0.015786,0.129735,0.000000],[0.721185,0.161060,0.045868,0.011581,0.060306,0.000000],[0.000000,0.000000,0.000000,0.000000,0.000000,1.000000],[0.000000,0.000000,0.000000,0.000000,0.000000,1.000000],[0.812564,0.132088,0.000000,0.008830,0.046518,0.000000],[0.000000,0.000000,0.000000,0.000000,0.000000,1.000000],[0.803455,0.137195,0.000000,0.009679,0.049670,0.000000],[0.781333,0.157888,0.000000,0.010419,0.050360,0.000000],[0.763963,0.170319,0.000000,0.011266,0.054452,0.000000],[0.761550,0.168734,0.000000,0.011537,0.058179,0.000000],[0.751610,0.178398,0.000000,0.011817,0.058175,0.000000],[0.172061,0.211975,0.000000,0.014198,0.601766,0.000000],[0.740909,0.187589,0.000000,0.012000,0.059502,0.000000],[0.737281,0.187370,0.000000,0.012553,0.062796,0.000000],[0.734445,0.194144,0.000000,0.012064,0.059347,0.000000],[0.171248,0.206876,0.000000,0.013599,0.608278,0.000000],[0.784571,0.159518,0.000000,0.009580,0.046330,0.000000],[0.000000,0.000000,0.000000,0.000000,0.000000,1.000000],[0.819944,0.128156,0.000000,0.009458,0.042441,0.000000],[0.793464,0.147929,0.000000,0.009831,0.048776,0.000000],[0.775362,0.161408,0.000000,0.010616,0.052613,0.000000],[0.538866,0.242851,0.000000,0.019328,0.198955,0.000000],[0.765030,0.171569,0.000000,0.010905,0.052496,0.000000],[0.766459,0.171889,0.000000,0.010978,0.050673,0.000000],[0.776250,0.170205,0.000000,0.010859,0.042686,0.000000],[0.153753,0.194460,0.000000,0.014112,0.637676,0.000000],[0.784536,0.159528,0.000000,0.010336,0.045600,0.000000],[0.156881,0.189211,0.000000,0.014284,0.639624,0.000000],[0.765141,0.172905,0.000000,0.011055,0.050899,0.000000],[0.761923,0.174123,0.000000,0.011077,0.052878,0.000000],[0.528534,0.257212,0.000000,0.019598,0.194656,0.000000],[0.781627,0.157464,0.000000,0.010155,0.050755,0.000000],[0.801504,0.126159,0.017595,0.009209,0.045533,0.000000],[1.000000,0.000000,0.000000,0.000000,0.000000,0.000000],[0.827612,0.100018,0.027742,0.008132,0.036496,0.000000],[0.835907,0.094179,0.025285,0.007384,0.037245,0.000000],[1.000000,0.000000,0.000000,0.000000,0.000000,0.000000]],
  [[1.000000,0.000000,0.000000,0.000000,0.000000,0.000000],[1.000000,0.000000,0.000000,0.000000,0.000000,0.000000],[0.164989,0.200366,0.016490,0.013288,0.604867,0.000000],[0.715491,0.174899,0.044740,0.011165,0.053704,0.000000],[0.766198,0.165442,0.000000,0.011272,0.057088,0.000000],[0.000000,0.000000,0.000000,0.000000,0.000000,1.000000],[0.143688,0.150943,0.000000,0.011019,0.694350,0.000000],[0.806758,0.136604,0.000000,0.009223,0.047415,0.000000],[0.807323,0.139478,0.000000,0.010019,0.043179,0.000000],[0.784844,0.156409,0.000000,0.010054,0.048694,0.000000],[0.771773,0.166411,0.000000,0.010496,0.051320,0.000000],[0.175127,0.200632,0.000000,0.013906,0.610335,0.000000],[0.760427,0.169497,0.000000,0.011635,0.058441,0.000000],[0.749424,0.180498,0.000000,0.011992,0.058087,0.000000],[0.744740,0.186353,0.000000,0.011926,0.056980,0.000000],[0.150223,0.206613,0.000000,0.013904,0.629261,0.000000],[0.747269,0.178949,0.000000,0.012201,0.061582,0.000000],[0.521499,0.262531,0.000000,0.020100,0.195869,0.000000],[0.172004,0.208142,0.000000,0.013723,0.606131,0.000000],[0.783210,0.160688,0.000000,0.009646,0.046456,0.000000],[0.154455,0.165301,0.000000,0.012722,0.667522,0.000000],[0.813974,0.133617,0.000000,0.009714,0.042695,0.000000],[0.782945,0.158970,0.000000,0.010011,0.048073,0.000000],[0.173291,0.196093,0.000000,0.013512,0.617103,0.000000],[0.757824,0.174172,0.000000,0.011447,0.056557,0.000000],[0.761133,0.169430,0.000000,0.011593,0.057845,0.000000],[0.149919,0.191702,0.000000,0.013432,0.644947,0.000000],[0.765924,0.172127,0.000000,0.011042,0.050906,0.000000],[0.779574,0.164129,0.000000,0.011312,0.044985,0.000000],[0.773571,0.172483,0.000000,0.011019,0.042927,0.000000],[0.771260,0.174310,0.000000,0.011140,0.043290,0.000000],[0.754790,0.185021,0.000000,0.010987,0.049201,0.000000],[0.167121,0.212524,0.000000,0.013667,0.606688,0.000000],[0.171152,0.206337,0.000000,0.013736,0.608775,0.000000],[0.781196,0.157379,0.000000,0.010245,0.051180,0.000000],[0.801760,0.124677,0.019018,0.009189,0.045356,0.000000],[1.000000,0.000000,0.000000,0.000000,0.000000,0.000000],[0.834641,0.085398,0.034770,0.007343,0.037849,0.000000],[0.841419,0.082026,0.033377,0.006929,0.036249,0.000000],[1.000000,0.000000,0.000000,0.000000,0.000000,0.000000]],
  [[1.000000,0.000000,0.000000,0.000000,0.000000,0.000000],[0.128746,0.148731,0.028145,0.010524,0.683855,0.000000],[0.136727,0.188899,0.017005,0.012302,0.645067,0.000000],[0.755955,0.181559,0.000000,0.010968,0.051519,0.000000],[0.148742,0.181083,0.000000,0.012763,0.657412,0.000000],[0.781662,0.158185,0.000000,0.010275,0.049878,0.000000],[0.807328,0.139605,0.000000,0.010018,0.043050,0.000000],[0.803845,0.143277,0.000000,0.010102,0.042776,0.000000],[0.796055,0.149243,0.000000,0.010597,0.044105,0.000000],[0.144469,0.199383,0.000000,0.012889,0.643259,0.000000],[0.168112,0.213372,0.000000,0.013620,0.604896,0.000000],[0.526798,0.258463,0.000000,0.019801,0.194938,0.000000],[0.766792,0.166120,0.000000,0.011387,0.055701,0.000000],[0.757705,0.175431,0.000000,0.011645,0.055220,0.000000],[0.765506,0.168998,0.000000,0.011192,0.054305,0.000000],[0.757475,0.174069,0.000000,0.011506,0.056951,0.000000],[0.746321,0.179855,0.000000,0.012104,0.061721,0.000000],[0.758358,0.173540,0.000000,0.011432,0.056670,0.000000],[0.173676,0.196295,0.000000,0.013529,0.616501,0.000000],[0.777307,0.165974,0.000000,0.009871,0.046848,0.000000],[0.000000,0.000000,0.000000,0.000000,0.000000,1.000000],[0.806857,0.140649,0.000000,0.009893,0.042601,0.000000],[0.780741,0.161408,0.000000,0.010017,0.047834,0.000000],[0.142457,0.209591,0.000000,0.013055,0.634897,0.000000],[0.747904,0.186117,0.000000,0.011374,0.054605,0.000000],[0.748883,0.183154,0.000000,0.011658,0.056304,0.000000],[0.755668,0.175434,0.000000,0.011643,0.057255,0.000000],[0.757307,0.178845,0.000000,0.011498,0.052349,0.000000],[0.758342,0.178206,0.000000,0.011455,0.051996,0.000000],[0.144148,0.205563,0.000000,0.013382,0.636906,0.000000],[0.141538,0.212028,0.000000,0.013288,0.633146,0.000000],[0.144636,0.206207,0.000000,0.013415,0.635742,0.000000],[0.749523,0.188073,0.000000,0.011173,0.051232,0.000000],[0.144624,0.201046,0.000000,0.013058,0.641272,0.000000],[0.778092,0.162768,0.000000,0.010316,0.048824,0.000000],[0.799518,0.129613,0.015983,0.009303,0.045583,0.000000],[1.000000,0.000000,0.000000,0.000000,0.000000,0.000000],[1.000000,0.000000,0.000000,0.000000,0.000000,0.000000],[0.848177,0.067857,0.041663,0.006579,0.035724,0.000000],[1.000000,0.000000,0.000000,0.000000,0.000000,0.000000]],
  [[1.000000,0.000000,0.000000,0.000000,0.000000,0.000000],[0.807596,0.129080,0.007822,0.008694,0.046807,0.000000],[0.783290,0.156248,0.000000,0.010033,0.050428,0.000000],[0.775477,0.161676,0.000000,0.010566,0.052282,0.000000],[0.770388,0.168591,0.000000,0.010744,0.050277,0.000000],[0.786651,0.158226,0.000000,0.010860,0.044264,0.000000],[0.793249,0.151361,0.000000,0.010785,0.044605,0.000000],[0.796631,0.146994,0.000000,0.010892,0.045483,0.000000],[0.784823,0.159659,0.000000,0.010985,0.044533,0.000000],[0.760202,0.180537,0.000000,0.010701,0.048560,0.000000],[0.166937,0.210796,0.000000,0.013539,0.608729,0.000000],[0.765846,0.169136,0.000000,0.011158,0.053860,0.000000],[0.770039,0.163649,0.000000,0.011228,0.055085,0.000000],[0.756925,0.178178,0.000000,0.011392,0.053505,0.000000],[0.172559,0.197598,0.000000,0.013703,0.616140,0.000000],[0.546740,0.230815,0.000000,0.019158,0.203286,0.000000],[0.769953,0.160343,0.000000,0.011411,0.058293,0.000000],[0.765021,0.169627,0.000000,0.011250,0.054103,0.000000],[0.776735,0.161626,0.000000,0.010701,0.050938,0.000000],[0.785633,0.155514,0.000000,0.010052,0.048800,0.000000],[0.154311,0.165765,0.000000,0.012878,0.667046,0.000000],[0.000000,0.000000,0.000000,0.000000,0.000000,1.000000],[0.789727,0.156908,0.000000,0.010480,0.042885,0.000000],[0.141504,0.208917,0.000000,0.012980,0.636599,0.000000],[0.167928,0.217045,0.000000,0.013922,0.601105,0.000000],[0.521577,0.263977,0.000000,0.020262,0.194184,0.000000],[0.172526,0.213596,0.000000,0.014329,0.599548,0.000000],[0.738790,0.194485,0.000000,0.012055,0.054669,0.000000],[0.729811,0.205667,0.000000,0.011899,0.052623,0.000000],[0.166008,0.228336,0.000000,0.014269,0.591388,0.000000],[0.738482,0.195458,0.000000,0.011626,0.054435,0.000000],[0.758055,0.177207,0.000000,0.011292,0.053446,0.000000],[0.760621,0.178409,0.000000,0.010999,0.049970,0.000000],[0.782488,0.161657,0.000000,0.011135,0.044719,0.000000],[0.793318,0.151459,0.000000,0.010780,0.044443,0.000000],[0.802502,0.133534,0.014322,0.009642,0.040001,0.000000],[0.817381,0.104112,0.032634,0.008491,0.037383,0.000000],[1.000000,0.000000,0.000000,0.000000,0.000000,0.000000],[1.000000,0.000000,0.000000,0.000000,0.000000,0.000000],[1.000000,0.000000,0.000000,0.000000,0.000000,0.000000]],
