[
  [[1.000000,0.000000,0.000000,0.000000,0.000000,0.000000],[1.000000,0.000000,0.000000,0.000000,0.000000,0.000000],[1.000000,0.000000,0.000000,0.000000,0.000000,0.000000],[1.000000,0.000000,0.000000,0.000000,0.000000,0.000000],[1.000000,0.000000,0.000000,0.000000,0.000000,0.000000],[1.000000,0.000000,0.000000,0.000000,0.000000,0.000000],[1.000000,0.000000,0.000000,0.000000,0.000000,0.000000],[1.000000,0.000000,0.000000,0.000000,0.000000,0.000000],[1.000000,0.000000,0.000000,0.000000,0.000000,0.000000],[1.000000,0.000000,0.000000,0.000000,0.000000,0.000000],[1.000000,0.000000,0.000000,0.000000,0.000000,0.000000],[1.000000,0.000000,0.000000,0.000000,0.000000,0.000000],[1.000000,0.000000,0.000000,0.000000,0.000000,0.000000],[1.000000,0.000000,0.000000,0.000000,0.000000,0.000000],[1.000000,0.000000,0.000000,0.000000,0.000000,0.000000],[1.000000,0.000000,0.000000,0.000000,0.000000,0.000000],[1.000000,0.000000,0.000000,0.000000,0.000000,0.000000],[1.000000,0.000000,0.000000,0.000000,0.000000,0.000000],[1.000000,0.000000,0.000000,0.000000,0.000000,0.000000],[1.000000,0.000000,0.000000,0.000000,0.000000,0.000000],[1.000000,0.000000,0.000000,0.000000,0.000000,0.000000],[1.000000,0.000000,0.000000,0.000000,0.000000,0.000000],[1.000000,0.000000,0.000000,0.000000,0.000000,0.000000],[1.000000,0.000000,0.000000,0.000000,0.000000,0.000000],[1.000000,0.000000,0.000000,0.000000,0.000000,0.000000],[1.000000,0.000000,0.000000,0.000000,0.000000,0.000000],[1.000000,0.000000,0.000000,0.000000,0.000000,0.000000],[1.000000,0.000000,0.000000,0.000000,0.000000,0.000000],[1.000000,0.000000,0.000000,0.000000,0.000000,0.000000],[1.000000,0.000000,0.000000,0.000000,0.000000,0.000000],[1.000000,0.000000,0.000000,0.000000,0.000000,0.000000],[1.000000,0.000000,0.000000,0.000000,0.000000,0.000000],[1.000000,0.000000,0.000000,0.000000,0.000000,0.000000],[1.000000,0.000000,0.000000,0.000000,0.000000,0.000000],[1.000000,0.000000,0.000000,0.000000,0.000000,0.000000],[1.000000,0.000000,0.000000,0.000000,0.000000,0.000000],[1.000000,0.000000,0.000000,0.000000,0.000000,0.000000],[1.000000,0.000000,0.000000,0.000000,0.000000,0.000000],[1.000000,0.000000,0.000000,0.000000,0.000000,0.000000],[1.000000,0.000000,0.000000,0.000000,0.000000,0.000000]],
  [[1.000000,0.000000,0.000000,0.000000,0.000000,0.000000],[0.835475,0.085366,0.036949,0.006881,0.035329,0.000000],[0.137600,0.149802,0.031676,0.011503,0.669420,0.000000],[0.817060,0.117750,0.020522,0.008477,0.036190,0.000000],[0.137110,0.126888,0.044926,0.010864,0.680212,0.000000],[1.000000,0.000000,0.000000,0.000000,0.000000,0.000000],[1.000000,0.000000,0.000000,0.000000,0.000000,0.000000],[0.125335,0.114952,0.048387,0.009381,0.701945,0.000000],[0.804953,0.129904,0.016628,0.008204,0.040312,0.000000],[0.802535,0.130140,0.016226,0.008648,0.042451,0.000000],[0.133006,0.153925,0.022075,0.010917,0.680077,0.000000],[0.803264,0.127709,0.018607,0.008554,0.041866,0.000000],[0.810912,0.125898,0.018283,0.008673,0.036234,0.000000],[0.132579,0.150890,0.024814,0.010862,0.680855,0.000000],[0.813655,0.122149,0.017671,0.008264,0.038262,0.000000],[0.816198,0.118300,0.018086,0.008363,0.039053,0.000000],[0.810426,0.126283,0.018228,0.008718,0.036345,0.000000],[0.803346,0.128090,0.018050,0.008576,0.041938,0.000000],[0.815055,0.121832,0.007302,0.008606,0.047205,0.000000],[0.818037,0.117823,0.007275,0.008665,0.048200,0.000000],[0.815417,0.121571,0.007276,0.008585,0.047151,0.000000],[0.803843,0.127330,0.018434,0.008538,0.041855,0.000000],[0.811188,0.125159,0.018817,0.008644,0.036193,0.000000],[0.134328,0.143432,0.026775,0.010834,0.684632,0.000000],[0.818182,0.115606,0.019469,0.008185,0.038557,0.000000],[0.133974,0.141899,0.027941,0.010751,0.685436,0.000000],[0.818849,0.114952,0.019616,0.008152,0.038431,0.000000],[0.818419,0.115197,0.019623,0.008190,0.038571,0.000000],[0.814575,0.119962,0.020048,0.008670,0.036744,0.000000],[0.131816,0.151634,0.023903,0.010793,0.681854,0.000000],[0.812396,0.123736,0.007628,0.008688,0.047552,0.000000],[0.811566,0.124208,0.007761,0.008727,0.047738,0.000000],[0.167777,0.153625,0.009818,0.011426,0.657354,0.000000],[0.807215,0.122308,0.019202,0.008572,0.042704,0.000000],[0.817848,0.114679,0.021442,0.008679,0.037352,0.000000],[0.140259,0.144764,0.031482,0.011708,0.671787,0.000000],[0.815256,0.119325,0.020197,0.008607,0.036615,0.000000],[0.137969,0.151083,0.030608,0.011564,0.668776,0.000000],[0.831594,0.088589,0.038936,0.007275,0.033606,0.000000],[1.000000,0.000000,0.000000,0.000000,0.000000,0.000000]],
  [[1.000000,0.000000,0.000000,0.000000,0.000000,0.000000],[0.133677,0.141031,0.028967,0.010608,0.685717,0.000000],[0.806162,0.144013,0.000000,0.009529,0.040296,0.000000],[0.786989,0.156186,0.000000,0.009743,0.047082,0.000000],[0.794588,0.138220,0.013504,0.009163,0.044524,0.000000],[0.808733,0.110676,0.030111,0.008256,0.042223,0.000000],[1.000000,0.000000,0.000000,0.000000,0.000000,0.000000],[0.132358,0.152403,0.023007,0.010851,0.681382,0.000000],[0.792051,0.151755,0.000000,0.009222,0.046973,0.000000],[0.172420,0.191484,0.000000,0.012937,0.623159,0.000000],[0.788748,0.151756,0.000000,0.009793,0.049703,0.000000],[0.784579,0.158203,0.000000,0.009877,0.047341,0.000000],[0.150823,0.198666,0.000000,0.013552,0.636959,0.000000],[0.146610,0.187353,0.000000,0.012515,0.653523,0.000000],[0.795643,0.151539,0.000000,0.009573,0.043245,0.000000],[0.146838,0.188156,0.000000,0.012612,0.652395,0.000000],[0.147958,0.207012,0.000000,0.013577,0.631454,0.000000],[0.143288,0.196788,0.000000,0.012482,0.647442,0.000000],[0.792225,0.147114,0.000000,0.009902,0.050760,0.000000],[0.568660,0.207976,0.000000,0.017673,0.205691,0.000000],[0.791286,0.147838,0.000000,0.009938,0.050937,0.000000],[0.146467,0.191090,0.000000,0.012607,0.649836,0.000000],[0.151111,0.199657,0.000000,0.013611,0.635622,0.000000],[0.797834,0.150178,0.000000,0.010094,0.041894,0.000000],[0.799490,0.148874,0.000000,0.009995,0.041642,0.000000],[0.800510,0.148074,0.000000,0.009949,0.041467,0.000000],[0.149266,0.178813,0.000000,0.012448,0.659474,0.000000],[0.802505,0.144101,0.000000,0.009500,0.043894,0.000000],[0.153688,0.190800,0.000000,0.013571,0.641941,0.000000],[0.781454,0.162444,0.000000,0.009749,0.046353,0.000000],[0.786794,0.153276,0.000000,0.009876,0.050055,0.000000],[0.548567,0.234534,0.000000,0.018306,0.198593,0.000000],[0.787841,0.152376,0.000000,0.009822,0.049960,0.000000],[0.785951,0.156827,0.000000,0.009816,0.047405,0.000000],[0.799099,0.148946,0.000000,0.010027,0.041927,0.000000],[0.790962,0.151072,0.000000,0.009848,0.048117,0.000000],[0.785803,0.157122,0.000000,0.009794,0.047281,0.000000],[0.792732,0.152224,0.000000,0.009343,0.045701,0.000000],[0.131455,0.150855,0.024771,0.010649,0.682269,0.000000],[1.000000,0.000000,0.000000,0.000000,0.000000,0.000000]],
  [[1.000000,0.000000,0.000000,0.000000,0.000000,0.000000],[0.813632,0.120876,0.019773,0.008737,0.036982,0.000000],[0.795247,0.152135,0.000000,0.010231,0.042387,0.000000],[0.771934,0.167203,0.000000,0.010679,0.050184,0.000000],[0.780607,0.156496,0.000000,0.010525,0.052372,0.000000],[0.790689,0.139442,0.009673,0.009767,0.050429,0.000000],[1.000000,0.000000,0.000000,0.000000,0.000000,0.000000],[0.792214,0.132618,0.018643,0.009389,0.047135,0.000000],[0.785392,0.143030,0.013468,0.009494,0.048615,0.000000],[0.556322,0.222625,0.000000,0.018289,0.202763,0.000000],[0.783836,0.152935,0.000000,0.010433,0.052796,0.000000],[0.777802,0.160787,0.000000,0.010661,0.050750,0.000000],[0.786882,0.158241,0.000000,0.010849,0.044028,0.000000],[0.786245,0.158132,0.000000,0.010213,0.045410,0.000000],[0.784981,0.159224,0.000000,0.010283,0.045512,0.000000],[0.780765,0.164405,0.000000,0.010211,0.044619,0.000000],[0.145004,0.213900,0.000000,0.013746,0.627351,0.000000],[0.765621,0.176615,0.000000,0.010386,0.047377,0.000000],[0.778856,0.158789,0.000000,0.010465,0.051890,0.000000],[0.780488,0.155492,0.000000,0.010651,0.053369,0.000000],[0.768022,0.167846,0.000000,0.010661,0.053471,0.000000],[0.757329,0.181897,0.000000,0.010714,0.050059,0.000000],[0.767741,0.172732,0.000000,0.010578,0.048949,0.000000],[0.778640,0.160142,0.000000,0.010626,0.050592,0.000000],[0.785296,0.152901,0.000000,0.010583,0.051220,0.000000],[0.790524,0.155206,0.000000,0.010657,0.043613,0.000000],[0.792913,0.150990,0.000000,0.010138,0.045959,0.000000],[0.788744,0.156022,0.000000,0.010078,0.045155,0.000000],[0.791538,0.152734,0.000000,0.010896,0.044831,0.000000],[0.774790,0.165048,0.000000,0.010532,0.049630,0.000000],[0.175758,0.184967,0.000000,0.013332,0.625943,0.000000],[0.780250,0.155662,0.000000,0.010635,0.053453,0.000000],[0.782400,0.153953,0.000000,0.010522,0.053125,0.000000],[0.148537,0.181963,0.000000,0.012747,0.656754,0.000000],[0.789824,0.153784,0.000000,0.010985,0.045407,0.000000],[0.779128,0.157700,0.000000,0.010876,0.052297,0.000000],[0.782129,0.151974,0.000000,0.010822,0.055075,0.000000],[0.783904,0.155397,0.000000,0.010014,0.050685,0.000000],[0.807633,0.128880,0.007793,0.008702,0.046991,0.000000],[1.000000,0.000000,0.000000,0.000000,0.000000,0.000000]],
  [[1.000000,0.000000,0.000000,0.000000,0.000000,0.000000],[0.801372,0.130097,0.017243,0.008696,0.042592,0.000000],[0.144409,0.198622,0.000000,0.012652,0.644317,0.000000],[0.754823,0.181610,0.000000,0.011176,0.052391,0.000000],[0.175251,0.205232,0.000000,0.014028,0.605489,0.000000],[0.480583,0.185076,0.141254,0.016708,0.176379,0.000000],[0.792192,0.136475,0.009685,0.009934,0.051714,0.000000],[1.000000,0.000000,0.000000,0.000000,0.000000,0.000000],[0.804746,0.127386,0.008459,0.009306,0.050103,0.000000],[0.795552,0.134390,0.009488,0.009687,0.050883,0.000000],[0.791791,0.145032,0.000000,0.010241,0.052936,0.000000],[0.781088,0.158426,0.000000,0.010446,0.050039,0.000000],[0.790287,0.153942,0.000000,0.010936,0.044835,0.000000],[0.781564,0.164246,0.000000,0.010857,0.043333,0.000000],[0.153951,0.194775,0.000000,0.014136,0.637138,0.000000],[0.780293,0.165392,0.000000,0.010935,0.043379,0.000000],[0.783521,0.161143,0.000000,0.011052,0.044284,0.000000],[0.145332,0.190002,0.000000,0.012819,0.651848,0.000000],[0.775071,0.163206,0.000000,0.010834,0.050889,0.000000],[0.772837,0.164960,0.000000,0.010939,0.051264,0.000000],[0.147350,0.195322,0.000000,0.013154,0.644174,0.000000],[0.172444,0.195116,0.000000,0.013536,0.618904,0.000000],[0.776911,0.158394,0.000000,0.010850,0.053846,0.000000],[0.785194,0.149767,0.000000,0.010699,0.054340,0.000000],[0.782517,0.155137,0.000000,0.010727,0.051618,0.000000],[0.791102,0.153010,0.000000,0.010933,0.044955,0.000000],[0.153831,0.192427,0.000000,0.013959,0.639782,0.000000],[0.785893,0.159073,0.000000,0.010921,0.044113,0.000000],[0.788318,0.155254,0.000000,0.011099,0.045330,0.000000],[0.776636,0.161573,0.000000,0.010764,0.051027,0.000000],[0.776649,0.161632,0.000000,0.010747,0.050972,0.000000],[0.777130,0.161302,0.000000,0.010709,0.050859,0.000000],[0.778720,0.160019,0.000000,0.010623,0.050638,0.000000],[0.778648,0.160014,0.000000,0.010634,0.050705,0.000000],[0.771767,0.167149,0.000000,0.010711,0.050373,0.000000],[0.759924,0.175384,0.000000,0.011233,0.053459,0.000000],[0.760862,0.171379,0.000000,0.011291,0.056468,0.000000],[0.542131,0.240666,0.000000,0.018819,0.198384,0.000000],[0.169029,0.157572,0.010503,0.011702,0.651193,0.000000],[1.000000,0.000000,0.000000,0.000000,0.000000,0.000000]],
  [[1.000000,0.000000,0.000000,0.000000,0.000000,0.000000],[0.165360,0.162087,0.010357,0.011564,0.650633,0.000000],[0.775148,0.164467,0.000000,0.010198,0.050187,0.000000],[0.171628,0.207835,0.000000,0.013862,0.606675,0.000000],[0.757267,0.175171,0.000000,0.011449,0.056113,0.000000],[0.771805,0.163323,0.000000,0.011019,0.053852,0.000000],[0.769328,0.142107,0.025890,0.010335,0.052340,0.000000],[0.788470,0.136505,0.016047,0.009851,0.049127,0.000000],[1.000000,0.000000,0.000000,0.000000,0.000000,0.000000],[0.802315,0.122779,0.020528,0.009134,0.045244,0.000000],[0.795357,0.133218,0.015084,0.009577,0.046764,0.000000],[0.776227,0.151669,0.014372,0.009887,0.047844,0.000000],[0.146504,0.191574,0.000000,0.012798,0.649125,0.000000],[0.764390,0.177388,0.000000,0.010466,0.047755,0.000000],[0.145865,0.191733,0.000000,0.012903,0.649500,0.000000],[0.769504,0.171367,0.000000,0.010539,0.048590,0.000000],[0.785103,0.159785,0.000000,0.010971,0.044141,0.000000],[0.782448,0.163544,0.000000,0.010826,0.043182,0.000000],[0.784154,0.160427,0.000000,0.011042,0.044378,0.000000],[0.778875,0.166359,0.000000,0.011022,0.043744,0.000000],[0.763235,0.176433,0.000000,0.010850,0.049482,0.000000],[0.767417,0.169831,0.000000,0.010792,0.051961,0.000000],[0.550425,0.227851,0.000000,0.018908,0.202817,0.000000],[0.781905,0.152481,0.000000,0.010874,0.054740,0.000000],[0.778878,0.158095,0.000000,0.010922,0.052105,0.000000],[0.775312,0.162794,0.000000,0.010823,0.051070,0.000000],[0.766751,0.173496,0.000000,0.010677,0.049076,0.000000],[0.143806,0.199455,0.000000,0.012930,0.643809,0.000000],[0.765642,0.174251,0.000000,0.010747,0.049360,0.000000],[0.774308,0.163613,0.000000,0.010881,0.051198,0.000000],[0.784796,0.159760,0.000000,0.010992,0.044451,0.000000],[0.789265,0.154471,0.000000,0.011039,0.045224,0.000000],[0.790279,0.153543,0.000000,0.010989,0.045189,0.000000],[0.792195,0.150317,0.000000,0.011171,0.046317,0.000000],[0.771677,0.165454,0.000000,0.010999,0.051870,0.000000],[0.175629,0.200932,0.000000,0.013948,0.609491,0.000000],[0.193950,0.229880,0.000000,0.014929,0.561240,0.000000],[0.750508,0.181979,0.000000,0.011087,0.056426,0.000000],[0.797876,0.134399,0.008674,0.009098,0.049953,0.000000],[1.000000,0.000000,0.000000,0.000000,0.000000,0.000000]],
  [[1.000000,0.000000,0.000000,0.000000,0.000000,0.000000],[0.807300,0.127216,0.008155,0.008938,0.048392,0.000000],[0.533305,0.253375,0.000000,0.019044,0.194276,0.000000],[0.756968,0.174485,0.000000,0.011520,0.057027,0.000000],[0.753069,0.180949,0.000000,0.011603,0.054380,0.000000],[0.768714,0.168201,0.000000,0.011113,0.051972,0.000000],[0.776613,0.161978,0.000000,0.010683,0.050725,0.000000],[0.783082,0.145696,0.014273,0.009889,0.047060,0.000000],[0.808847,0.124706,0.016004,0.009652,0.040790,0.000000],[1.000000,0.000000,0.000000,0.000000,0.000000,0.000000],[1.000000,0.000000,0.000000,0.000000,0.000000,0.000000],[0.788262,0.142774,0.014250,0.009456,0.045257,0.000000],[0.172090,0.191606,0.000000,0.013122,0.623182,0.000000],[0.774694,0.164246,0.000000,0.010345,0.050716,0.000000],[0.780256,0.155843,0.000000,0.010658,0.053243,0.000000],[0.769958,0.171006,0.000000,0.010488,0.048547,0.000000],[0.153946,0.193638,0.000000,0.014020,0.638396,0.000000],[0.786393,0.158044,0.000000,0.010222,0.045340,0.000000],[0.149664,0.183096,0.000000,0.013003,0.654237,0.000000],[0.775713,0.170899,0.000000,0.010865,0.042522,0.000000],[0.143201,0.200795,0.000000,0.012983,0.643021,0.000000],[0.768202,0.169370,0.000000,0.010752,0.051675,0.000000],[0.770794,0.165369,0.000000,0.010898,0.052939,0.000000],[0.772853,0.163540,0.000000,0.010807,0.052801,0.000000],[0.767349,0.171043,0.000000,0.010952,0.050655,0.000000],[0.767910,0.168679,0.000000,0.011208,0.052203,0.000000],[0.765132,0.171449,0.000000,0.010923,0.052496,0.000000],[0.173236,0.200002,0.000000,0.013828,0.612934,0.000000],[0.765256,0.171421,0.000000,0.010911,0.052412,0.000000],[0.146229,0.194304,0.000000,0.013091,0.646376,0.000000],[0.766562,0.173690,0.000000,0.010685,0.049063,0.000000],[0.145699,0.190717,0.000000,0.012861,0.650723,0.000000],[0.775262,0.162895,0.000000,0.010820,0.051023,0.000000],[0.777886,0.158782,0.000000,0.010972,0.052360,0.000000],[0.764872,0.169533,0.000000,0.011284,0.054311,0.000000],[0.759330,0.172546,0.000000,0.011413,0.056711,0.000000],[0.525193,0.259390,0.000000,0.019891,0.195526,0.000000],[0.176812,0.201811,0.000000,0.013741,0.607637,0.000000],[0.795595,0.133345,0.015090,0.009208,0.046762,0.000000],[1.000000,0.000000,0.000000,0.000000,0.000000,0.000000]],
  [[1.000000,0.000000,0.000000,0.000000,0.000000,0.000000],[0.809518,0.125673,0.007891,0.008845,0.048073,0.000000],[0.777338,0.162683,0.000000,0.010102,0.049877,0.000000],[0.170356,0.205178,0.000000,0.013629,0.610837,0.000000],[0.754381,0.182043,0.000000,0.011213,0.052363,0.000000],[0.766194,0.171951,0.000000,0.010983,0.050871,0.000000],[0.146714,0.191574,0.000000,0.012871,0.648842,0.000000],[0.781872,0.157884,0.000000,0.010405,0.049839,0.000000],[0.792032,0.137265,0.014303,0.009668,0.046731,0.000000],[0.813104,0.115162,0.022840,0.009273,0.039621,0.000000],[1.000000,0.000000,0.000000,0.000000,0.000000,0.000000],[0.799933,0.128419,0.017984,0.009092,0.044572,0.000000],[0.792338,0.138226,0.010349,0.009549,0.049538,0.000000],[0.557122,0.221993,0.000000,0.018213,0.202672,0.000000],[0.788234,0.147868,0.000000,0.010443,0.053454,0.000000],[0.776363,0.164120,0.000000,0.010415,0.049102,0.000000],[0.153894,0.192321,0.000000,0.013937,0.639848,0.000000],[0.786947,0.157529,0.000000,0.010193,0.045330,0.000000],[0.788031,0.155089,0.000000,0.010419,0.046462,0.000000],[0.144876,0.213159,0.000000,0.013760,0.628205,0.000000],[0.139911,0.204774,0.000000,0.012755,0.642560,0.000000],[0.761284,0.180128,0.000000,0.010643,0.047946,0.000000],[0.143419,0.201036,0.000000,0.013018,0.642527,0.000000],[0.140567,0.207463,0.000000,0.012940,0.639030,0.000000],[0.750357,0.187552,0.000000,0.011119,0.050972,0.000000],[0.147931,0.202133,0.000000,0.013582,0.636355,0.000000],[0.750658,0.181680,0.000000,0.011580,0.056082,0.000000],[0.532457,0.248887,0.000000,0.019872,0.198784,0.000000],[0.754617,0.178348,0.000000,0.011400,0.055635,0.000000],[0.757931,0.180709,0.000000,0.011098,0.050262,0.000000],[0.140523,0.206832,0.000000,0.012902,0.639743,0.000000],[0.767532,0.169844,0.000000,0.010776,0.051848,0.000000],[0.773947,0.160807,0.000000,0.011010,0.054236,0.000000],[0.774635,0.159920,0.000000,0.010992,0.054454,0.000000],[0.762777,0.171325,0.000000,0.011383,0.054515,0.000000],[0.770731,0.163018,0.000000,0.011172,0.055079,0.000000],[0.767903,0.167319,0.000000,0.011009,0.053769,0.000000],[0.781455,0.157242,0.000000,0.010190,0.051112,0.000000],[0.800234,0.131236,0.016686,0.008783,0.043062,0.000000],[1.000000,0.000000,0.000000,0.000000,0.000000,0.000000]],
  [[1.000000,0.000000,0.000000,0.000000,0.000000,0.000000],[0.805550,0.124013,0.018825,0.008677,0.042934,0.000000],[0.143667,0.195952,0.000000,0.012502,0.647879,0.000000],[0.143918,0.199415,0.000000,0.012910,0.643756,0.000000],[0.757832,0.179306,0.000000,0.011043,0.051819,0.000000],[0.171997,0.193570,0.000000,0.013431,0.621002,0.000000],[0.775143,0.161691,0.000000,0.010658,0.052508,0.000000],[0.783592,0.153210,0.000000,0.010467,0.052732,0.000000],[0.785384,0.155363,0.000000,0.010190,0.049063,0.000000],[0.800279,0.135025,0.014314,0.009812,0.040570,0.000000],[0.808396,0.126568,0.016222,0.009393,0.039422,0.000000],[1.000000,0.000000,0.000000,0.000000,0.000000,0.000000],[0.813555,0.120590,0.007475,0.008955,0.049424,0.000000],[0.803399,0.128193,0.008534,0.009387,0.050487,0.000000],[0.795832,0.134110,0.009408,0.009682,0.050969,0.000000],[0.783259,0.156697,0.000000,0.010322,0.049722,0.000000],[0.791083,0.153012,0.000000,0.010919,0.044986,0.000000],[0.787465,0.157744,0.000000,0.010840,0.043951,0.000000],[0.785667,0.159381,0.000000,0.010937,0.044016,0.000000],[0.778588,0.168583,0.000000,0.010707,0.042122,0.000000],[0.150921,0.200861,0.000000,0.014003,0.634215,0.000000],[0.780507,0.165207,0.000000,0.010934,0.043353,0.000000],[0.778240,0.167113,0.000000,0.011057,0.043590,0.000000],[0.145404,0.217536,0.000000,0.014061,0.623000,0.000000],[0.135617,0.222875,0.000000,0.012925,0.628583,0.000000],[0.745842,0.187841,0.000000,0.011498,0.054819,0.000000],[0.731751,0.196180,0.000000,0.012257,0.059812,0.000000],[0.200524,0.218127,0.000000,0.015307,0.566042,0.000000],[0.760209,0.169938,0.000000,0.011691,0.058162,0.000000],[0.757029,0.181361,0.000000,0.011150,0.050460,0.000000],[0.141341,0.209436,0.000000,0.013071,0.636153,0.000000],[0.760309,0.177682,0.000000,0.010851,0.051158,0.000000],[0.537296,0.244578,0.000000,0.019504,0.198622,0.000000],[0.766458,0.168693,0.000000,0.011125,0.053725,0.000000],[0.144674,0.202870,0.000000,0.013176,0.639280,0.000000],[0.764792,0.173139,0.000000,0.011050,0.051019,0.000000],[0.768747,0.169930,0.000000,0.010831,0.050492,0.000000],[0.148883,0.183268,0.000000,0.012642,0.655207,0.000000],[0.805965,0.122990,0.019594,0.008635,0.042816,0.000000],[1.000000,0.000000,0.000000,0.000000,0.000000,0.000000]],
  [[1.000000,0.000000,0.000000,0.000000,0.000000,0.000000],[0.816539,0.116147,0.020919,0.008806,0.037589,0.000000],[0.796684,0.150935,0.000000,0.010203,0.042178,0.000000],[0.783962,0.160468,0.000000,0.011028,0.044543,0.000000],[0.768576,0.170084,0.000000,0.010875,0.050465,0.000000],[0.776448,0.158675,0.000000,0.010885,0.053992,0.000000],[0.551919,0.226257,0.000000,0.018768,0.203056,0.000000],[0.779135,0.156611,0.000000,0.010725,0.053530,0.000000],[0.775324,0.165027,0.000000,0.010466,0.049183,0.000000],[0.153848,0.191112,0.000000,0.013762,0.641278,0.000000],[0.800511,0.134671,0.014496,0.009799,0.040523,0.000000],[0.807042,0.117402,0.022942,0.008769,0.043844,0.000000],[1.000000,0.000000,0.000000,0.000000,0.000000,0.000000],[1.000000,0.000000,0.000000,0.000000,0.000000,0.000000],[0.792563,0.133832,0.015358,0.009618,0.048629,0.000000],[0.783932,0.153018,0.000000,0.010465,0.052585,0.000000],[0.782161,0.155379,0.000000,0.010722,0.051738,0.000000],[0.775043,0.164887,0.000000,0.010540,0.049530,0.000000],[0.153818,0.192848,0.000000,0.013986,0.639348,0.000000],[0.787069,0.157426,0.000000,0.010186,0.045319,0.000000],[0.794149,0.148278,0.000000,0.010381,0.047192,0.000000],[0.793876,0.148384,0.000000,0.010411,0.047328,0.000000],[0.788064,0.154859,0.000000,0.010440,0.046636,0.000000],[0.773545,0.172703,0.000000,0.010988,0.042764,0.000000],[0.138601,0.217247,0.000000,0.013045,0.631107,0.000000],[0.171052,0.212133,0.000000,0.014121,0.602694,0.000000],[0.521420,0.263285,0.000000,0.020252,0.195043,0.000000],[0.750154,0.182224,0.000000,0.011588,0.056034,0.000000],[0.750555,0.185046,0.000000,0.011443,0.052956,0.000000],[0.760761,0.178241,0.000000,0.010987,0.050011,0.000000],[0.143793,0.201399,0.000000,0.013086,0.641722,0.000000],[0.169140,0.203678,0.000000,0.013608,0.613574,0.000000],[0.761991,0.174385,0.000000,0.011077,0.052548,0.000000],[0.165950,0.211207,0.000000,0.013579,0.609265,0.000000],[0.747196,0.192024,0.000000,0.010964,0.049815,0.000000],[0.143475,0.200275,0.000000,0.012982,0.643267,0.000000],[0.770723,0.168395,0.000000,0.010735,0.050147,0.000000],[0.787906,0.153474,0.000000,0.010013,0.048607,0.000000],[0.807466,0.120829,0.020769,0.008525,0.042411,0.000000],[1.000000,0.000000,0.000000,0.000000,0.000000,0.000000]],
  [[1.000000,0.000000,0.000000,0.000000,0.000000,0.000000],[0.816749,0.117346,0.018697,0.008307,0.038901,0.000000],[0.798955,0.147004,0.000000,0.009690,0.044351,0.000000],[0.784695,0.159984,0.000000,0.010993,0.044329,0.000000],[0.773635,0.164290,0.000000,0.010908,0.051168,0.000000],[0.778320,0.157165,0.000000,0.010792,0.053723,0.000000],[0.780272,0.153784,0.000000,0.010948,0.054996,0.000000],[0.777256,0.157985,0.000000,0.010835,0.053925,0.000000],[0.143289,0.197753,0.000000,0.012796,0.646163,0.000000],[0.783556,0.162815,0.000000,0.010694,0.042935,0.000000],[0.795912,0.151461,0.000000,0.010256,0.042372,0.000000],[0.811200,0.124724,0.016176,0.009173,0.038726,0.000000],[1.000000,0.000000,0.000000,0.000000,0.000000,0.000000],[1.000000,0.000000,0.000000,0.000000,0.000000,0.000000],[0.810809,0.122395,0.007720,0.009081,0.049995,0.000000],[0.791439,0.145445,0.000000,0.010216,0.052901,0.000000],[0.782700,0.151651,0.000000,0.010800,0.054850,0.000000],[0.771196,0.167964,0.000000,0.010715,0.050125,0.000000],[0.154207,0.193621,0.000000,0.014034,0.638138,0.000000],[0.787875,0.157375,0.000000,0.010819,0.043931,0.000000],[0.796365,0.147127,0.000000,0.010950,0.045558,0.000000],[0.797081,0.146511,0.000000,0.010922,0.045487,0.000000],[0.791961,0.152370,0.000000,0.010916,0.044753,0.000000],[0.153903,0.194012,0.000000,0.014097,0.637988,0.000000],[0.759442,0.181302,0.000000,0.010759,0.048497,0.000000],[0.762246,0.173854,0.000000,0.011071,0.052828,0.000000],[0.759631,0.175907,0.000000,0.011202,0.053260,0.000000],[0.173136,0.199092,0.000000,0.013823,0.613950,0.000000],[0.146744,0.195296,0.000000,0.013199,0.644762,0.000000],[0.779056,0.164396,0.000000,0.011327,0.045221,0.000000],[0.768358,0.170232,0.000000,0.010933,0.050477,0.000000],[0.762502,0.176931,0.000000,0.010918,0.049649,0.000000],[0.755861,0.184303,0.000000,0.010942,0.048894,0.000000],[0.141155,0.209614,0.000000,0.013095,0.636135,0.000000],[0.141561,0.209405,0.000000,0.013101,0.635934,0.000000],[0.769690,0.165977,0.000000,0.010957,0.053376,0.000000],[0.776910,0.158193,0.000000,0.010837,0.054060,0.000000],[0.793932,0.143596,0.000000,0.010082,0.052390,0.000000],[0.808526,0.119554,0.019322,0.008732,0.043866,0.000000],[1.000000,0.000000,0.000000,0.000000,0.000000,0.000000]],
  [[1.000000,0.000000,0.000000,0.000000,0.000000,0.000000],[0.132658,0.151281,0.024596,0.010882,0.680583,0.000000],[0.143816,0.194709,0.000000,0.012487,0.648988,0.000000],[0.774689,0.173595,0.000000,0.010567,0.041149,0.000000],[0.142660,0.196967,0.000000,0.012755,0.647618,0.000000],[0.767747,0.172749,0.000000,0.010611,0.048893,0.000000],[0.767586,0.167699,0.000000,0.011129,0.053586,0.000000],[0.761388,0.174538,0.000000,0.011142,0.052932,0.000000],[0.756952,0.180172,0.000000,0.011068,0.051808,0.000000],[0.143827,0.199393,0.000000,0.012940,0.643841,0.000000],[0.777906,0.162963,0.000000,0.010337,0.048795,0.000000],[0.806995,0.128150,0.015905,0.009444,0.039506,0.000000],[0.134337,0.110839,0.053845,0.010484,0.690494,0.000000],[1.000000,0.000000,0.000000,0.000000,0.000000,0.000000],[0.804911,0.128519,0.008101,0.009162,0.049306,0.000000],[0.545674,0.237121,0.000000,0.018640,0.198565,0.000000],[0.770487,0.165267,0.000000,0.010889,0.053357,0.000000],[0.761126,0.174645,0.000000,0.011158,0.053071,0.000000],[0.771932,0.165494,0.000000,0.010971,0.051603,0.000000],[0.775109,0.162948,0.000000,0.010812,0.051131,0.000000],[0.781179,0.156169,0.000000,0.010793,0.051860,0.000000],[0.784287,0.153683,0.000000,0.010643,0.051387,0.000000],[0.793021,0.151450,0.000000,0.010842,0.044687,0.000000],[0.790684,0.153409,0.000000,0.010968,0.044939,0.000000],[0.771322,0.167849,0.000000,0.010741,0.050088,0.000000],[0.148978,0.188043,0.000000,0.013173,0.649807,0.000000],[0.763419,0.174178,0.000000,0.011146,0.051256,0.000000],[0.762907,0.174523,0.000000,0.011180,0.051389,0.000000],[0.762219,0.176832,0.000000,0.010939,0.050010,0.000000],[0.779874,0.163677,0.000000,0.011287,0.045162,0.000000],[0.784638,0.158170,0.000000,0.011341,0.045851,0.000000],[0.782693,0.159812,0.000000,0.011441,0.046054,0.000000],[0.151350,0.203970,0.000000,0.014261,0.630420,0.000000],[0.769474,0.175891,0.000000,0.011206,0.043429,0.000000],[0.759088,0.179787,0.000000,0.011058,0.050067,0.000000],[0.765314,0.165930,0.000000,0.011387,0.057369,0.000000],[0.547490,0.229997,0.000000,0.019097,0.203416,0.000000],[0.779580,0.155319,0.000000,0.010476,0.054625,0.000000],[0.798397,0.130805,0.015268,0.009087,0.046444,0.000000],[1.000000,0.000000,0.000000,0.000000,0.000000,0.000000]],
  [[1.000000,0.000000,0.000000,0.000000,0.000000,0.000000],[0.813951,0.122355,0.017258,0.008248,0.038189,0.000000],[0.143867,0.195255,0.000000,0.012505,0.648373,0.000000],[0.144926,0.213687,0.000000,0.013721,0.627665,0.000000],[0.150981,0.201410,0.000000,0.014008,0.633601,0.000000],[0.780974,0.164744,0.000000,0.010879,0.043402,0.000000],[0.148860,0.186095,0.000000,0.013032,0.652013,0.000000],[0.773046,0.161410,0.000000,0.011042,0.054503,0.000000],[0.762727,0.173630,0.000000,0.011005,0.052638,0.000000],[0.170500,0.204990,0.000000,0.013683,0.610827,0.000000],[0.763910,0.177932,0.000000,0.010474,0.047684,0.000000],[0.792596,0.143062,0.014196,0.009923,0.040223,0.000000],[1.000000,0.000000,0.000000,0.000000,0.000000,0.000000],[1.000000,0.000000,0.000000,0.000000,0.000000,0.000000],[0.790864,0.141130,0.009258,0.009544,0.049204,0.000000],[0.170403,0.202749,0.000000,0.013373,0.613475,0.000000],[0.170163,0.203728,0.000000,0.013584,0.612526,0.000000],[0.754424,0.181972,0.000000,0.011208,0.052396,0.000000],[0.772054,0.162076,0.000000,0.011107,0.054763,0.000000],[0.770393,0.165324,0.000000,0.010917,0.053366,0.000000],[0.776992,0.158133,0.000000,0.010852,0.054023,0.000000],[0.773566,0.165909,0.000000,0.010621,0.049903,0.000000],[0.792572,0.151847,0.000000,0.010853,0.044729,0.000000],[0.792866,0.151592,0.000000,0.010841,0.044701,0.000000],[0.778458,0.160166,0.000000,0.010664,0.050711,0.000000],[0.769886,0.168869,0.000000,0.010811,0.050433,0.000000],[0.762622,0.176622,0.000000,0.010890,0.049866,0.000000],[0.762963,0.174499,0.000000,0.011172,0.051366,0.000000],[0.755285,0.181191,0.000000,0.011205,0.052319,0.000000],[0.146727,0.194862,0.000000,0.013153,0.645258,0.000000],[0.767040,0.171316,0.000000,0.010980,0.050664,0.000000],[0.767090,0.171335,0.000000,0.010972,0.050603,0.000000],[0.760321,0.180624,0.000000,0.010722,0.048333,0.000000],[0.148484,0.210500,0.000000,0.014156,0.626859,0.000000],[0.762077,0.175384,0.000000,0.011213,0.051326,0.000000],[0.765735,0.163544,0.000000,0.011649,0.059072,0.000000],[0.746456,0.179849,0.000000,0.012062,0.061633,0.000000],[0.200889,0.210078,0.000000,0.014507,0.574527,0.000000],[0.800952,0.130090,0.008697,0.009183,0.051078,0.000000],[1.000000,0.000000,0.000000,0.000000,0.000000,0.000000]],
  [[1.000000,0.000000,0.000000,0.000000,0.000000,0.000000],[0.817608,0.116367,0.019032,0.008257,0.038737,0.000000],[0.797358,0.150012,0.000000,0.009498,0.043131,0.000000],[0.784169,0.161598,0.000000,0.010027,0.044205,0.000000],[0.789997,0.153346,0.000000,0.010315,0.046341,0.000000],[0.786767,0.158222,0.000000,0.010893,0.044118,0.000000],[0.770742,0.168277,0.000000,0.010771,0.050210,0.000000],[0.769623,0.166090,0.000000,0.010945,0.053342,0.000000],[0.527938,0.257165,0.000000,0.019724,0.195172,0.000000],[0.170961,0.207484,0.000000,0.013821,0.607734,0.000000],[0.759056,0.181914,0.000000,0.010729,0.048301,0.000000],[0.141771,0.186353,0.020136,0.013266,0.638474,0.000000],[0.786263,0.149603,0.015156,0.009867,0.039111,0.000000],[0.132917,0.172116,0.018484,0.011630,0.664853,0.000000],[0.766668,0.159767,0.017703,0.010025,0.045836,0.000000],[0.766331,0.174222,0.000000,0.010642,0.048805,0.000000],[0.144439,0.201279,0.000000,0.013081,0.641201,0.000000],[0.754666,0.181801,0.000000,0.011208,0.052325,0.000000],[0.174573,0.200343,0.000000,0.013868,0.611216,0.000000],[0.528556,0.256643,0.000000,0.019661,0.195140,0.000000],[0.174351,0.199036,0.000000,0.013772,0.612841,0.000000],[0.769943,0.169112,0.000000,0.010783,0.050162,0.000000],[0.156799,0.186107,0.000000,0.013983,0.643110,0.000000],[0.794776,0.150175,0.000000,0.010705,0.044344,0.000000],[0.784287,0.153859,0.000000,0.010603,0.051251,0.000000],[0.781211,0.154986,0.000000,0.010605,0.053198,0.000000],[0.173590,0.196344,0.000000,0.013570,0.616495,0.000000],[0.173440,0.198134,0.000000,0.013755,0.614671,0.000000],[0.748883,0.188452,0.000000,0.011199,0.051466,0.000000],[0.170024,0.204284,0.000000,0.013652,0.612040,0.000000],[0.765290,0.171433,0.000000,0.010918,0.052359,0.000000],[0.772543,0.161834,0.000000,0.011104,0.054520,0.000000],[0.143786,0.201532,0.000000,0.013089,0.641593,0.000000],[0.143661,0.202912,0.000000,0.013154,0.640274,0.000000],[0.753094,0.181301,0.000000,0.011584,0.054021,0.000000],[0.746227,0.183168,0.000000,0.012153,0.058451,0.000000],[0.743109,0.186038,0.000000,0.011835,0.059019,0.000000],[0.529632,0.256472,0.000000,0.019346,0.194550,0.000000],[0.796338,0.135267,0.008920,0.009195,0.050280,0.000000],[1.000000,0.000000,0.000000,0.000000,0.000000,0.000000]],
  [[1.000000,0.000000,0.000000,0.000000,0.000000,0.000000],[0.821728,0.109790,0.021199,0.008186,0.039098,0.000000],[0.152116,0.171904,0.000000,0.012509,0.663471,0.000000],[0.797611,0.145508,0.000000,0.010166,0.046715,0.000000],[0.799260,0.142380,0.000000,0.010373,0.047987,0.000000],[0.794561,0.148527,0.000000,0.011055,0.045856,0.000000],[0.775167,0.162913,0.000000,0.010838,0.051082,0.000000],[0.176351,0.189838,0.000000,0.013693,0.620119,0.000000],[0.766792,0.168358,0.000000,0.011117,0.053734,0.000000],[0.767441,0.167930,0.000000,0.011085,0.053544,0.000000],[0.140867,0.207155,0.000000,0.012898,0.639080,0.000000],[0.775368,0.171653,0.000000,0.010810,0.042169,0.000000],[0.141952,0.223244,0.000000,0.013727,0.621076,0.000000],[0.145179,0.218261,0.000000,0.013932,0.622629,0.000000],[0.772678,0.175554,0.000000,0.010627,0.041141,0.000000],[0.778948,0.166648,0.000000,0.010975,0.043429,0.000000],[0.780634,0.163231,0.000000,0.011227,0.044909,0.000000],[0.766273,0.171805,0.000000,0.011006,0.050916,0.000000],[0.768338,0.166945,0.000000,0.011037,0.053680,0.000000],[0.171454,0.205910,0.000000,0.013751,0.608885,0.000000],[0.765464,0.171297,0.000000,0.010885,0.052354,0.000000],[0.761873,0.179340,0.000000,0.010595,0.048192,0.000000],[0.784642,0.161936,0.000000,0.010640,0.042783,0.000000],[0.796020,0.149973,0.000000,0.010454,0.043553,0.000000],[0.789060,0.149081,0.000000,0.010448,0.051411,0.000000],[0.785943,0.150249,0.000000,0.010446,0.053362,0.000000],[0.541133,0.240831,0.000000,0.019127,0.198910,0.000000],[0.765762,0.169111,0.000000,0.011155,0.053972,0.000000],[0.749897,0.185811,0.000000,0.011441,0.052852,0.000000],[0.174067,0.201144,0.000000,0.013924,0.610865,0.000000],[0.538178,0.243411,0.000000,0.019436,0.198975,0.000000],[0.770128,0.163679,0.000000,0.011219,0.054974,0.000000],[0.751811,0.184043,0.000000,0.011360,0.052786,0.000000],[0.758943,0.176339,0.000000,0.011236,0.053481,0.000000],[0.753265,0.180775,0.000000,0.011537,0.054423,0.000000],[0.747437,0.181852,0.000000,0.012046,0.058665,0.000000],[0.172752,0.213567,0.000000,0.014276,0.599405,0.000000],[0.175433,0.202106,0.000000,0.013760,0.608701,0.000000],[0.804891,0.128738,0.008309,0.009082,0.048981,0.000000],[1.000000,0.000000,0.000000,0.000000,0.000000,0.000000]],
  [[1.000000,0.000000,0.000000,0.000000,0.000000,0.000000],[0.823056,0.107437,0.022644,0.008060,0.038803,0.000000],[0.806109,0.141129,0.000000,0.009310,0.043453,0.000000],[0.797060,0.147610,0.000000,0.009911,0.045419,0.000000],[0.798522,0.144671,0.000000,0.010129,0.046678,0.000000],[0.792920,0.151541,0.000000,0.010853,0.044687,0.000000],[0.769670,0.170947,0.000000,0.010557,0.048825,0.000000],[0.763801,0.175851,0.000000,0.010836,0.049512,0.000000],[0.760928,0.178218,0.000000,0.010987,0.049867,0.000000],[0.764752,0.173351,0.000000,0.011091,0.050806,0.000000],[0.763806,0.175911,0.000000,0.010859,0.049423,0.000000],[0.151046,0.203145,0.000000,0.014206,0.631603,0.000000],[0.773225,0.172384,0.000000,0.010333,0.044058,0.000000],[0.141483,0.205237,0.000000,0.012947,0.640333,0.000000],[0.141368,0.203486,0.000000,0.012859,0.642287,0.000000],[0.146891,0.189679,0.000000,0.012966,0.650464,0.000000],[0.784501,0.160242,0.000000,0.011017,0.044240,0.000000],[0.771694,0.167584,0.000000,0.010719,0.050003,0.000000],[0.768379,0.170136,0.000000,0.010886,0.050599,0.000000],[0.766567,0.171696,0.000000,0.010961,0.050776,0.000000],[0.766113,0.172055,0.000000,0.010982,0.050849,0.000000],[0.143011,0.198103,0.000000,0.012813,0.646073,0.000000],[0.151184,0.200127,0.000000,0.013822,0.634868,0.000000],[0.794235,0.153253,0.000000,0.010210,0.042302,0.000000],[0.000000,0.000000,0.000000,0.000000,0.000000,1.000000],[0.782886,0.156627,0.000000,0.010018,0.050470,0.000000],[0.775259,0.162154,0.000000,0.010565,0.052022,0.000000],[0.768278,0.167083,0.000000,0.011025,0.053614,0.000000],[0.752470,0.183587,0.000000,0.011328,0.052615,0.000000],[0.763563,0.172705,0.000000,0.011007,0.052726,0.000000],[0.766652,0.168258,0.000000,0.011139,0.053952,0.000000],[0.772457,0.159621,0.000000,0.011397,0.056525,0.000000],[0.755200,0.177330,0.000000,0.011789,0.055681,0.000000],[0.176124,0.206416,0.000000,0.014356,0.603104,0.000000],[0.518496,0.266077,0.000000,0.020510,0.194918,0.000000],[0.171350,0.225396,0.000000,0.014567,0.588687,0.000000],[0.728595,0.205562,0.000000,0.011766,0.054078,0.000000],[0.754696,0.186440,0.000000,0.010433,0.048431,0.000000],[0.794873,0.137955,0.015766,0.008819,0.042588,0.000000],[1.000000,0.000000,0.000000,0.000000,0.000000,0.000000]],
  [[1.000000,0.000000,0.000000,0.000000,0.000000,0.000000],[0.825683,0.103393,0.023307,0.008106,0.039511,0.000000],[0.809461,0.136743,0.000000,0.009394,0.044402,0.000000],[0.151988,0.170481,0.000000,0.012598,0.664933,0.000000],[0.800392,0.143425,0.000000,0.009983,0.046200,0.000000],[0.794480,0.150568,0.000000,0.010720,0.044232,0.000000],[0.154031,0.194854,0.000000,0.014081,0.637034,0.000000],[0.151431,0.205515,0.000000,0.014268,0.628785,0.000000],[0.770133,0.175681,0.000000,0.011137,0.043049,0.000000],[0.151492,0.205842,0.000000,0.014400,0.628267,0.000000],[0.775573,0.169058,0.000000,0.011235,0.044133,0.000000],[0.784289,0.158613,0.000000,0.011369,0.045729,0.000000],[0.778862,0.166553,0.000000,0.011044,0.043541,0.000000],[0.146991,0.191116,0.000000,0.013057,0.648836,0.000000],[0.778701,0.166143,0.000000,0.010348,0.044808,0.000000],[0.783967,0.160019,0.000000,0.010366,0.045648,0.000000],[0.153622,0.192185,0.000000,0.013966,0.640228,0.000000],[0.787367,0.157839,0.000000,0.010852,0.043942,0.000000],[0.156987,0.186924,0.000000,0.014100,0.641990,0.000000],[0.772735,0.166688,0.000000,0.010655,0.049922,0.000000],[0.772871,0.166851,0.000000,0.010601,0.049677,0.000000],[0.768751,0.174075,0.000000,0.010177,0.046997,0.000000],[0.142996,0.193977,0.000000,0.012381,0.650646,0.000000],[0.793051,0.150939,0.000000,0.009444,0.046567,0.000000],[0.143025,0.168122,0.000000,0.011586,0.677267,0.000000],[0.138002,0.182450,0.000000,0.011613,0.667935,0.000000],[0.143306,0.198855,0.000000,0.012747,0.645093,0.000000],[0.762004,0.177420,0.000000,0.010905,0.049672,0.000000],[0.146239,0.195446,0.000000,0.013220,0.645096,0.000000],[0.146509,0.197354,0.000000,0.013316,0.642821,0.000000],[0.756624,0.176407,0.000000,0.011725,0.055243,0.000000],[0.757313,0.173690,0.000000,0.011985,0.057012,0.000000],[0.745480,0.183495,0.000000,0.012208,0.058816,0.000000],[0.742167,0.184422,0.000000,0.012235,0.061176,0.000000],[0.194383,0.235589,0.000000,0.015420,0.554608,0.000000],[0.727952,0.199049,0.000000,0.012445,0.060555,0.000000],[0.171306,0.210353,0.000000,0.013985,0.604355,0.000000],[0.144291,0.201994,0.000000,0.012791,0.640924,0.000000],[0.140009,0.158243,0.025142,0.012032,0.664574,0.000000],[1.000000,0.000000,0.000000,0.000000,0.000000,0.000000]],
