[
  [[1.000000,0.000000,0.000000,0.000000,0.000000,0.000000],[1.000000,0.000000,0.000000,0.000000,0.000000,0.000000],[1.000000,0.000000,0.000000,0.000000,0.000000,0.000000],[1.000000,0.000000,0.000000,0.000000,0.000000,0.000000],[1.000000,0.000000,0.000000,0.000000,0.000000,0.000000],[1.000000,0.000000,0.000000,0.000000,0.000000,0.000000],[1.000000,0.000000,0.000000,0.000000,0.000000,0.000000],[1.000000,0.000000,0.000000,0.000000,0.000000,0.000000],[1.000000,0.000000,0.000000,0.000000,0.000000,0.000000],[1.000000,0.000000,0.000000,0.000000,0.000000,0.000000],[1.000000,0.000000,0.000000,0.000000,0.000000,0.000000],[1.000000,0.000000,0.000000,0.000000,0.000000,0.000000],[1.000000,0.000000,0.000000,0.000000,0.000000,0.000000],[1.000000,0.000000,0.000000,0.000000,0.000000,0.000000],[1.000000,0.000000,0.000000,0.000000,0.000000,0.000000],[1.000000,0.000000,0.000000,0.000000,0.000000,0.000000],[1.000000,0.000000,0.000000,0.000000,0.000000,0.000000],[1.000000,0.000000,0.000000,0.000000,0.000000,0.000000],[1.000000,0.000000,0.000000,0.000000,0.000000,0.000000],[1.000000,0.000000,0.000000,0.000000,0.000000,0.000000],[1.000000,0.000000,0.000000,0.000000,0.000000,0.000000],[1.000000,0.000000,0.000000,0.000000,0.000000,0.000000],[1.000000,0.000000,0.000000,0.000000,0.000000,0.000000],[1.000000,0.000000,0.000000,0.000000,0.000000,0.000000],[1.000000,0.000000,0.000000,0.000000,0.000000,0.000000],[1.000000,0.000000,0.000000,0.000000,0.000000,0.000000],[1.000000,0.000000,0.000000,0.000000,0.000000,0.000000],[1.000000,0.000000,0.000000,0.000000,0.000000,0.000000],[1.000000,0.000000,0.000000,0.000000,0.000000,0.000000],[1.000000,0.000000,0.000000,0.000000,0.000000,0.000000],[1.000000,0.000000,0.000000,0.000000,0.000000,0.000000],[1.000000,0.000000,0.000000,0.000000,0.000000,0.000000],[1.000000,0.000000,0.000000,0.000000,0.000000,0.000000],[1.000000,0.000000,0.000000,0.000000,0.000000,0.000000],[1.000000,0.000000,0.000000,0.000000,0.000000,0.000000],[1.000000,0.000000,0.000000,0.000000,0.000000,0.000000],[1.000000,0.000000,0.000000,0.000000,0.000000,0.000000],[1.000000,0.000000,0.000000,0.000000,0.000000,0.000000],[1.000000,0.000000,0.000000,0.000000,0.000000,0.000000],[1.000000,0.000000,0.000000,0.000000,0.000000,0.000000]],
  [[1.000000,0.000000,0.000000,0.000000,0.000000,0.000000],[0.983242,0.003099,0.002814,0.000706,0.010139,0.000000],[0.982054,0.003458,0.003047,0.000772,0.010669,0.000000],[0.981791,0.003542,0.003078,0.000787,0.010802,0.000000],[0.981745,0.003558,0.003084,0.000790,0.010824,0.000000],[0.980639,0.003917,0.003326,0.000855,0.011263,0.000000],[0.979696,0.004204,0.003578,0.000916,0.011606,0.000000],[0.978492,0.004588,0.003663,0.000987,0.012269,0.000000],[1.000000,0.000000,0.000000,0.000000,0.000000,0.000000],[0.039115,0.007525,0.005745,0.001601,0.946014,0.000000],[0.958760,0.010085,0.007477,0.002159,0.021519,0.000000],[0.934299,0.016984,0.010932,0.003913,0.033872,0.000000],[1.000000,0.000000,0.000000,0.000000,0.000000,0.000000],[0.067880,0.020364,0.011542,0.004623,0.895591,0.000000],[0.928932,0.020580,0.014933,0.004592,0.030964,0.000000],[0.934195,0.017010,0.010950,0.003920,0.033925,0.000000],[1.000000,0.000000,0.000000,0.000000,0.000000,0.000000],[0.050534,0.013297,0.010045,0.002853,0.923271,0.000000],[0.052728,0.014565,0.011875,0.002990,0.917843,0.000000],[0.052539,0.014458,0.011667,0.003010,0.918326,0.000000],[0.951012,0.013118,0.011443,0.002563,0.021863,0.000000],[0.963078,0.008919,0.008087,0.001825,0.018091,0.000000],[0.970843,0.006898,0.005768,0.001451,0.015040,0.000000],[0.971022,0.006807,0.005658,0.001466,0.015047,0.000000],[0.971095,0.006783,0.005647,0.001461,0.015014,0.000000],[0.971132,0.006773,0.005641,0.001459,0.014995,0.000000],[0.971059,0.006794,0.005652,0.001464,0.015031,0.000000],[0.970909,0.006876,0.005759,0.001446,0.015011,0.000000],[0.041976,0.009622,0.008185,0.002058,0.938160,0.000000],[0.963087,0.008916,0.008086,0.001824,0.018087,0.000000],[0.962909,0.008971,0.008113,0.001836,0.018172,0.000000],[0.950796,0.013185,0.011338,0.002658,0.022024,0.000000],[0.917378,0.024523,0.023179,0.005179,0.029741,0.000000],[0.837090,0.034006,0.063357,0.010428,0.055119,0.000000],[0.838102,0.033936,0.062533,0.010392,0.055038,0.000000],[0.136965,0.039585,0.074708,0.012343,0.736399,0.000000],[0.917894,0.024364,0.023091,0.005141,0.029509,0.000000],[0.951906,0.012741,0.010893,0.002648,0.021812,0.000000],[0.966465,0.007714,0.006430,0.001696,0.017696,0.000000],[1.000000,0.000000,0.000000,0.000000,0.000000,0.000000]],
  [[1.000000,0.000000,0.000000,0.000000,0.000000,0.000000],[0.980816,0.003848,0.003332,0.000842,0.011162,0.000000],[0.978886,0.006345,0.000000,0.001039,0.013730,0.000000],[0.978321,0.006635,0.000000,0.001073,0.013970,0.000000],[0.035282,0.008498,0.000000,0.001466,0.954754,0.000000],[0.978435,0.006547,0.000000,0.001070,0.013948,0.000000],[0.976982,0.005650,0.003319,0.001061,0.012988,0.000000],[1.000000,0.000000,0.000000,0.000000,0.000000,0.000000],[1.000000,0.000000,0.000000,0.000000,0.000000,0.000000],[1.000000,0.000000,0.000000,0.000000,0.000000,0.000000],[1.000000,0.000000,0.000000,0.000000,0.000000,0.000000],[1.000000,0.000000,0.000000,0.000000,0.000000,0.000000],[1.000000,0.000000,0.000000,0.000000,0.000000,0.000000],[1.000000,0.000000,0.000000,0.000000,0.000000,0.000000],[1.000000,0.000000,0.000000,0.000000,0.000000,0.000000],[1.000000,0.000000,0.000000,0.000000,0.000000,0.000000],[1.000000,0.000000,0.000000,0.000000,0.000000,0.000000],[0.070615,0.026890,0.024776,0.006041,0.871678,0.000000],[0.907251,0.050319,0.000000,0.006231,0.036198,0.000000],[0.907225,0.050396,0.000000,0.006250,0.036129,0.000000],[0.066822,0.029187,0.000000,0.003960,0.900031,0.000000],[0.052701,0.018733,0.000000,0.002710,0.925855,0.000000],[0.957834,0.017024,0.000000,0.002340,0.022802,0.000000],[0.958997,0.016426,0.000000,0.002271,0.022306,0.000000],[0.960441,0.015658,0.000000,0.002179,0.021723,0.000000],[0.960542,0.015616,0.000000,0.002171,0.021671,0.000000],[0.960458,0.015649,0.000000,0.002178,0.021716,0.000000],[0.958102,0.016909,0.000000,0.002319,0.022670,0.000000],[0.957661,0.017226,0.000000,0.002355,0.022758,0.000000],[0.944180,0.025578,0.000000,0.003314,0.026928,0.000000],[0.066460,0.028623,0.000000,0.003912,0.901005,0.000000],[0.067083,0.028269,0.000000,0.003968,0.900681,0.000000],[0.905709,0.050251,0.000000,0.006403,0.037637,0.000000],[0.158282,0.083445,0.000000,0.013287,0.744986,0.000000],[0.604702,0.108236,0.000000,0.022318,0.264744,0.000000],[0.841168,0.078760,0.000000,0.012000,0.068072,0.000000],[0.087970,0.051410,0.000000,0.007105,0.853515,0.000000],[0.945030,0.024577,0.000000,0.003272,0.027120,0.000000],[0.964214,0.008504,0.007553,0.001829,0.017900,0.000000],[1.000000,0.000000,0.000000,0.000000,0.000000,0.000000]],
  [[1.000000,0.000000,0.000000,0.000000,0.000000,0.000000],[0.978669,0.004597,0.003758,0.000974,0.012001,0.000000],[0.975887,0.007960,0.000000,0.001223,0.014930,0.000000],[0.037328,0.010046,0.000000,0.001656,0.950970,0.000000],[0.037203,0.009839,0.000000,0.001633,0.951325,0.000000],[0.976179,0.007626,0.000000,0.001203,0.014991,0.000000],[0.976530,0.005763,0.003390,0.001087,0.013230,0.000000],[0.033910,0.007164,0.005452,0.001519,0.951956,0.000000],[0.036486,0.007940,0.006576,0.001673,0.947325,0.000000],[0.963363,0.008739,0.007864,0.001839,0.018195,0.000000],[0.951875,0.012658,0.010551,0.002695,0.022221,0.000000],[0.917696,0.024946,0.021378,0.005361,0.030619,0.000000],[0.829926,0.035836,0.062315,0.010895,0.061028,0.000000],[0.623148,0.036822,0.062217,0.020404,0.257409,0.000000],[0.836061,0.035368,0.054761,0.010867,0.062944,0.000000],[1.000000,0.000000,0.000000,0.000000,0.000000,0.000000],[1.000000,0.000000,0.000000,0.000000,0.000000,0.000000],[0.831986,0.035536,0.064486,0.010890,0.057103,0.000000],[0.835951,0.081930,0.000000,0.012620,0.069499,0.000000],[0.087731,0.053262,0.000000,0.007314,0.851694,0.000000],[0.941337,0.026747,0.000000,0.003526,0.028390,0.000000],[0.942362,0.026304,0.000000,0.003446,0.027887,0.000000],[0.066720,0.028715,0.000000,0.003935,0.900630,0.000000],[0.943366,0.025813,0.000000,0.003377,0.027444,0.000000],[0.944424,0.024761,0.000000,0.003309,0.027506,0.000000],[0.944828,0.024595,0.000000,0.003279,0.027298,0.000000],[0.944921,0.024563,0.000000,0.003274,0.027243,0.000000],[0.957299,0.017329,0.000000,0.002375,0.022996,0.000000],[0.053959,0.020123,0.000000,0.002813,0.923105,0.000000],[0.067254,0.029586,0.000000,0.003977,0.899183,0.000000],[0.907451,0.050204,0.000000,0.006215,0.036129,0.000000],[0.908127,0.048481,0.000000,0.006262,0.037131,0.000000],[0.890652,0.056611,0.000000,0.007517,0.045219,0.000000],[0.156155,0.080303,0.000000,0.013628,0.749914,0.000000],[0.839322,0.075940,0.000000,0.012554,0.072184,0.000000],[0.843347,0.077633,0.000000,0.011781,0.067239,0.000000],[0.909615,0.047105,0.000000,0.006142,0.037138,0.000000],[0.943876,0.025013,0.000000,0.003353,0.027759,0.000000],[0.952041,0.012610,0.010525,0.002684,0.022140,0.000000],[1.000000,0.000000,0.000000,0.000000,0.000000,0.000000]],
  [[1.000000,0.000000,0.000000,0.000000,0.000000,0.000000],[0.032620,0.006474,0.005364,0.001406,0.954136,0.000000],[0.039991,0.012030,0.000000,0.001886,0.946094,0.000000],[0.039954,0.011984,0.000000,0.001881,0.946181,0.000000],[0.971896,0.010066,0.000000,0.001477,0.016561,0.000000],[0.972552,0.009626,0.000000,0.001434,0.016388,0.000000],[0.972628,0.009609,0.000000,0.001430,0.016333,0.000000],[0.972686,0.009600,0.000000,0.001427,0.016287,0.000000],[0.966946,0.012621,0.000000,0.001805,0.018628,0.000000],[0.958228,0.016858,0.000000,0.002309,0.022605,0.000000],[0.944787,0.024658,0.000000,0.003288,0.027267,0.000000],[0.909199,0.047285,0.000000,0.006171,0.037345,0.000000],[0.839630,0.074709,0.000000,0.012506,0.073155,0.000000],[0.832742,0.077699,0.000000,0.013282,0.076277,0.000000],[0.828127,0.063707,0.026249,0.012151,0.069766,0.000000],[0.094937,0.032822,0.025929,0.007791,0.838521,0.000000],[1.000000,0.000000,0.000000,0.000000,0.000000,0.000000],[0.623552,0.052315,0.039172,0.019497,0.265464,0.000000],[0.832035,0.079543,0.000000,0.013467,0.074956,0.000000],[0.105130,0.061835,0.000000,0.008708,0.824327,0.000000],[0.902698,0.052271,0.000000,0.006629,0.038402,0.000000],[0.893869,0.055384,0.000000,0.007279,0.043467,0.000000],[0.087568,0.052748,0.000000,0.007200,0.852484,0.000000],[0.905170,0.051104,0.000000,0.006391,0.037335,0.000000],[0.086811,0.049457,0.000000,0.006994,0.856738,0.000000],[0.911869,0.046156,0.000000,0.005952,0.036023,0.000000],[0.943816,0.025451,0.000000,0.003357,0.027376,0.000000],[0.053168,0.019199,0.000000,0.002737,0.924895,0.000000],[0.053335,0.019969,0.000000,0.002826,0.923870,0.000000],[0.066963,0.029176,0.000000,0.003961,0.899900,0.000000],[0.907328,0.049576,0.000000,0.006274,0.036822,0.000000],[0.843445,0.077569,0.000000,0.011767,0.067219,0.000000],[0.839289,0.075947,0.000000,0.012555,0.072208,0.000000],[0.156394,0.078747,0.000000,0.013525,0.751335,0.000000],[0.890932,0.056012,0.000000,0.007573,0.045483,0.000000],[0.895975,0.052614,0.000000,0.007149,0.044262,0.000000],[0.897360,0.052640,0.000000,0.007081,0.042920,0.000000],[0.909239,0.047225,0.000000,0.006162,0.037374,0.000000],[0.918789,0.024502,0.022011,0.005203,0.029494,0.000000],[1.000000,0.000000,0.000000,0.000000,0.000000,0.000000]],
  [[1.000000,0.000000,0.000000,0.000000,0.000000,0.000000],[0.970953,0.006875,0.005828,0.001416,0.014928,0.000000],[0.966811,0.012879,0.000000,0.001799,0.018511,0.000000],[0.966416,0.012999,0.000000,0.001823,0.018762,0.000000],[0.966402,0.013004,0.000000,0.001824,0.018770,0.000000],[0.043975,0.014210,0.000000,0.002148,0.939668,0.000000],[0.043701,0.013809,0.000000,0.002097,0.940393,0.000000],[0.967563,0.012070,0.000000,0.001746,0.018622,0.000000],[0.968948,0.011186,0.000000,0.001643,0.018224,0.000000],[0.958832,0.016448,0.000000,0.002277,0.022443,0.000000],[0.066274,0.026773,0.000000,0.003828,0.903126,0.000000],[0.910065,0.046867,0.000000,0.006095,0.036974,0.000000],[0.896237,0.051874,0.000000,0.007076,0.044813,0.000000],[0.844014,0.073296,0.000000,0.012158,0.070532,0.000000],[0.838993,0.075447,0.000000,0.012668,0.072892,0.000000],[0.842392,0.057246,0.021934,0.011380,0.067048,0.000000],[0.834650,0.062201,0.025081,0.011739,0.066329,0.000000],[0.838289,0.059802,0.024602,0.011482,0.065824,0.000000],[0.789556,0.099832,0.000000,0.015628,0.094985,0.000000],[0.160225,0.082353,0.000000,0.014171,0.743251,0.000000],[0.153397,0.085045,0.000000,0.013497,0.748062,0.000000],[0.890236,0.056903,0.000000,0.007579,0.045282,0.000000],[0.152600,0.084302,0.000000,0.013288,0.749809,0.000000],[0.837468,0.084321,0.000000,0.011669,0.066543,0.000000],[0.842444,0.078221,0.000000,0.011875,0.067460,0.000000],[0.909292,0.047914,0.000000,0.006151,0.036644,0.000000],[0.943174,0.025891,0.000000,0.003391,0.027545,0.000000],[0.053302,0.019268,0.000000,0.002751,0.924679,0.000000],[0.955720,0.018538,0.000000,0.002440,0.023302,0.000000],[0.942838,0.025889,0.000000,0.003437,0.027836,0.000000],[0.907882,0.048557,0.000000,0.006279,0.037282,0.000000],[0.153850,0.079738,0.000000,0.012930,0.753482,0.000000],[0.614735,0.095284,0.000000,0.021369,0.268612,0.000000],[0.840813,0.074351,0.000000,0.012390,0.072446,0.000000],[0.889723,0.056463,0.000000,0.007660,0.046154,0.000000],[0.102516,0.059438,0.000000,0.008369,0.829677,0.000000],[0.841986,0.074986,0.000000,0.012306,0.070721,0.000000],[0.154384,0.079695,0.000000,0.012896,0.753025,0.000000],[0.837652,0.033842,0.063234,0.010378,0.054895,0.000000],[1.000000,0.000000,0.000000,0.000000,0.000000,0.000000]],
  [[1.000000,0.000000,0.000000,0.000000,0.000000,0.000000],[0.964141,0.008508,0.007567,0.001832,0.017952,0.000000],[0.959091,0.016386,0.000000,0.002264,0.022259,0.000000],[0.052049,0.018044,0.000000,0.002636,0.927271,0.000000],[0.052167,0.018410,0.000000,0.002650,0.926773,0.000000],[0.957560,0.017214,0.000000,0.002354,0.022872,0.000000],[0.957885,0.016953,0.000000,0.002328,0.022833,0.000000],[0.958919,0.016412,0.000000,0.002270,0.022399,0.000000],[0.960173,0.015722,0.000000,0.002193,0.021913,0.000000],[0.958800,0.016463,0.000000,0.002279,0.022458,0.000000],[0.944787,0.024621,0.000000,0.003284,0.027308,0.000000],[0.943722,0.025045,0.000000,0.003360,0.027872,0.000000],[0.911869,0.044927,0.000000,0.005985,0.037219,0.000000],[0.845116,0.076930,0.000000,0.011586,0.066367,0.000000],[0.607266,0.105018,0.000000,0.022060,0.265656,0.000000],[0.841614,0.074365,0.000000,0.012396,0.071625,0.000000],[0.891059,0.054952,0.000000,0.007617,0.046371,0.000000],[0.891235,0.054285,0.000000,0.007561,0.046919,0.000000],[0.836760,0.076582,0.000000,0.012870,0.073788,0.000000],[0.609548,0.098258,0.000000,0.022045,0.270148,0.000000],[0.834199,0.082176,0.000000,0.012707,0.070918,0.000000],[0.888057,0.057770,0.000000,0.007750,0.046423,0.000000],[0.157056,0.085766,0.000000,0.013666,0.743512,0.000000],[0.601131,0.112827,0.000000,0.022702,0.263339,0.000000],[0.154353,0.079707,0.000000,0.012914,0.753026,0.000000],[0.908634,0.047455,0.000000,0.006212,0.037699,0.000000],[0.942678,0.025909,0.000000,0.003440,0.027973,0.000000],[0.066143,0.027789,0.000000,0.003883,0.902186,0.000000],[0.942971,0.025818,0.000000,0.003424,0.027786,0.000000],[0.942439,0.025611,0.000000,0.003465,0.028486,0.000000],[0.905466,0.050453,0.000000,0.006452,0.037630,0.000000],[0.836538,0.083055,0.000000,0.012126,0.068281,0.000000],[0.837842,0.076601,0.000000,0.012719,0.072838,0.000000],[0.798642,0.094435,0.000000,0.014639,0.092284,0.000000],[0.839724,0.075152,0.000000,0.012489,0.072635,0.000000],[0.156343,0.078642,0.000000,0.013487,0.751528,0.000000],[0.837123,0.077936,0.000000,0.012422,0.072518,0.000000],[0.606929,0.104801,0.000000,0.021880,0.266390,0.000000],[0.838482,0.033804,0.062450,0.010354,0.054910,0.000000],[1.000000,0.000000,0.000000,0.000000,0.000000,0.000000]],
  [[1.000000,0.000000,0.000000,0.000000,0.000000,0.000000],[0.952601,0.012442,0.010439,0.002649,0.021869,0.000000],[0.945288,0.024437,0.000000,0.003248,0.027028,0.000000],[0.944087,0.025318,0.000000,0.003333,0.027262,0.000000],[0.943889,0.025406,0.000000,0.003349,0.027357,0.000000],[0.943885,0.025410,0.000000,0.003350,0.027355,0.000000],[0.944687,0.024659,0.000000,0.003291,0.027363,0.000000],[0.944966,0.024546,0.000000,0.003270,0.027217,0.000000],[0.958535,0.016568,0.000000,0.002299,0.022598,0.000000],[0.957540,0.017095,0.000000,0.002355,0.023009,0.000000],[0.957303,0.017196,0.000000,0.002373,0.023128,0.000000],[0.943980,0.024962,0.000000,0.003346,0.027712,0.000000],[0.910485,0.046749,0.000000,0.006071,0.036694,0.000000],[0.843604,0.077864,0.000000,0.011783,0.066749,0.000000],[0.839484,0.080059,0.000000,0.012152,0.068305,0.000000],[0.152661,0.081751,0.000000,0.012871,0.752717,0.000000],[0.907501,0.048052,0.000000,0.006337,0.038111,0.000000],[0.907157,0.048253,0.000000,0.006377,0.038213,0.000000],[0.838156,0.080737,0.000000,0.012335,0.068771,0.000000],[0.151858,0.086007,0.000000,0.013754,0.748380,0.000000],[0.837093,0.081161,0.000000,0.012444,0.069302,0.000000],[0.891496,0.055858,0.000000,0.007546,0.045101,0.000000],[0.156312,0.083212,0.000000,0.013258,0.747218,0.000000],[0.839086,0.076015,0.000000,0.012572,0.072327,0.000000],[0.844918,0.072778,0.000000,0.011980,0.070325,0.000000],[0.896446,0.052273,0.000000,0.007078,0.044202,0.000000],[0.909856,0.046994,0.000000,0.006119,0.037031,0.000000],[0.910145,0.047633,0.000000,0.006095,0.036127,0.000000],[0.907731,0.049435,0.000000,0.006248,0.036585,0.000000],[0.903733,0.051789,0.000000,0.006533,0.037945,0.000000],[0.102068,0.060224,0.000000,0.008406,0.829302,0.000000],[0.102694,0.060839,0.000000,0.008530,0.827936,0.000000],[0.112132,0.061351,0.000000,0.008943,0.817573,0.000000],[0.842468,0.073744,0.000000,0.012230,0.071558,0.000000],[0.616466,0.093422,0.000000,0.020855,0.269257,0.000000],[0.843172,0.073401,0.000000,0.012139,0.071289,0.000000],[0.842048,0.074198,0.000000,0.012244,0.071511,0.000000],[0.154540,0.079757,0.000000,0.012911,0.752792,0.000000],[0.837569,0.033866,0.063252,0.010385,0.054928,0.000000],[1.000000,0.000000,0.000000,0.000000,0.000000,0.000000]],
  [[1.000000,0.000000,0.000000,0.000000,0.000000,0.000000],[0.952311,0.012523,0.010484,0.002666,0.022015,0.000000],[0.915564,0.043401,0.000000,0.005674,0.035362,0.000000],[0.914061,0.043974,0.000000,0.005791,0.036175,0.000000],[0.913316,0.044273,0.000000,0.005850,0.036561,0.000000],[0.910884,0.046539,0.000000,0.006027,0.036549,0.000000],[0.084576,0.050032,0.000000,0.006833,0.858559,0.000000],[0.943714,0.025508,0.000000,0.003368,0.027410,0.000000],[0.957048,0.017304,0.000000,0.002393,0.023255,0.000000],[0.066113,0.028450,0.000000,0.003886,0.901551,0.000000],[0.066647,0.029033,0.000000,0.003936,0.900384,0.000000],[0.942698,0.026110,0.000000,0.003431,0.027761,0.000000],[0.909898,0.047754,0.000000,0.006120,0.036229,0.000000],[0.086967,0.051251,0.000000,0.007086,0.854695,0.000000],[0.088113,0.053232,0.000000,0.007271,0.851384,0.000000],[0.906917,0.049780,0.000000,0.006315,0.036988,0.000000],[0.907764,0.049427,0.000000,0.006247,0.036563,0.000000],[0.909061,0.048141,0.000000,0.006198,0.036601,0.000000],[0.098139,0.058705,0.000000,0.008071,0.835084,0.000000],[0.101050,0.060019,0.000000,0.008335,0.830596,0.000000],[0.101306,0.060228,0.000000,0.008360,0.830106,0.000000],[0.889274,0.054739,0.000000,0.007754,0.048233,0.000000],[0.893412,0.055055,0.000000,0.007384,0.044149,0.000000],[0.892296,0.055446,0.000000,0.007458,0.044799,0.000000],[0.845271,0.072719,0.000000,0.011963,0.070047,0.000000],[0.848781,0.071275,0.000000,0.011628,0.068316,0.000000],[0.847295,0.076102,0.000000,0.011372,0.065231,0.000000],[0.909123,0.047347,0.000000,0.006191,0.037338,0.000000],[0.088307,0.051878,0.000000,0.007220,0.852596,0.000000],[0.149765,0.084987,0.000000,0.013494,0.751755,0.000000],[0.155791,0.092583,0.000000,0.014194,0.737431,0.000000],[0.152731,0.091885,0.000000,0.014027,0.741357,0.000000],[0.889955,0.057099,0.000000,0.007618,0.045328,0.000000],[0.843044,0.077813,0.000000,0.011830,0.067313,0.000000],[0.845641,0.076654,0.000000,0.011512,0.066192,0.000000],[0.851132,0.070397,0.000000,0.011399,0.067072,0.000000],[0.897238,0.051940,0.000000,0.007012,0.043810,0.000000],[0.908482,0.048255,0.000000,0.006211,0.037052,0.000000],[0.917771,0.024384,0.023115,0.005147,0.029584,0.000000],[1.000000,0.000000,0.000000,0.000000,0.000000,0.000000]],
  [[1.000000,0.000000,0.000000,0.000000,0.000000,0.000000],[0.952119,0.012582,0.010513,0.002678,0.022108,0.000000],[0.911434,0.046281,0.000000,0.005973,0.036312,0.000000],[0.846200,0.076399,0.000000,0.011460,0.065941,0.000000],[0.844130,0.077137,0.000000,0.011647,0.067086,0.000000],[0.845536,0.076739,0.000000,0.011546,0.066179,0.000000],[0.907440,0.049533,0.000000,0.006263,0.036764,0.000000],[0.067482,0.029429,0.000000,0.004009,0.899080,0.000000],[0.942558,0.026645,0.000000,0.003419,0.027378,0.000000],[0.942556,0.026482,0.000000,0.003417,0.027545,0.000000],[0.086185,0.053385,0.000000,0.007027,0.853402,0.000000],[0.086352,0.052671,0.000000,0.007159,0.853819,0.000000],[0.908271,0.048407,0.000000,0.006247,0.037075,0.000000],[0.907001,0.049753,0.000000,0.006308,0.036938,0.000000],[0.907141,0.050266,0.000000,0.006232,0.036360,0.000000],[0.067485,0.029450,0.000000,0.004013,0.899051,0.000000],[0.942755,0.026090,0.000000,0.003428,0.027727,0.000000],[0.066756,0.028119,0.000000,0.003947,0.901178,0.000000],[0.906916,0.049812,0.000000,0.006321,0.036951,0.000000],[0.840600,0.079757,0.000000,0.012078,0.067565,0.000000],[0.837820,0.080733,0.000000,0.012327,0.069120,0.000000],[0.839324,0.080198,0.000000,0.012193,0.068284,0.000000],[0.088598,0.053363,0.000000,0.007330,0.850708,0.000000],[0.089434,0.052484,0.000000,0.007343,0.850739,0.000000],[0.838504,0.079756,0.000000,0.012271,0.069469,0.000000],[0.605967,0.105165,0.000000,0.022039,0.266829,0.000000],[0.838374,0.079775,0.000000,0.012279,0.069572,0.000000],[0.905882,0.049395,0.000000,0.006447,0.038275,0.000000],[0.905721,0.049469,0.000000,0.006462,0.038348,0.000000],[0.835945,0.081431,0.000000,0.012508,0.070116,0.000000],[0.600347,0.113785,0.000000,0.023042,0.262825,0.000000],[0.155322,0.087038,0.000000,0.014024,0.743616,0.000000],[0.891153,0.056537,0.000000,0.007505,0.044805,0.000000],[0.908084,0.048521,0.000000,0.006271,0.037124,0.000000],[0.909828,0.046983,0.000000,0.006116,0.037073,0.000000],[0.913395,0.044262,0.000000,0.005850,0.036493,0.000000],[0.914197,0.043950,0.000000,0.005788,0.036065,0.000000],[0.944257,0.024861,0.000000,0.003324,0.027559,0.000000],[0.052563,0.014313,0.011292,0.003043,0.918790,0.000000],[1.000000,0.000000,0.000000,0.000000,0.000000,0.000000]],
  [[1.000000,0.000000,0.000000,0.000000,0.000000,0.000000],[0.951955,0.012637,0.010537,0.002689,0.022181,0.000000],[0.910589,0.046631,0.000000,0.006042,0.036737,0.000000],[0.152090,0.078556,0.000000,0.012603,0.756750,0.000000],[0.607017,0.104003,0.000000,0.021621,0.267359,0.000000],[0.845725,0.072443,0.000000,0.011889,0.069942,0.000000],[0.893954,0.054715,0.000000,0.007310,0.044021,0.000000],[0.088020,0.053001,0.000000,0.007248,0.851731,0.000000],[0.086515,0.052875,0.000000,0.007204,0.853406,0.000000],[0.085788,0.052714,0.000000,0.007175,0.854323,0.000000],[0.087663,0.053248,0.000000,0.007299,0.851789,0.000000],[0.839329,0.081900,0.000000,0.011827,0.066944,0.000000],[0.841154,0.078705,0.000000,0.011998,0.068142,0.000000],[0.845432,0.076849,0.000000,0.011578,0.066141,0.000000],[0.085924,0.052354,0.000000,0.007091,0.854631,0.000000],[0.066940,0.029170,0.000000,0.003961,0.899929,0.000000],[0.956985,0.017631,0.000000,0.002384,0.023000,0.000000],[0.943136,0.025757,0.000000,0.003414,0.027693,0.000000],[0.908721,0.048210,0.000000,0.006207,0.036861,0.000000],[0.840981,0.078786,0.000000,0.012018,0.068214,0.000000],[0.606689,0.104416,0.000000,0.021772,0.267122,0.000000],[0.153432,0.084128,0.000000,0.013232,0.749208,0.000000],[0.905451,0.050388,0.000000,0.006435,0.037725,0.000000],[0.905771,0.050320,0.000000,0.006422,0.037487,0.000000],[0.841999,0.075127,0.000000,0.012343,0.070531,0.000000],[0.159035,0.082967,0.000000,0.014163,0.743835,0.000000],[0.158352,0.081303,0.000000,0.013893,0.746452,0.000000],[0.893691,0.054190,0.000000,0.007393,0.044726,0.000000],[0.893032,0.051475,0.000000,0.007338,0.048154,0.000000],[0.847185,0.071924,0.000000,0.011803,0.069087,0.000000],[0.840751,0.074378,0.000000,0.012397,0.072474,0.000000],[0.841317,0.074673,0.000000,0.012371,0.071638,0.000000],[0.098779,0.059067,0.000000,0.008124,0.834030,0.000000],[0.067238,0.028346,0.000000,0.003989,0.900426,0.000000],[0.943959,0.024971,0.000000,0.003348,0.027722,0.000000],[0.945550,0.023788,0.000000,0.003220,0.027443,0.000000],[0.944647,0.024673,0.000000,0.003293,0.027387,0.000000],[0.944651,0.025145,0.000000,0.003300,0.026904,0.000000],[0.963117,0.008902,0.008082,0.001822,0.018077,0.000000],[1.000000,0.000000,0.000000,0.000000,0.000000,0.000000]],
  [[1.000000,0.000000,0.000000,0.000000,0.000000,0.000000],[0.951416,0.012883,0.010969,0.002679,0.022053,0.000000],[0.908671,0.048980,0.000000,0.006150,0.036199,0.000000],[0.843516,0.077785,0.000000,0.011761,0.066937,0.000000],[0.838930,0.080124,0.000000,0.012166,0.068781,0.000000],[0.153086,0.075334,0.000000,0.013056,0.758524,0.000000],[0.842534,0.074112,0.000000,0.012221,0.071134,0.000000],[0.838517,0.079804,0.000000,0.012278,0.069402,0.000000],[0.838150,0.082434,0.000000,0.011961,0.067455,0.000000],[0.903410,0.051992,0.000000,0.006568,0.038029,0.000000],[0.903181,0.051920,0.000000,0.006558,0.038341,0.000000],[0.153763,0.084370,0.000000,0.013297,0.748570,0.000000],[0.606837,0.104215,0.000000,0.021702,0.267247,0.000000],[0.843995,0.077331,0.000000,0.011698,0.066975,0.000000],[0.907602,0.049450,0.000000,0.006245,0.036702,0.000000],[0.066527,0.028618,0.000000,0.003916,0.900939,0.000000],[0.956859,0.017511,0.000000,0.002409,0.023221,0.000000],[0.943356,0.025659,0.000000,0.003396,0.027589,0.000000],[0.085839,0.051891,0.000000,0.007020,0.855250,0.000000],[0.841610,0.079255,0.000000,0.011947,0.067188,0.000000],[0.153110,0.083863,0.000000,0.013158,0.749868,0.000000],[0.842380,0.078227,0.000000,0.011880,0.067512,0.000000],[0.909237,0.047255,0.000000,0.006174,0.037333,0.000000],[0.909430,0.047252,0.000000,0.006174,0.037144,0.000000],[0.101197,0.060013,0.000000,0.008318,0.830472,0.000000],[0.835707,0.080666,0.000000,0.012287,0.071340,0.000000],[0.160937,0.083658,0.000000,0.014348,0.741056,0.000000],[0.841366,0.074626,0.000000,0.012365,0.071643,0.000000],[0.892188,0.051795,0.000000,0.007401,0.048616,0.000000],[0.847739,0.071706,0.000000,0.011744,0.068811,0.000000],[0.841709,0.073991,0.000000,0.012294,0.072007,0.000000],[0.840713,0.075570,0.000000,0.012454,0.071264,0.000000],[0.892413,0.056679,0.000000,0.007314,0.043594,0.000000],[0.942300,0.026329,0.000000,0.003451,0.027920,0.000000],[0.957134,0.017264,0.000000,0.002386,0.023216,0.000000],[0.958545,0.016586,0.000000,0.002302,0.022568,0.000000],[0.957789,0.017024,0.000000,0.002341,0.022846,0.000000],[0.052210,0.018501,0.000000,0.002661,0.926628,0.000000],[0.963419,0.008824,0.008033,0.001804,0.017920,0.000000],[1.000000,0.000000,0.000000,0.000000,0.000000,0.000000]],
  [[1.000000,0.000000,0.000000,0.000000,0.000000,0.000000],[0.052451,0.014330,0.011520,0.003009,0.918690,0.000000],[0.909954,0.048504,0.000000,0.006056,0.035486,0.000000],[0.086270,0.050784,0.000000,0.006986,0.855960,0.000000],[0.907669,0.048592,0.000000,0.006284,0.037455,0.000000],[0.894838,0.052951,0.000000,0.007214,0.044997,0.000000],[0.841839,0.070576,0.000000,0.012512,0.075073,0.000000],[0.615109,0.095165,0.000000,0.021476,0.268250,0.000000],[0.836856,0.076067,0.000000,0.012731,0.074346,0.000000],[0.103892,0.058250,0.000000,0.008436,0.829422,0.000000],[0.893553,0.054961,0.000000,0.007367,0.044119,0.000000],[0.151267,0.083621,0.000000,0.013109,0.752004,0.000000],[0.837711,0.082377,0.000000,0.011944,0.067968,0.000000],[0.843714,0.077794,0.000000,0.011763,0.066729,0.000000],[0.909892,0.047702,0.000000,0.006106,0.036300,0.000000],[0.943615,0.025537,0.000000,0.003373,0.027475,0.000000],[0.957084,0.017416,0.000000,0.002391,0.023109,0.000000],[0.066190,0.028449,0.000000,0.003884,0.901476,0.000000],[0.907597,0.050140,0.000000,0.006203,0.036060,0.000000],[0.086881,0.052711,0.000000,0.007167,0.853241,0.000000],[0.906560,0.049882,0.000000,0.006333,0.037224,0.000000],[0.909764,0.047020,0.000000,0.006127,0.037088,0.000000],[0.913904,0.044122,0.000000,0.005825,0.036149,0.000000],[0.942653,0.025497,0.000000,0.003444,0.028406,0.000000],[0.906329,0.049229,0.000000,0.006415,0.038027,0.000000],[0.154364,0.086486,0.000000,0.013876,0.745273,0.000000],[0.603296,0.109238,0.000000,0.022699,0.264768,0.000000],[0.835523,0.081589,0.000000,0.012550,0.070339,0.000000],[0.894383,0.053220,0.000000,0.007267,0.045130,0.000000],[0.839001,0.079532,0.000000,0.012211,0.069255,0.000000],[0.606162,0.104987,0.000000,0.021971,0.266880,0.000000],[0.152360,0.085638,0.000000,0.013647,0.748356,0.000000],[0.088954,0.053677,0.000000,0.007379,0.849991,0.000000],[0.067913,0.029949,0.000000,0.004044,0.898095,0.000000],[0.957326,0.017323,0.000000,0.002374,0.022977,0.000000],[0.966652,0.012732,0.000000,0.001826,0.018791,0.000000],[0.039867,0.010685,0.004881,0.001862,0.942704,0.000000],[0.969010,0.007774,0.005959,0.001525,0.015732,0.000000],[0.034189,0.006581,0.005456,0.001470,0.952304,0.000000],[1.000000,0.000000,0.000000,0.000000,0.000000,0.000000]],
  [[1.000000,0.000000,0.000000,0.000000,0.000000,0.000000],[0.951416,0.012998,0.011244,0.002619,0.021723,0.000000],[0.066128,0.028428,0.000000,0.003874,0.901570,0.000000],[0.943415,0.025622,0.000000,0.003389,0.027574,0.000000],[0.942877,0.025391,0.000000,0.003423,0.028308,0.000000],[0.910234,0.045613,0.000000,0.006123,0.038030,0.000000],[0.840301,0.074376,0.000000,0.012402,0.072922,0.000000],[0.218991,0.095603,0.000000,0.016302,0.669104,0.000000],[0.790259,0.098331,0.000000,0.015250,0.096160,0.000000],[0.840743,0.074833,0.000000,0.012406,0.072018,0.000000],[0.894132,0.054695,0.000000,0.007311,0.043863,0.000000],[0.906234,0.050064,0.000000,0.006371,0.037330,0.000000],[0.087813,0.053023,0.000000,0.007226,0.851938,0.000000],[0.085807,0.051842,0.000000,0.007008,0.855342,0.000000],[0.911051,0.047224,0.000000,0.006013,0.035712,0.000000],[0.944483,0.024749,0.000000,0.003307,0.027461,0.000000],[0.052366,0.018203,0.000000,0.002667,0.926764,0.000000],[0.943852,0.025454,0.000000,0.003359,0.027336,0.000000],[0.942988,0.026039,0.000000,0.003399,0.027574,0.000000],[0.067388,0.029406,0.000000,0.004005,0.899201,0.000000],[0.942210,0.026369,0.000000,0.003458,0.027963,0.000000],[0.942561,0.025979,0.000000,0.003454,0.028007,0.000000],[0.943415,0.025190,0.000000,0.003388,0.028007,0.000000],[0.943134,0.025306,0.000000,0.003409,0.028152,0.000000],[0.907998,0.048526,0.000000,0.006275,0.037201,0.000000],[0.838140,0.082337,0.000000,0.011941,0.067582,0.000000],[0.151915,0.085489,0.000000,0.013611,0.748985,0.000000],[0.838165,0.082353,0.000000,0.011942,0.067539,0.000000],[0.099715,0.058161,0.000000,0.008103,0.834022,0.000000],[0.840817,0.079568,0.000000,0.012027,0.067588,0.000000],[0.153449,0.084074,0.000000,0.013213,0.749265,0.000000],[0.840673,0.083177,0.000000,0.011382,0.064769,0.000000],[0.088692,0.056876,0.000000,0.007043,0.847390,0.000000],[0.063423,0.027271,0.000000,0.003652,0.905655,0.000000],[0.050265,0.017715,0.000000,0.002535,0.929485,0.000000],[0.969891,0.010730,0.000000,0.001597,0.017782,0.000000],[0.970563,0.006950,0.005276,0.001443,0.015768,0.000000],[1.000000,0.000000,0.000000,0.000000,0.000000,0.000000],[1.000000,0.000000,0.000000,0.000000,0.000000,0.000000],[1.000000,0.000000,0.000000,0.000000,0.000000,0.000000]],
  [[1.000000,0.000000,0.000000,0.000000,0.000000,0.000000],[0.963404,0.008746,0.007854,0.001839,0.018157,0.000000],[0.957721,0.017066,0.000000,0.002348,0.022866,0.000000],[0.957097,0.017278,0.000000,0.002388,0.023236,0.000000],[0.943298,0.025234,0.000000,0.003395,0.028073,0.000000],[0.897153,0.052084,0.000000,0.007046,0.043718,0.000000],[0.884296,0.055883,0.000000,0.008099,0.051722,0.000000],[0.832687,0.073912,0.000000,0.013379,0.080022,0.000000],[0.623142,0.085686,0.000000,0.020875,0.270297,0.000000],[0.844470,0.069224,0.000000,0.012266,0.074040,0.000000],[0.089521,0.050703,0.000000,0.007254,0.852522,0.000000],[0.942406,0.026042,0.000000,0.003465,0.028087,0.000000],[0.943091,0.025942,0.000000,0.003401,0.027566,0.000000],[0.066343,0.028495,0.000000,0.003892,0.901270,0.000000],[0.944011,0.025372,0.000000,0.003344,0.027274,0.000000],[0.944295,0.025250,0.000000,0.003321,0.027134,0.000000],[0.957385,0.017290,0.000000,0.002368,0.022956,0.000000],[0.957011,0.017445,0.000000,0.002396,0.023148,0.000000],[0.943070,0.025964,0.000000,0.003405,0.027562,0.000000],[0.084736,0.051584,0.000000,0.006962,0.856717,0.000000],[0.086276,0.052255,0.000000,0.007098,0.854371,0.000000],[0.908245,0.048443,0.000000,0.006255,0.037058,0.000000],[0.087059,0.049692,0.000000,0.007046,0.856203,0.000000],[0.909729,0.047824,0.000000,0.006134,0.036314,0.000000],[0.909463,0.047952,0.000000,0.006159,0.036425,0.000000],[0.087179,0.052930,0.000000,0.007213,0.852679,0.000000],[0.088226,0.052931,0.000000,0.007236,0.851608,0.000000],[0.905297,0.051099,0.000000,0.006393,0.037211,0.000000],[0.096419,0.056716,0.000000,0.007810,0.839056,0.000000],[0.907236,0.049595,0.000000,0.006278,0.036892,0.000000],[0.910674,0.046389,0.000000,0.006174,0.036763,0.000000],[0.084015,0.048314,0.000000,0.006769,0.860902,0.000000],[0.918256,0.041088,0.000000,0.005466,0.035189,0.000000],[0.063341,0.025483,0.000000,0.003537,0.907638,0.000000],[0.000000,0.000000,0.000000,0.000000,0.000000,1.000000],[0.963487,0.008361,0.006088,0.001771,0.020292,0.000000],[0.000000,0.000000,0.000000,0.000000,0.000000,1.000000],[1.000000,0.000000,0.000000,0.000000,0.000000,0.000000],[0.978438,0.004642,0.003810,0.000975,0.012136,0.000000],[1.000000,0.000000,0.000000,0.000000,0.000000,0.000000]],
  [[1.000000,0.000000,0.000000,0.000000,0.000000,0.000000],[0.951997,0.012624,0.010531,0.002687,0.022161,0.000000],[0.944500,0.024773,0.000000,0.003309,0.027418,0.000000],[0.066046,0.027723,0.000000,0.003870,0.902360,0.000000],[0.942367,0.026044,0.000000,0.003465,0.028124,0.000000],[0.904485,0.050738,0.000000,0.006507,0.038270,0.000000],[0.158773,0.079516,0.000000,0.013723,0.747988,0.000000],[0.790145,0.098548,0.000000,0.015305,0.096003,0.000000],[0.795897,0.094659,0.000000,0.014924,0.094520,0.000000],[0.843904,0.073177,0.000000,0.012081,0.070837,0.000000],[0.909093,0.047323,0.000000,0.006186,0.037399,0.000000],[0.943817,0.025030,0.000000,0.003359,0.027794,0.000000],[0.958183,0.016716,0.000000,0.002326,0.022774,0.000000],[0.958458,0.016606,0.000000,0.002306,0.022629,0.000000],[0.958445,0.016605,0.000000,0.002306,0.022644,0.000000],[0.958500,0.016586,0.000000,0.002302,0.022612,0.000000],[0.052270,0.018163,0.000000,0.002659,0.926908,0.000000],[0.065629,0.027547,0.000000,0.003837,0.902987,0.000000],[0.942168,0.026308,0.000000,0.003467,0.028057,0.000000],[0.905694,0.050324,0.000000,0.006421,0.037560,0.000000],[0.838603,0.080543,0.000000,0.012277,0.068576,0.000000],[0.836346,0.081303,0.000000,0.012471,0.069880,0.000000],[0.840508,0.079020,0.000000,0.012085,0.068387,0.000000],[0.904867,0.051252,0.000000,0.006422,0.037458,0.000000],[0.067471,0.029435,0.000000,0.004010,0.899083,0.000000],[0.942764,0.026540,0.000000,0.003400,0.027295,0.000000],[0.942921,0.026021,0.000000,0.003415,0.027643,0.000000],[0.942971,0.025985,0.000000,0.003409,0.027635,0.000000],[0.942930,0.025994,0.000000,0.003410,0.027666,0.000000],[0.942981,0.025966,0.000000,0.003404,0.027648,0.000000],[0.945278,0.024079,0.000000,0.003288,0.027354,0.000000],[0.000000,0.000000,0.000000,0.000000,0.000000,1.000000],[0.947582,0.022719,0.000000,0.003041,0.026658,0.000000],[0.000000,0.000000,0.000000,0.000000,0.000000,1.000000],[0.955746,0.011613,0.007237,0.002323,0.023081,0.000000],[1.000000,0.000000,0.000000,0.000000,0.000000,0.000000],[1.000000,0.000000,0.000000,0.000000,0.000000,0.000000],[0.036019,0.007262,0.006033,0.001564,0.949123,0.000000],[0.031861,0.006044,0.005091,0.001326,0.955677,0.000000],[1.000000,0.000000,0.000000,0.000000,0.000000,0.000000]],
  [[1.000000,0.000000,0.000000,0.000000,0.000000,0.000000],[0.917472,0.024460,0.023164,0.005166,0.029737,0.000000],[0.907336,0.049524,0.000000,0.006257,0.036883,0.000000],[0.907673,0.049390,0.000000,0.006236,0.036700,0.000000],[0.085737,0.050759,0.000000,0.006986,0.856517,0.000000],[0.904600,0.050695,0.000000,0.006497,0.038208,0.000000],[0.158247,0.080869,0.000000,0.013771,0.747113,0.000000],[0.609713,0.098499,0.000000,0.022106,0.269682,0.000000],[0.837925,0.075776,0.000000,0.012649,0.073649,0.000000],[0.895196,0.053539,0.000000,0.007254,0.044011,0.000000],[0.909503,0.047924,0.000000,0.006153,0.036420,0.000000],[0.943536,0.025578,0.000000,0.003381,0.027504,0.000000],[0.958278,0.016676,0.000000,0.002319,0.022727,0.000000],[0.957625,0.017061,0.000000,0.002349,0.022966,0.000000],[0.958461,0.016604,0.000000,0.002306,0.022630,0.000000],[0.957270,0.017334,0.000000,0.002376,0.023020,0.000000],[0.957029,0.017439,0.000000,0.002395,0.023136,0.000000],[0.943113,0.025943,0.000000,0.003401,0.027543,0.000000],[0.908586,0.048336,0.000000,0.006237,0.036841,0.000000],[0.106406,0.060599,0.000000,0.008608,0.824387,0.000000],[0.829872,0.079367,0.000000,0.013450,0.077311,0.000000],[0.608349,0.100424,0.000000,0.022810,0.268417,0.000000],[0.161744,0.080111,0.000000,0.013887,0.744259,0.000000],[0.904854,0.050625,0.000000,0.006481,0.038040,0.000000],[0.066907,0.028845,0.000000,0.003959,0.900289,0.000000],[0.052636,0.018668,0.000000,0.002701,0.925995,0.000000],[0.958266,0.016688,0.000000,0.002321,0.022724,0.000000],[0.958289,0.016677,0.000000,0.002319,0.022715,0.000000],[0.052553,0.018608,0.000000,0.002689,0.926150,0.000000],[0.066285,0.028475,0.000000,0.003888,0.901352,0.000000],[0.912588,0.045651,0.000000,0.006028,0.035734,0.000000],[0.912912,0.044773,0.000000,0.006037,0.036278,0.000000],[0.086233,0.044013,0.000000,0.006718,0.863036,0.000000],[0.924798,0.030940,0.008071,0.004706,0.031485,0.000000],[0.070664,0.026156,0.017578,0.005470,0.880133,0.000000],[1.000000,0.000000,0.000000,0.000000,0.000000,0.000000],[1.000000,0.000000,0.000000,0.000000,0.000000,0.000000],[0.038199,0.009010,0.006879,0.001801,0.944111,0.000000],[0.975544,0.005678,0.004589,0.001147,0.013042,0.000000],[1.000000,0.000000,0.000000,0.000000,0.000000,0.000000]],
