[
  [[1.000000,0.000000,0.000000,0.000000,0.000000,0.000000],[1.000000,0.000000,0.000000,0.000000,0.000000,0.000000],[1.000000,0.000000,0.000000,0.000000,0.000000,0.000000],[1.000000,0.000000,0.000000,0.000000,0.000000,0.000000],[1.000000,0.000000,0.000000,0.000000,0.000000,0.000000],[1.000000,0.000000,0.000000,0.000000,0.000000,0.000000],[1.000000,0.000000,0.000000,0.000000,0.000000,0.000000],[1.000000,0.000000,0.000000,0.000000,0.000000,0.000000],[1.000000,0.000000,0.000000,0.000000,0.000000,0.000000],[1.000000,0.000000,0.000000,0.000000,0.000000,0.000000],[1.000000,0.000000,0.000000,0.000000,0.000000,0.000000],[1.000000,0.000000,0.000000,0.000000,0.000000,0.000000],[1.000000,0.000000,0.000000,0.000000,0.000000,0.000000],[1.000000,0.000000,0.000000,0.000000,0.000000,0.000000],[1.000000,0.000000,0.000000,0.000000,0.000000,0.000000],[1.000000,0.000000,0.000000,0.000000,0.000000,0.000000],[1.000000,0.000000,0.000000,0.000000,0.000000,0.000000],[1.000000,0.000000,0.000000,0.000000,0.000000,0.000000],[1.000000,0.000000,0.000000,0.000000,0.000000,0.000000],[1.000000,0.000000,0.000000,0.000000,0.000000,0.000000],[1.000000,0.000000,0.000000,0.000000,0.000000,0.000000],[1.000000,0.000000,0.000000,0.000000,0.000000,0.000000],[1.000000,0.000000,0.000000,0.000000,0.000000,0.000000],[1.000000,0.000000,0.000000,0.000000,0.000000,0.000000],[1.000000,0.000000,0.000000,0.000000,0.000000,0.000000],[1.000000,0.000000,0.000000,0.000000,0.000000,0.000000],[1.000000,0.000000,0.000000,0.000000,0.000000,0.000000],[1.000000,0.000000,0.000000,0.000000,0.000000,0.000000],[1.000000,0.000000,0.000000,0.000000,0.000000,0.000000],[1.000000,0.000000,0.000000,0.000000,0.000000,0.000000],[1.000000,0.000000,0.000000,0.000000,0.000000,0.000000],[1.000000,0.000000,0.000000,0.000000,0.000000,0.000000],[1.000000,0.000000,0.000000,0.000000,0.000000,0.000000],[1.000000,0.000000,0.000000,0.000000,0.000000,0.000000],[1.000000,0.000000,0.000000,0.000000,0.000000,0.000000],[1.000000,0.000000,0.000000,0.000000,0.000000,0.000000],[1.000000,0.000000,0.000000,0.000000,0.000000,0.000000],[1.000000,0.000000,0.000000,0.000000,0.000000,0.000000],[1.000000,0.000000,0.000000,0.000000,0.000000,0.000000],[1.000000,0.000000,0.000000,0.000000,0.000000,0.000000]],
  [[1.000000,0.000000,0.000000,0.000000,0.000000,0.000000],[1.000000,0.000000,0.000000,0.000000,0.000000,0.000000],[0.982784,0.003647,0.002806,0.000772,0.009991,0.000000],[0.978603,0.004695,0.003385,0.000998,0.012318,0.000000],[1.000000,0.000000,0.000000,0.000000,0.000000,0.000000],[1.000000,0.000000,0.000000,0.000000,0.000000,0.000000],[1.000000,0.000000,0.000000,0.000000,0.000000,0.000000],[0.047616,0.013192,0.010071,0.002805,0.926315,0.000000],[0.067758,0.026692,0.023575,0.005956,0.876019,0.000000],[0.841968,0.034156,0.060417,0.010371,0.053088,0.000000],[0.837359,0.034896,0.062048,0.010619,0.055078,0.000000],[0.134794,0.038175,0.066651,0.012055,0.748325,0.000000],[0.922091,0.024233,0.021015,0.005090,0.027571,0.000000],[0.955104,0.012354,0.010226,0.002538,0.019779,0.000000],[0.967119,0.008212,0.007150,0.001701,0.015817,0.000000],[0.967105,0.008216,0.007152,0.001702,0.015825,0.000000],[0.955283,0.012304,0.010198,0.002527,0.019687,0.000000],[0.955140,0.012348,0.010220,0.002536,0.019756,0.000000],[0.954968,0.012400,0.010246,0.002547,0.019839,0.000000],[0.954522,0.012640,0.010584,0.002515,0.019739,0.000000],[0.047560,0.013715,0.010646,0.002823,0.925256,0.000000],[0.954186,0.012833,0.010916,0.002416,0.019649,0.000000],[0.047354,0.013597,0.010493,0.002820,0.925736,0.000000],[0.958625,0.011103,0.009025,0.002323,0.018923,0.000000],[1.000000,0.000000,0.000000,0.000000,0.000000,0.000000],[1.000000,0.000000,0.000000,0.000000,0.000000,0.000000],[1.000000,0.000000,0.000000,0.000000,0.000000,0.000000],[0.149351,0.045264,0.066307,0.013260,0.725818,0.000000],[0.831476,0.038030,0.064720,0.011103,0.054672,0.000000],[0.067880,0.026783,0.023005,0.005948,0.876384,0.000000],[0.954987,0.012396,0.010243,0.002546,0.019828,0.000000],[0.967770,0.008004,0.006880,0.001699,0.015647,0.000000],[0.974758,0.006223,0.004991,0.001320,0.012709,0.000000],[0.979257,0.004985,0.003863,0.001036,0.010859,0.000000],[0.026965,0.005601,0.004391,0.001213,0.961831,0.000000],[0.979272,0.004978,0.003862,0.001035,0.010854,0.000000],[0.979293,0.004918,0.003840,0.001041,0.010909,0.000000],[0.979425,0.004945,0.003836,0.001026,0.010767,0.000000],[0.981217,0.004295,0.003354,0.000904,0.010229,0.000000],[1.000000,0.000000,0.000000,0.000000,0.000000,0.000000]],
  [[1.000000,0.000000,0.000000,0.000000,0.000000,0.000000],[1.000000,0.000000,0.000000,0.000000,0.000000,0.000000],[1.000000,0.000000,0.000000,0.000000,0.000000,0.000000],[1.000000,0.000000,0.000000,0.000000,0.000000,0.000000],[1.000000,0.000000,0.000000,0.000000,0.000000,0.000000],[1.000000,0.000000,0.000000,0.000000,0.000000,0.000000],[0.922491,0.024205,0.020937,0.005078,0.027289,0.000000],[0.916379,0.038667,0.006971,0.005463,0.032521,0.000000],[0.085810,0.076396,0.000000,0.007071,0.830724,0.000000],[0.830526,0.070116,0.000000,0.010653,0.088705,0.000000],[0.636284,0.085630,0.000000,0.019183,0.258903,0.000000],[0.836283,0.093604,0.000000,0.010435,0.059679,0.000000],[0.923455,0.040435,0.000000,0.005194,0.030916,0.000000],[0.954113,0.021008,0.000000,0.002768,0.022111,0.000000],[0.051692,0.022786,0.000000,0.003122,0.922400,0.000000],[0.954002,0.021434,0.000000,0.002782,0.021783,0.000000],[0.953709,0.021540,0.000000,0.002801,0.021951,0.000000],[0.069473,0.042502,0.000000,0.005733,0.882292,0.000000],[0.923335,0.041074,0.000000,0.005192,0.030399,0.000000],[0.921643,0.042443,0.000000,0.005286,0.030629,0.000000],[0.069256,0.043513,0.000000,0.005772,0.881458,0.000000],[0.068129,0.043344,0.000000,0.005724,0.882803,0.000000],[0.954473,0.021262,0.000000,0.002749,0.021515,0.000000],[0.952126,0.013693,0.009467,0.002751,0.021963,0.000000],[0.932329,0.020656,0.015519,0.004566,0.026931,0.000000],[1.000000,0.000000,0.000000,0.000000,0.000000,0.000000],[0.840255,0.036723,0.045644,0.011375,0.066003,0.000000],[0.616315,0.055498,0.038967,0.021790,0.267430,0.000000],[0.160247,0.084560,0.000000,0.014622,0.740571,0.000000],[0.907937,0.049655,0.000000,0.006289,0.036118,0.000000],[0.948108,0.023787,0.000000,0.003130,0.024976,0.000000],[0.964250,0.014710,0.000000,0.002006,0.019034,0.000000],[0.971873,0.010950,0.000000,0.001544,0.015633,0.000000],[0.971215,0.011470,0.000000,0.001601,0.015714,0.000000],[0.971257,0.011451,0.000000,0.001598,0.015694,0.000000],[0.972007,0.010896,0.000000,0.001534,0.015564,0.000000],[0.971998,0.010898,0.000000,0.001534,0.015570,0.000000],[0.971485,0.011383,0.000000,0.001585,0.015547,0.000000],[0.030987,0.007183,0.005674,0.001481,0.954675,0.000000],[1.000000,0.000000,0.000000,0.000000,0.000000,0.000000]],
  [[1.000000,0.000000,0.000000,0.000000,0.000000,0.000000],[1.000000,0.000000,0.000000,0.000000,0.000000,0.000000],[1.000000,0.000000,0.000000,0.000000,0.000000,0.000000],[1.000000,0.000000,0.000000,0.000000,0.000000,0.000000],[0.968692,0.007662,0.006714,0.001561,0.015371,0.000000],[0.951863,0.013863,0.009602,0.002738,0.021934,0.000000],[0.919682,0.036833,0.006615,0.005111,0.031759,0.000000],[0.842119,0.078310,0.000000,0.011899,0.067673,0.000000],[0.137145,0.094913,0.000000,0.011926,0.756016,0.000000],[0.184040,0.116642,0.000000,0.014572,0.684746,0.000000],[0.161660,0.094690,0.000000,0.011870,0.731780,0.000000],[0.835388,0.094533,0.000000,0.010511,0.059568,0.000000],[0.896853,0.067013,0.000000,0.005340,0.030795,0.000000],[0.921971,0.042354,0.000000,0.005273,0.030402,0.000000],[0.920471,0.043510,0.000000,0.005348,0.030671,0.000000],[0.070583,0.043962,0.000000,0.005871,0.879584,0.000000],[0.920954,0.042736,0.000000,0.005349,0.030962,0.000000],[0.910928,0.046457,0.000000,0.006108,0.036507,0.000000],[0.152028,0.071162,0.000000,0.010985,0.765825,0.000000],[0.860890,0.069201,0.000000,0.010422,0.059487,0.000000],[0.839329,0.067499,0.000000,0.010142,0.083030,0.000000],[0.899305,0.040984,0.000000,0.005176,0.054534,0.000000],[0.954056,0.021042,0.000000,0.002775,0.022127,0.000000],[0.951164,0.013820,0.009317,0.002815,0.022885,0.000000],[1.000000,0.000000,0.000000,0.000000,0.000000,0.000000],[1.000000,0.000000,0.000000,0.000000,0.000000,0.000000],[1.000000,0.000000,0.000000,0.000000,0.000000,0.000000],[0.788170,0.073233,0.030540,0.015169,0.092888,0.000000],[0.160844,0.081678,0.000000,0.014346,0.743132,0.000000],[0.909407,0.048243,0.000000,0.006219,0.036130,0.000000],[0.948904,0.022927,0.000000,0.003060,0.025108,0.000000],[0.962619,0.015513,0.000000,0.002109,0.019759,0.000000],[0.961787,0.016085,0.000000,0.002156,0.019972,0.000000],[0.044902,0.016789,0.000000,0.002366,0.935943,0.000000],[0.961945,0.015895,0.000000,0.002141,0.020019,0.000000],[0.964058,0.014750,0.000000,0.002014,0.019178,0.000000],[0.962812,0.015430,0.000000,0.002093,0.019664,0.000000],[0.044938,0.016844,0.000000,0.002372,0.935846,0.000000],[0.966431,0.008439,0.007725,0.001625,0.015779,0.000000],[1.000000,0.000000,0.000000,0.000000,0.000000,0.000000]],
  [[1.000000,0.000000,0.000000,0.000000,0.000000,0.000000],[0.024991,0.003982,0.003228,0.000934,0.966865,0.000000],[1.000000,0.000000,0.000000,0.000000,0.000000,0.000000],[0.975617,0.005957,0.004724,0.001247,0.012456,0.000000],[0.039540,0.010612,0.007600,0.002026,0.940221,0.000000],[0.059470,0.026935,0.000000,0.003619,0.909976,0.000000],[0.910191,0.048597,0.000000,0.006075,0.035137,0.000000],[0.841069,0.078535,0.000000,0.011956,0.068439,0.000000],[0.660862,0.085400,0.000000,0.019117,0.234621,0.000000],[0.856782,0.066864,0.000000,0.011102,0.065253,0.000000],[0.906873,0.048081,0.000000,0.006433,0.038614,0.000000],[0.059179,0.027420,0.000000,0.003689,0.909712,0.000000],[0.039689,0.053555,0.000000,0.003344,0.903412,0.000000],[0.069062,0.053294,0.000000,0.003385,0.874259,0.000000],[0.792038,0.096726,0.000000,0.020252,0.090984,0.000000],[0.146542,0.083242,0.000000,0.006358,0.763858,0.000000],[0.849705,0.081917,0.000000,0.020203,0.048175,0.000000],[0.878135,0.068770,0.000000,0.003539,0.049556,0.000000],[0.161036,0.083200,0.000000,0.020566,0.735197,0.000000],[0.575892,0.080659,0.000000,0.025179,0.318270,0.000000],[0.909804,0.052101,0.000000,0.005613,0.032481,0.000000],[0.901104,0.036203,0.000000,0.002902,0.059790,0.000000],[0.959368,0.025935,0.000000,0.001606,0.013091,0.000000],[0.911999,0.013702,0.039416,0.017968,0.016916,0.000000],[1.000000,0.000000,0.000000,0.000000,0.000000,0.000000],[1.000000,0.000000,0.000000,0.000000,0.000000,0.000000],[0.653445,0.029939,0.036212,0.015802,0.264602,0.000000],[0.822259,0.043377,0.048142,0.012925,0.073297,0.000000],[0.894586,0.054369,0.000000,0.007418,0.043627,0.000000],[0.912228,0.046372,0.000000,0.005992,0.035407,0.000000],[0.948972,0.022895,0.000000,0.003054,0.025079,0.000000],[0.948338,0.023648,0.000000,0.003106,0.024907,0.000000],[0.058974,0.026543,0.000000,0.003550,0.910934,0.000000],[0.059115,0.026603,0.000000,0.003561,0.910721,0.000000],[0.947605,0.024347,0.000000,0.003159,0.024889,0.000000],[0.949229,0.022755,0.000000,0.003028,0.024989,0.000000],[0.948087,0.023731,0.000000,0.003120,0.025062,0.000000],[0.947848,0.024471,0.000000,0.003137,0.024544,0.000000],[0.047331,0.013610,0.010604,0.002801,0.925655,0.000000],[1.000000,0.000000,0.000000,0.000000,0.000000,0.000000]],
  [[1.000000,0.000000,0.000000,0.000000,0.000000,0.000000],[0.983272,0.003678,0.002961,0.000768,0.009322,0.000000],[0.979528,0.004927,0.003845,0.001003,0.010697,0.000000],[1.000000,0.000000,0.000000,0.000000,0.000000,0.000000],[0.964010,0.009532,0.007465,0.001872,0.017120,0.000000],[0.059335,0.026822,0.000000,0.003600,0.910243,0.000000],[0.910766,0.048320,0.000000,0.006023,0.034891,0.000000],[0.145299,0.076705,0.000000,0.012172,0.765824,0.000000],[0.838191,0.067663,0.000000,0.010227,0.083919,0.000000],[0.816670,0.066554,0.000000,0.034785,0.081992,0.000000],[0.921395,0.041927,0.000000,0.005365,0.031313,0.000000],[0.939709,0.014032,0.000000,0.001833,0.044426,0.000000],[0.925265,0.039530,0.000000,0.003153,0.032053,0.000000],[0.919993,0.026669,0.000000,0.017701,0.035637,0.000000],[0.819724,0.108697,0.000000,0.006225,0.065355,0.000000],[0.637394,0.090198,0.000000,0.010725,0.261682,0.000000],[0.835896,0.079356,0.000000,0.006059,0.078689,0.000000],[0.891835,0.082742,0.000000,0.003549,0.021875,0.000000],[0.893549,0.052865,0.000000,0.005825,0.047761,0.000000],[0.879277,0.067083,0.000000,0.005814,0.047826,0.000000],[0.867350,0.066253,0.000000,0.019826,0.046571,0.000000],[0.936390,0.039239,0.000000,0.003351,0.021021,0.000000],[0.884554,0.080001,0.000000,0.003096,0.032349,0.000000],[0.885509,0.069676,0.004816,0.003507,0.036493,0.000000],[0.222865,0.025826,0.045555,0.007855,0.697900,0.000000],[0.260639,0.030735,0.073392,0.009815,0.625419,0.000000],[1.000000,0.000000,0.000000,0.000000,0.000000,0.000000],[0.141868,0.045385,0.049120,0.012863,0.750764,0.000000],[0.917580,0.037659,0.006896,0.005287,0.032578,0.000000],[0.947177,0.024183,0.000000,0.003202,0.025438,0.000000],[0.947982,0.023811,0.000000,0.003135,0.025072,0.000000],[0.914107,0.046163,0.000000,0.005795,0.033935,0.000000],[0.913298,0.046484,0.000000,0.005857,0.034360,0.000000],[0.912531,0.046779,0.000000,0.005915,0.034775,0.000000],[0.902358,0.050057,0.000000,0.006623,0.040962,0.000000],[0.903133,0.049219,0.000000,0.006526,0.041123,0.000000],[0.912950,0.045895,0.000000,0.005890,0.035264,0.000000],[0.911488,0.048037,0.000000,0.005962,0.034514,0.000000],[0.066135,0.025855,0.023205,0.005763,0.879042,0.000000],[1.000000,0.000000,0.000000,0.000000,0.000000,0.000000]],
  [[1.000000,0.000000,0.000000,0.000000,0.000000,0.000000],[0.024218,0.004323,0.003600,0.000996,0.966864,0.000000],[0.980380,0.004581,0.003590,0.000965,0.010483,0.000000],[1.000000,0.000000,0.000000,0.000000,0.000000,0.000000],[0.966634,0.008414,0.007406,0.001697,0.015848,0.000000],[0.947800,0.024320,0.000000,0.003153,0.024727,0.000000],[0.911623,0.047950,0.000000,0.005950,0.034476,0.000000],[0.912931,0.045950,0.000000,0.005902,0.035217,0.000000],[0.922784,0.040655,0.000000,0.005241,0.031320,0.000000],[0.913900,0.043699,0.000000,0.005829,0.036572,0.000000],[0.912987,0.044556,0.000000,0.005939,0.036518,0.000000],[0.090589,0.041610,0.000000,0.003705,0.864096,0.000000],[0.934095,0.040824,0.000000,0.003595,0.021487,0.000000],[0.878186,0.063304,0.000000,0.020369,0.038141,0.000000],[0.824781,0.076985,0.000000,0.007412,0.090823,0.000000],[0.854184,0.091362,0.000000,0.007376,0.047078,0.000000],[0.877442,0.063793,0.000000,0.006278,0.052486,0.000000],[0.945320,0.026863,0.000000,0.003813,0.024004,0.000000],[0.906268,0.040298,0.000000,0.003524,0.049910,0.000000],[0.920909,0.040056,0.000000,0.003476,0.035559,0.000000],[0.936173,0.039326,0.000000,0.003368,0.021133,0.000000],[0.921438,0.053954,0.000000,0.003439,0.021168,0.000000],[0.877350,0.068048,0.000000,0.006037,0.048565,0.000000],[0.209456,0.136743,0.000000,0.007738,0.646063,0.000000],[0.726169,0.162737,0.000000,0.008959,0.102135,0.000000],[0.523333,0.134517,0.018775,0.010861,0.312513,0.000000],[0.815315,0.036827,0.052333,0.011303,0.084222,0.000000],[1.000000,0.000000,0.000000,0.000000,0.000000,0.000000],[0.921572,0.024489,0.021092,0.005148,0.027700,0.000000],[0.951125,0.019346,0.004147,0.002702,0.022680,0.000000],[0.059650,0.025321,0.000000,0.003572,0.911457,0.000000],[0.914231,0.045413,0.000000,0.005793,0.034563,0.000000],[0.850541,0.074764,0.000000,0.011006,0.063689,0.000000],[0.848611,0.075428,0.000000,0.011176,0.064785,0.000000],[0.851070,0.070065,0.000000,0.011294,0.067571,0.000000],[0.850945,0.070113,0.000000,0.011306,0.067636,0.000000],[0.844973,0.076736,0.000000,0.011537,0.066755,0.000000],[0.143762,0.080779,0.000000,0.012405,0.763054,0.000000],[0.920770,0.024188,0.022316,0.005014,0.027712,0.000000],[1.000000,0.000000,0.000000,0.000000,0.000000,0.000000]],
  [[1.000000,0.000000,0.000000,0.000000,0.000000,0.000000],[0.984465,0.003250,0.002670,0.000691,0.008924,0.000000],[1.000000,0.000000,0.000000,0.000000,0.000000,0.000000],[1.000000,0.000000,0.000000,0.000000,0.000000,0.000000],[0.967023,0.008234,0.007166,0.001707,0.015871,0.000000],[0.059492,0.025238,0.000000,0.003555,0.911716,0.000000],[0.914450,0.045352,0.000000,0.005782,0.034415,0.000000],[0.916230,0.043409,0.000000,0.005666,0.034695,0.000000],[0.925548,0.038471,0.000000,0.005042,0.030939,0.000000],[0.888917,0.068290,0.000000,0.005869,0.036923,0.000000],[0.841513,0.062710,0.000000,0.034907,0.060870,0.000000],[0.882980,0.057970,0.000000,0.006515,0.052535,0.000000],[0.832015,0.081920,0.000000,0.006260,0.079804,0.000000],[0.137785,0.082194,0.000000,0.007189,0.772831,0.000000],[0.588814,0.109479,0.000000,0.011458,0.290249,0.000000],[0.164780,0.126199,0.000000,0.007002,0.702019,0.000000],[0.067570,0.058450,0.000000,0.018664,0.855316,0.000000],[0.819714,0.066401,0.000000,0.006262,0.107622,0.000000],[0.190261,0.055212,0.000000,0.006471,0.748056,0.000000],[0.878354,0.067613,0.000000,0.005925,0.048108,0.000000],[0.955249,0.023602,0.000000,0.003048,0.018101,0.000000],[0.912317,0.038311,0.000000,0.003105,0.046267,0.000000],[0.161799,0.126426,0.000000,0.006485,0.705291,0.000000],[0.575213,0.145828,0.000000,0.027523,0.251437,0.000000],[0.760205,0.116468,0.000000,0.039916,0.083411,0.000000],[0.719796,0.066700,0.120334,0.006806,0.086365,0.000000],[1.000000,0.000000,0.000000,0.000000,0.000000,0.000000],[1.000000,0.000000,0.000000,0.000000,0.000000,0.000000],[1.000000,0.000000,0.000000,0.000000,0.000000,0.000000],[0.951487,0.013877,0.009565,0.002792,0.022279,0.000000],[0.947800,0.024323,0.000000,0.003154,0.024723,0.000000],[0.912920,0.046629,0.000000,0.005886,0.034565,0.000000],[0.846373,0.076252,0.000000,0.011410,0.065966,0.000000],[0.610467,0.104057,0.000000,0.021734,0.263742,0.000000],[0.845038,0.072245,0.000000,0.011827,0.070891,0.000000],[0.844924,0.072281,0.000000,0.011837,0.070958,0.000000],[0.610320,0.104174,0.000000,0.021775,0.263731,0.000000],[0.844060,0.077409,0.000000,0.011656,0.066875,0.000000],[0.067601,0.026415,0.022909,0.005862,0.877213,0.000000],[1.000000,0.000000,0.000000,0.000000,0.000000,0.000000]],
  [[1.000000,0.000000,0.000000,0.000000,0.000000,0.000000],[1.000000,0.000000,0.000000,0.000000,0.000000,0.000000],[1.000000,0.000000,0.000000,0.000000,0.000000,0.000000],[1.000000,0.000000,0.000000,0.000000,0.000000,0.000000],[0.966750,0.008398,0.007386,0.001692,0.015775,0.000000],[0.947792,0.024519,0.000000,0.003147,0.024542,0.000000],[0.911355,0.048121,0.000000,0.005981,0.034542,0.000000],[0.847287,0.075993,0.000000,0.011348,0.065372,0.000000],[0.867122,0.066209,0.000000,0.009828,0.056841,0.000000],[0.843676,0.061862,0.000000,0.034672,0.059791,0.000000],[0.838878,0.063611,0.000000,0.035186,0.062325,0.000000],[0.588709,0.103114,0.000000,0.011958,0.296219,0.000000],[0.077929,0.069406,0.000000,0.006966,0.845699,0.000000],[0.149040,0.055331,0.000000,0.007014,0.788615,0.000000],[0.075443,0.044472,0.000000,0.006959,0.873126,0.000000],[0.888718,0.056072,0.000000,0.006146,0.049063,0.000000],[0.916628,0.028716,0.000000,0.003830,0.050825,0.000000],[0.160417,0.042679,0.000000,0.006833,0.790071,0.000000],[0.617097,0.111891,0.000000,0.025727,0.245285,0.000000],[0.833361,0.097311,0.000000,0.006110,0.063218,0.000000],[0.083975,0.038540,0.000000,0.017645,0.859840,0.000000],[0.940024,0.024808,0.000000,0.003113,0.032056,0.000000],[0.906865,0.053364,0.000000,0.005931,0.033840,0.000000],[0.866962,0.086859,0.000000,0.006748,0.039431,0.000000],[0.143607,0.071592,0.000000,0.052891,0.731911,0.000000],[0.765327,0.114765,0.004641,0.003411,0.111856,0.000000],[0.084727,0.024072,0.019370,0.005178,0.866653,0.000000],[1.000000,0.000000,0.000000,0.000000,0.000000,0.000000],[1.000000,0.000000,0.000000,0.000000,0.000000,0.000000],[0.967410,0.008106,0.006937,0.001721,0.015825,0.000000],[0.948441,0.023634,0.000000,0.003102,0.024823,0.000000],[0.079824,0.047141,0.000000,0.006536,0.866498,0.000000],[0.844988,0.077088,0.000000,0.011582,0.066343,0.000000],[0.842383,0.078018,0.000000,0.011820,0.067778,0.000000],[0.149222,0.075508,0.000000,0.012707,0.762563,0.000000],[0.844482,0.072859,0.000000,0.011896,0.070762,0.000000],[0.845109,0.076743,0.000000,0.011538,0.066611,0.000000],[0.845740,0.076832,0.000000,0.011509,0.065919,0.000000],[0.922415,0.024149,0.020960,0.005068,0.027407,0.000000],[1.000000,0.000000,0.000000,0.000000,0.000000,0.000000]],
  [[1.000000,0.000000,0.000000,0.000000,0.000000,0.000000],[0.982775,0.003702,0.002904,0.000781,0.009838,0.000000],[1.000000,0.000000,0.000000,0.000000,0.000000,0.000000],[1.000000,0.000000,0.000000,0.000000,0.000000,0.000000],[0.968363,0.007782,0.006589,0.001636,0.015631,0.000000],[0.051392,0.020609,0.004905,0.002963,0.920132,0.000000],[0.080349,0.050389,0.000000,0.006735,0.862527,0.000000],[0.842953,0.077947,0.000000,0.011796,0.067303,0.000000],[0.635214,0.088476,0.000000,0.018902,0.257407,0.000000],[0.867018,0.062359,0.000000,0.010145,0.060478,0.000000],[0.814172,0.063607,0.000000,0.035185,0.087036,0.000000],[0.096209,0.106369,0.000000,0.007067,0.790355,0.000000],[0.890492,0.068091,0.000000,0.005956,0.035462,0.000000],[0.945374,0.029511,0.000000,0.003646,0.021469,0.000000],[0.951682,0.026776,0.000000,0.003244,0.018299,0.000000],[0.041138,0.026093,0.000000,0.003567,0.929202,0.000000],[0.914672,0.057061,0.000000,0.003927,0.024340,0.000000],[0.845514,0.097616,0.000000,0.006189,0.050681,0.000000],[0.150001,0.112518,0.000000,0.021308,0.716173,0.000000],[0.791304,0.109059,0.000000,0.006247,0.093390,0.000000],[0.935443,0.039917,0.000000,0.003449,0.021191,0.000000],[0.955494,0.023851,0.000000,0.003023,0.017632,0.000000],[0.054739,0.023960,0.000000,0.003343,0.917958,0.000000],[0.905971,0.056199,0.000000,0.003317,0.034513,0.000000],[0.891013,0.086385,0.000000,0.003310,0.019292,0.000000],[0.890852,0.086919,0.000000,0.003296,0.018932,0.000000],[0.932724,0.041423,0.003727,0.002373,0.019753,0.000000],[0.957984,0.011307,0.009123,0.002367,0.019218,0.000000],[1.000000,0.000000,0.000000,0.000000,0.000000,0.000000],[0.967114,0.008216,0.007151,0.001702,0.015817,0.000000],[0.948212,0.024168,0.000000,0.003125,0.024496,0.000000],[0.913790,0.046348,0.000000,0.005833,0.034029,0.000000],[0.909702,0.049468,0.000000,0.006073,0.034756,0.000000],[0.080817,0.050642,0.000000,0.006801,0.861740,0.000000],[0.896575,0.055021,0.000000,0.006997,0.041406,0.000000],[0.897440,0.053946,0.000000,0.006993,0.041622,0.000000],[0.080597,0.049015,0.000000,0.006648,0.863740,0.000000],[0.913489,0.046455,0.000000,0.005849,0.034207,0.000000],[0.923191,0.023925,0.020826,0.005016,0.027042,0.000000],[1.000000,0.000000,0.000000,0.000000,0.000000,0.000000]],
  [[1.000000,0.000000,0.000000,0.000000,0.000000,0.000000],[0.029513,0.006028,0.004609,0.001324,0.958526,0.000000],[1.000000,0.000000,0.000000,0.000000,0.000000,0.000000],[1.000000,0.000000,0.000000,0.000000,0.000000,0.000000],[1.000000,0.000000,0.000000,0.000000,0.000000,0.000000],[0.952164,0.013621,0.009630,0.002696,0.021889,0.000000],[0.071461,0.041773,0.007689,0.005778,0.873299,0.000000],[0.845288,0.063500,0.017142,0.010845,0.063224,0.000000],[0.867239,0.050349,0.014887,0.009285,0.058240,0.000000],[0.844665,0.082637,0.000000,0.010135,0.062563,0.000000],[0.881017,0.045769,0.000000,0.030973,0.042241,0.000000],[0.883886,0.074092,0.000000,0.003826,0.038196,0.000000],[0.060028,0.028220,0.000000,0.003814,0.907939,0.000000],[0.039839,0.025200,0.000000,0.031867,0.903094,0.000000],[0.030867,0.014399,0.000000,0.001929,0.952806,0.000000],[0.045226,0.014695,0.000000,0.001981,0.938098,0.000000],[0.061369,0.059073,0.000000,0.003871,0.875686,0.000000],[0.120925,0.086724,0.000000,0.007108,0.785243,0.000000],[0.164684,0.155526,0.000000,0.021374,0.658416,0.000000],[0.820566,0.065769,0.000000,0.006171,0.107493,0.000000],[0.907837,0.053497,0.000000,0.017468,0.021198,0.000000],[0.972796,0.012628,0.000000,0.001650,0.012926,0.000000],[0.944954,0.040672,0.000000,0.001632,0.012741,0.000000],[0.970962,0.013594,0.000000,0.001754,0.013690,0.000000],[0.955942,0.028546,0.000000,0.001757,0.013755,0.000000],[0.047690,0.044238,0.000000,0.001955,0.906118,0.000000],[0.957390,0.016892,0.003595,0.002352,0.019770,0.000000],[0.968400,0.007758,0.006429,0.001667,0.015746,0.000000],[1.000000,0.000000,0.000000,0.000000,0.000000,0.000000],[0.036625,0.008261,0.006702,0.001822,0.946589,0.000000],[0.951341,0.019488,0.004193,0.002672,0.022307,0.000000],[0.947101,0.024815,0.000000,0.003202,0.024882,0.000000],[0.060315,0.027929,0.000000,0.003703,0.908054,0.000000],[0.060037,0.028061,0.000000,0.003718,0.908184,0.000000],[0.060559,0.028016,0.000000,0.003717,0.907707,0.000000],[0.059744,0.027296,0.000000,0.003639,0.909322,0.000000],[0.947202,0.024707,0.000000,0.003182,0.024908,0.000000],[0.947916,0.024443,0.000000,0.003133,0.024508,0.000000],[0.047373,0.013579,0.010494,0.002818,0.925737,0.000000],[1.000000,0.000000,0.000000,0.000000,0.000000,0.000000]],
  [[1.000000,0.000000,0.000000,0.000000,0.000000,0.000000],[0.029958,0.006523,0.005168,0.001389,0.956963,0.000000],[0.963847,0.009540,0.007723,0.001833,0.017058,0.000000],[0.036499,0.008190,0.006675,0.001807,0.946828,0.000000],[1.000000,0.000000,0.000000,0.000000,0.000000,0.000000],[0.957977,0.011307,0.009124,0.002367,0.019226,0.000000],[0.926008,0.022759,0.019167,0.004874,0.027192,0.000000],[1.000000,0.000000,0.000000,0.000000,0.000000,0.000000],[0.897983,0.024042,0.016844,0.005319,0.055811,0.000000],[0.816160,0.062978,0.000000,0.010276,0.110585,0.000000],[0.868284,0.061881,0.000000,0.010022,0.059813,0.000000],[0.886182,0.041286,0.000000,0.006194,0.066337,0.000000],[0.955309,0.023922,0.000000,0.003037,0.017733,0.000000],[0.972755,0.012749,0.000000,0.001651,0.012845,0.000000],[0.944756,0.012980,0.000000,0.015665,0.026599,0.000000],[0.044429,0.014447,0.000000,0.016090,0.925034,0.000000],[0.105184,0.101446,0.000000,0.003824,0.789545,0.000000],[0.106687,0.208185,0.000000,0.007396,0.677731,0.000000],[0.556565,0.189432,0.000000,0.025815,0.228188,0.000000],[0.891041,0.039642,0.000000,0.006077,0.063240,0.000000],[0.928585,0.022422,0.000000,0.002948,0.046045,0.000000],[0.902729,0.068677,0.000000,0.001650,0.026944,0.000000],[0.058328,0.013566,0.000000,0.001824,0.926282,0.000000],[0.032265,0.029793,0.000000,0.001957,0.935985,0.000000],[0.971207,0.013396,0.000000,0.001741,0.013656,0.000000],[0.971352,0.013355,0.000000,0.001733,0.013560,0.000000],[0.968715,0.011168,0.003215,0.001609,0.015293,0.000000],[1.000000,0.000000,0.000000,0.000000,0.000000,0.000000],[1.000000,0.000000,0.000000,0.000000,0.000000,0.000000],[1.000000,0.000000,0.000000,0.000000,0.000000,0.000000],[0.962053,0.013576,0.003926,0.001976,0.018469,0.000000],[0.046528,0.018676,0.000000,0.002613,0.932183,0.000000],[0.045842,0.018356,0.000000,0.002548,0.933253,0.000000],[0.962500,0.015513,0.000000,0.002126,0.019861,0.000000],[0.046923,0.018645,0.000000,0.002564,0.931868,0.000000],[0.961117,0.016373,0.000000,0.002209,0.020300,0.000000],[0.961556,0.016061,0.000000,0.002171,0.020212,0.000000],[0.045005,0.016584,0.000000,0.002375,0.936035,0.000000],[0.966992,0.008312,0.007350,0.001675,0.015672,0.000000],[1.000000,0.000000,0.000000,0.000000,0.000000,0.000000]],
  [[1.000000,0.000000,0.000000,0.000000,0.000000,0.000000],[0.031165,0.007276,0.005710,0.001500,0.954349,0.000000],[0.962464,0.015906,0.000000,0.002120,0.019510,0.000000],[0.952111,0.013695,0.009470,0.002752,0.021971,0.000000],[0.958458,0.011145,0.009053,0.002334,0.019010,0.000000],[1.000000,0.000000,0.000000,0.000000,0.000000,0.000000],[1.000000,0.000000,0.000000,0.000000,0.000000,0.000000],[1.000000,0.000000,0.000000,0.000000,0.000000,0.000000],[0.089144,0.025669,0.015009,0.005194,0.864984,0.000000],[0.864418,0.067313,0.000000,0.010128,0.058142,0.000000],[0.610476,0.088184,0.000000,0.018800,0.282540,0.000000],[0.872376,0.086712,0.000000,0.006035,0.034877,0.000000],[0.927899,0.023281,0.000000,0.002982,0.045838,0.000000],[0.973352,0.012195,0.000000,0.001609,0.012844,0.000000],[0.980277,0.008397,0.000000,0.001116,0.010210,0.000000],[0.030453,0.042669,0.000000,0.016083,0.910794,0.000000],[0.075282,0.043394,0.000000,0.018029,0.863296,0.000000],[0.159391,0.076683,0.000000,0.006997,0.756929,0.000000],[0.116781,0.084970,0.000000,0.006690,0.791559,0.000000],[0.865118,0.067099,0.000000,0.005821,0.061963,0.000000],[0.936418,0.039227,0.000000,0.003348,0.021007,0.000000],[0.941380,0.037901,0.000000,0.003023,0.017695,0.000000],[0.097274,0.039514,0.000000,0.003371,0.859841,0.000000],[0.935625,0.042084,0.000000,0.003304,0.018987,0.000000],[0.937579,0.040487,0.000000,0.003199,0.018735,0.000000],[0.971584,0.013020,0.000000,0.001712,0.013685,0.000000],[0.035499,0.011338,0.003618,0.001802,0.947742,0.000000],[0.972307,0.007138,0.005265,0.001438,0.013852,0.000000],[0.967163,0.008174,0.006977,0.001737,0.015949,0.000000],[0.951760,0.013904,0.009617,0.002748,0.021971,0.000000],[0.052155,0.021292,0.005457,0.003154,0.917942,0.000000],[0.062943,0.029802,0.000000,0.003938,0.903317,0.000000],[0.059391,0.028177,0.000000,0.003699,0.908733,0.000000],[0.059954,0.028063,0.000000,0.003720,0.908263,0.000000],[0.947096,0.024835,0.000000,0.003191,0.024878,0.000000],[0.947636,0.024548,0.000000,0.003155,0.024661,0.000000],[0.961733,0.015986,0.000000,0.002158,0.020123,0.000000],[0.971772,0.010992,0.000000,0.001552,0.015685,0.000000],[0.974693,0.006272,0.005081,0.001297,0.012657,0.000000],[1.000000,0.000000,0.000000,0.000000,0.000000,0.000000]],
  [[1.000000,0.000000,0.000000,0.000000,0.000000,0.000000],[0.974615,0.006329,0.005163,0.001278,0.012615,0.000000],[0.964911,0.012566,0.003581,0.001799,0.017142,0.000000],[0.955769,0.012090,0.009777,0.002542,0.019822,0.000000],[1.000000,0.000000,0.000000,0.000000,0.000000,0.000000],[1.000000,0.000000,0.000000,0.000000,0.000000,0.000000],[1.000000,0.000000,0.000000,0.000000,0.000000,0.000000],[0.926101,0.022684,0.019158,0.004858,0.027198,0.000000],[0.923174,0.022865,0.020379,0.005134,0.028449,0.000000],[0.841077,0.055205,0.014767,0.009376,0.079575,0.000000],[0.870181,0.052520,0.014747,0.009047,0.053505,0.000000],[0.902469,0.040974,0.000000,0.006107,0.050450,0.000000],[0.942279,0.037182,0.000000,0.002956,0.017583,0.000000],[0.044268,0.012798,0.000000,0.001806,0.941128,0.000000],[0.980210,0.008336,0.000000,0.001126,0.010328,0.000000],[0.030146,0.013839,0.000000,0.001851,0.954164,0.000000],[0.068875,0.068663,0.000000,0.003370,0.859092,0.000000],[0.040721,0.039859,0.000000,0.003460,0.915961,0.000000],[0.855275,0.053083,0.000000,0.017211,0.074431,0.000000],[0.941431,0.037517,0.000000,0.003025,0.018027,0.000000],[0.936562,0.039155,0.000000,0.003334,0.020949,0.000000],[0.880376,0.066697,0.000000,0.005716,0.047211,0.000000],[0.864383,0.081709,0.000000,0.005879,0.048029,0.000000],[0.094777,0.088817,0.000000,0.006647,0.809759,0.000000],[0.922487,0.025017,0.000000,0.003204,0.049292,0.000000],[0.971259,0.013374,0.000000,0.001736,0.013631,0.000000],[0.966369,0.014074,0.000000,0.001900,0.017657,0.000000],[0.961750,0.016140,0.000000,0.002165,0.019945,0.000000],[0.962512,0.015596,0.000000,0.002123,0.019768,0.000000],[0.947331,0.024722,0.000000,0.003185,0.024762,0.000000],[0.078663,0.050214,0.000000,0.006694,0.864428,0.000000],[0.082118,0.054993,0.000000,0.006722,0.856167,0.000000],[0.082591,0.052483,0.000000,0.006887,0.858039,0.000000],[0.909245,0.049604,0.000000,0.006113,0.035038,0.000000],[0.078143,0.049724,0.000000,0.006592,0.865541,0.000000],[0.059158,0.026995,0.000000,0.003582,0.910265,0.000000],[0.961663,0.016140,0.000000,0.002167,0.020030,0.000000],[0.971872,0.010952,0.000000,0.001544,0.015632,0.000000],[0.979247,0.004933,0.003847,0.001044,0.010930,0.000000],[1.000000,0.000000,0.000000,0.000000,0.000000,0.000000]],
  [[1.000000,0.000000,0.000000,0.000000,0.000000,0.000000],[0.031209,0.007299,0.005719,0.001504,0.954269,0.000000],[0.964551,0.009327,0.007249,0.001859,0.017015,0.000000],[1.000000,0.000000,0.000000,0.000000,0.000000,0.000000],[1.000000,0.000000,0.000000,0.000000,0.000000,0.000000],[1.000000,0.000000,0.000000,0.000000,0.000000,0.000000],[0.867141,0.029084,0.037016,0.008875,0.057884,0.000000],[1.000000,0.000000,0.000000,0.000000,0.000000,0.000000],[0.930694,0.020460,0.015620,0.004770,0.028456,0.000000],[1.000000,0.000000,0.000000,0.000000,0.000000,0.000000],[0.085429,0.023228,0.017235,0.005190,0.868918,0.000000],[0.958113,0.013380,0.009140,0.002825,0.016542,0.000000],[0.945553,0.032599,0.003299,0.002567,0.015982,0.000000],[0.945267,0.040231,0.000000,0.001615,0.012888,0.000000],[0.945078,0.040526,0.000000,0.001629,0.012767,0.000000],[0.961593,0.024940,0.000000,0.001530,0.011937,0.000000],[0.974639,0.011891,0.000000,0.001531,0.011939,0.000000],[0.961505,0.024980,0.000000,0.001537,0.011978,0.000000],[0.948822,0.024521,0.000000,0.014595,0.012061,0.000000],[0.962378,0.024066,0.000000,0.001470,0.012086,0.000000],[0.945434,0.034964,0.000000,0.002807,0.016795,0.000000],[0.821088,0.075794,0.000000,0.005394,0.097724,0.000000],[0.684426,0.061911,0.000000,0.023499,0.230165,0.000000],[0.836591,0.052793,0.000000,0.020056,0.090560,0.000000],[0.871240,0.079605,0.000000,0.003021,0.046134,0.000000],[0.945239,0.012220,0.000000,0.029611,0.012930,0.000000],[0.046394,0.019658,0.000000,0.002768,0.931180,0.000000],[0.954136,0.021500,0.000000,0.002758,0.021606,0.000000],[0.039837,0.014976,0.000000,0.002123,0.943064,0.000000],[0.953404,0.021862,0.000000,0.002810,0.021924,0.000000],[0.908512,0.050000,0.000000,0.006182,0.035306,0.000000],[0.839871,0.083156,0.000000,0.011412,0.065561,0.000000],[0.145791,0.083291,0.000000,0.013110,0.757808,0.000000],[0.841366,0.079107,0.000000,0.011921,0.067606,0.000000],[0.910793,0.048362,0.000000,0.006030,0.034815,0.000000],[0.059322,0.027063,0.000000,0.003594,0.910020,0.000000],[0.045484,0.017347,0.000000,0.002412,0.934757,0.000000],[0.971188,0.011482,0.000000,0.001604,0.015726,0.000000],[0.979263,0.004982,0.003862,0.001036,0.010857,0.000000],[1.000000,0.000000,0.000000,0.000000,0.000000,0.000000]],
  [[1.000000,0.000000,0.000000,0.000000,0.000000,0.000000],[0.968969,0.007586,0.006670,0.001544,0.015231,0.000000],[0.037406,0.009237,0.007689,0.001897,0.943771,0.000000],[1.000000,0.000000,0.000000,0.000000,0.000000,0.000000],[0.925157,0.022998,0.019316,0.004931,0.027598,0.000000],[0.847505,0.038104,0.046085,0.010580,0.057727,0.000000],[0.609943,0.042674,0.049262,0.018807,0.279314,0.000000],[1.000000,0.000000,0.000000,0.000000,0.000000,0.000000],[1.000000,0.000000,0.000000,0.000000,0.000000,0.000000],[1.000000,0.000000,0.000000,0.000000,0.000000,0.000000],[1.000000,0.000000,0.000000,0.000000,0.000000,0.000000],[1.000000,0.000000,0.000000,0.000000,0.000000,0.000000],[0.930662,0.033221,0.003530,0.016657,0.015930,0.000000],[0.941909,0.023330,0.000000,0.002991,0.031770,0.000000],[0.941748,0.023338,0.000000,0.002994,0.031919,0.000000],[0.919138,0.061574,0.000000,0.002810,0.016479,0.000000],[0.036984,0.049189,0.000000,0.003046,0.910781,0.000000],[0.975040,0.011613,0.000000,0.001508,0.011839,0.000000],[0.968998,0.020551,0.000000,0.001010,0.009442,0.000000],[0.975248,0.011321,0.000000,0.001489,0.011942,0.000000],[0.919615,0.047918,0.000000,0.002776,0.029691,0.000000],[0.108092,0.102195,0.000000,0.005713,0.784000,0.000000],[0.833751,0.113900,0.000000,0.018878,0.033471,0.000000],[0.823280,0.121321,0.000000,0.020097,0.035302,0.000000],[0.864656,0.068174,0.000000,0.003461,0.063709,0.000000],[0.941784,0.023337,0.000000,0.002993,0.031886,0.000000],[0.933079,0.035499,0.000000,0.004521,0.026900,0.000000],[0.953905,0.021639,0.000000,0.002769,0.021687,0.000000],[0.041113,0.016306,0.000000,0.002238,0.940344,0.000000],[0.052936,0.024493,0.000000,0.003246,0.919325,0.000000],[0.907652,0.050317,0.000000,0.006243,0.035788,0.000000],[0.149276,0.082807,0.000000,0.012952,0.754965,0.000000],[0.603774,0.112558,0.000000,0.022689,0.260978,0.000000],[0.841294,0.078439,0.000000,0.011933,0.068333,0.000000],[0.911652,0.047184,0.000000,0.005999,0.035165,0.000000],[0.947371,0.024473,0.000000,0.003182,0.024974,0.000000],[0.961670,0.016136,0.000000,0.002166,0.020028,0.000000],[0.036617,0.012339,0.000000,0.001832,0.949212,0.000000],[0.979240,0.004989,0.003866,0.001037,0.010868,0.000000],[1.000000,0.000000,0.000000,0.000000,0.000000,0.000000]],
  [[1.000000,0.000000,0.000000,0.000000,0.000000,0.000000],[0.960536,0.010317,0.008016,0.002204,0.018928,0.000000],[1.000000,0.000000,0.000000,0.000000,0.000000,0.000000],[0.951264,0.014062,0.009688,0.002778,0.022208,0.000000],[0.076441,0.041016,0.007522,0.005666,0.869355,0.000000],[0.844274,0.077395,0.000000,0.011694,0.066637,0.000000],[0.848882,0.060934,0.017378,0.010597,0.062208,0.000000],[0.838301,0.034895,0.061820,0.010601,0.054384,0.000000],[1.000000,0.000000,0.000000,0.000000,0.000000,0.000000],[0.965053,0.009219,0.006862,0.001985,0.016882,0.000000],[1.000000,0.000000,0.000000,0.000000,0.000000,0.000000],[0.026015,0.007580,0.005823,0.001560,0.959022,0.000000],[0.035818,0.035183,0.003855,0.002896,0.922247,0.000000],[0.809312,0.095167,0.000000,0.005711,0.089809,0.000000],[0.908420,0.052577,0.000000,0.005747,0.033255,0.000000],[0.174854,0.063663,0.000000,0.005734,0.755748,0.000000],[0.906173,0.048380,0.000000,0.015912,0.029535,0.000000],[0.935833,0.050846,0.000000,0.001502,0.011819,0.000000],[0.021640,0.020852,0.000000,0.001129,0.956379,0.000000],[0.975164,0.011556,0.000000,0.001497,0.011783,0.000000],[0.919594,0.061376,0.000000,0.002773,0.016257,0.000000],[0.945017,0.035482,0.000000,0.002838,0.016662,0.000000],[0.832378,0.078132,0.000000,0.003356,0.086133,0.000000],[0.161128,0.137498,0.000000,0.020646,0.680727,0.000000],[0.850021,0.065302,0.000000,0.006048,0.078629,0.000000],[0.865783,0.095323,0.000000,0.005749,0.033145,0.000000],[0.932189,0.035862,0.000000,0.004594,0.027355,0.000000],[0.953574,0.021775,0.000000,0.002794,0.021857,0.000000],[0.040512,0.016112,0.000000,0.002240,0.941136,0.000000],[0.052526,0.024515,0.000000,0.003241,0.919718,0.000000],[0.907781,0.051316,0.000000,0.006093,0.034810,0.000000],[0.146075,0.081801,0.000000,0.012692,0.759433,0.000000],[0.838719,0.083472,0.000000,0.011485,0.066324,0.000000],[0.144822,0.081330,0.000000,0.012566,0.761282,0.000000],[0.910633,0.048388,0.000000,0.006037,0.034943,0.000000],[0.947482,0.024425,0.000000,0.003174,0.024920,0.000000],[0.961834,0.015945,0.000000,0.002150,0.020072,0.000000],[0.971173,0.011484,0.000000,0.001604,0.015739,0.000000],[0.979221,0.004993,0.003869,0.001038,0.010878,0.000000],[1.000000,0.000000,0.000000,0.000000,0.000000,0.000000]],
