[
  [[1.000000,0.000000,0.000000,0.000000,0.000000,0.000000],[1.000000,0.000000,0.000000,0.000000,0.000000,0.000000],[1.000000,0.000000,0.000000,0.000000,0.000000,0.000000],[1.000000,0.000000,0.000000,0.000000,0.000000,0.000000],[1.000000,0.000000,0.000000,0.000000,0.000000,0.000000],[1.000000,0.000000,0.000000,0.000000,0.000000,0.000000],[1.000000,0.000000,0.000000,0.000000,0.000000,0.000000],[1.000000,0.000000,0.000000,0.000000,0.000000,0.000000],[1.000000,0.000000,0.000000,0.000000,0.000000,0.000000],[1.000000,0.000000,0.000000,0.000000,0.000000,0.000000],[1.000000,0.000000,0.000000,0.000000,0.000000,0.000000],[1.000000,0.000000,0.000000,0.000000,0.000000,0.000000],[1.000000,0.000000,0.000000,0.000000,0.000000,0.000000],[1.000000,0.000000,0.000000,0.000000,0.000000,0.000000],[1.000000,0.000000,0.000000,0.000000,0.000000,0.000000],[1.000000,0.000000,0.000000,0.000000,0.000000,0.000000],[1.000000,0.000000,0.000000,0.000000,0.000000,0.000000],[1.000000,0.000000,0.000000,0.000000,0.000000,0.000000],[1.000000,0.000000,0.000000,0.000000,0.000000,0.000000],[1.000000,0.000000,0.000000,0.000000,0.000000,0.000000],[1.000000,0.000000,0.000000,0.000000,0.000000,0.000000],[1.000000,0.000000,0.000000,0.000000,0.000000,0.000000],[1.000000,0.000000,0.000000,0.000000,0.000000,0.000000],[1.000000,0.000000,0.000000,0.000000,0.000000,0.000000],[1.000000,0.000000,0.000000,0.000000,0.000000,0.000000],[1.000000,0.000000,0.000000,0.000000,0.000000,0.000000],[1.000000,0.000000,0.000000,0.000000,0.000000,0.000000],[1.000000,0.000000,0.000000,0.000000,0.000000,0.000000],[1.000000,0.000000,0.000000,0.000000,0.000000,0.000000],[1.000000,0.000000,0.000000,0.000000,0.000000,0.000000],[1.000000,0.000000,0.000000,0.000000,0.000000,0.000000],[1.000000,0.000000,0.000000,0.000000,0.000000,0.000000],[1.000000,0.000000,0.000000,0.000000,0.000000,0.000000],[1.000000,0.000000,0.000000,0.000000,0.000000,0.000000],[1.000000,0.000000,0.000000,0.000000,0.000000,0.000000],[1.000000,0.000000,0.000000,0.000000,0.000000,0.000000],[1.000000,0.000000,0.000000,0.000000,0.000000,0.000000],[1.000000,0.000000,0.000000,0.000000,0.000000,0.000000],[1.000000,0.000000,0.000000,0.000000,0.000000,0.000000],[1.000000,0.000000,0.000000,0.000000,0.000000,0.000000]],
  [[1.000000,0.000000,0.000000,0.000000,0.000000,0.000000],[0.030656,0.005342,0.004607,0.001239,0.958155,0.000000],[0.975746,0.005550,0.004475,0.001175,0.013055,0.000000],[0.975521,0.005605,0.004511,0.001188,0.013175,0.000000],[0.975528,0.005606,0.004509,0.001187,0.013170,0.000000],[0.975529,0.005602,0.004509,0.001187,0.013173,0.000000],[0.975611,0.005520,0.004476,0.001189,0.013204,0.000000],[0.971137,0.006770,0.005640,0.001459,0.014994,0.000000],[0.971098,0.006782,0.005646,0.001461,0.015013,0.000000],[0.971071,0.006790,0.005650,0.001463,0.015026,0.000000],[0.971068,0.006791,0.005651,0.001463,0.015028,0.000000],[0.971023,0.006804,0.005658,0.001466,0.015049,0.000000],[0.970936,0.006867,0.005754,0.001444,0.014997,0.000000],[0.036567,0.007954,0.006587,0.001675,0.947217,0.000000],[0.970909,0.006890,0.005835,0.001419,0.014949,0.000000],[0.970949,0.006861,0.005752,0.001443,0.014994,0.000000],[0.970954,0.006828,0.005668,0.001471,0.015080,0.000000],[0.963486,0.008725,0.007841,0.001834,0.018114,0.000000],[0.951019,0.013129,0.011302,0.002647,0.021903,0.000000],[0.918467,0.024268,0.022985,0.005116,0.029163,0.000000],[0.917298,0.024631,0.023185,0.005199,0.029688,0.000000],[0.072253,0.027484,0.024487,0.006156,0.869619,0.000000],[0.913444,0.026430,0.023743,0.005321,0.031062,0.000000],[0.070336,0.026833,0.024714,0.006029,0.872087,0.000000],[0.950852,0.013208,0.011461,0.002578,0.021901,0.000000],[0.040215,0.008324,0.006792,0.001867,0.942802,0.000000],[1.000000,0.000000,0.000000,0.000000,0.000000,0.000000],[1.000000,0.000000,0.000000,0.000000,0.000000,0.000000],[0.051359,0.013487,0.010939,0.002897,0.921319,0.000000],[0.052765,0.014556,0.011708,0.003029,0.917942,0.000000],[0.950762,0.013209,0.011341,0.002662,0.022027,0.000000],[0.951342,0.012913,0.010979,0.002686,0.022080,0.000000],[0.951488,0.012880,0.010956,0.002678,0.021998,0.000000],[0.950422,0.013301,0.011531,0.002601,0.022145,0.000000],[0.071351,0.027065,0.024905,0.006087,0.870591,0.000000],[0.136393,0.042029,0.072518,0.012143,0.736917,0.000000],[0.836210,0.034461,0.062948,0.010550,0.055830,0.000000],[0.138412,0.040216,0.075188,0.012534,0.733650,0.000000],[0.920943,0.024157,0.019506,0.005191,0.030204,0.000000],[1.000000,0.000000,0.000000,0.000000,0.000000,0.000000]],
  [[1.000000,0.000000,0.000000,0.000000,0.000000,0.000000],[0.971249,0.006785,0.005705,0.001426,0.014836,0.000000],[0.967284,0.012507,0.000000,0.001783,0.018425,0.000000],[0.967049,0.012667,0.000000,0.001801,0.018483,0.000000],[0.044087,0.014292,0.000000,0.002160,0.939461,0.000000],[0.966929,0.012625,0.000000,0.001806,0.018640,0.000000],[0.967770,0.012023,0.000000,0.001736,0.018470,0.000000],[0.967790,0.012018,0.000000,0.001735,0.018457,0.000000],[0.958384,0.016788,0.000000,0.002297,0.022531,0.000000],[0.959235,0.016326,0.000000,0.002253,0.022187,0.000000],[0.959235,0.016325,0.000000,0.002253,0.022187,0.000000],[0.959166,0.016352,0.000000,0.002258,0.022224,0.000000],[0.958180,0.016875,0.000000,0.002312,0.022632,0.000000],[0.957993,0.017082,0.000000,0.002328,0.022596,0.000000],[0.052054,0.018076,0.000000,0.002638,0.927232,0.000000],[0.959153,0.016362,0.000000,0.002260,0.022225,0.000000],[0.959102,0.016386,0.000000,0.002264,0.022247,0.000000],[0.957753,0.017062,0.000000,0.002348,0.022837,0.000000],[0.067063,0.029302,0.000000,0.003983,0.899652,0.000000],[0.087652,0.053370,0.000000,0.007301,0.851677,0.000000],[0.838334,0.082457,0.000000,0.011967,0.067242,0.000000],[0.837058,0.081212,0.000000,0.012450,0.069281,0.000000],[0.149692,0.088467,0.000000,0.013658,0.748182,0.000000],[0.088102,0.053897,0.000000,0.007423,0.850578,0.000000],[0.947499,0.020320,0.004958,0.002783,0.024441,0.000000],[0.962604,0.009101,0.008156,0.001860,0.018279,0.000000],[1.000000,0.000000,0.000000,0.000000,0.000000,0.000000],[0.950968,0.013073,0.011031,0.002716,0.022213,0.000000],[0.917595,0.037674,0.007655,0.005284,0.031792,0.000000],[0.086966,0.052875,0.000000,0.007188,0.852971,0.000000],[0.907506,0.049510,0.000000,0.006255,0.036729,0.000000],[0.911074,0.046530,0.000000,0.006023,0.036373,0.000000],[0.084847,0.050304,0.000000,0.006885,0.857964,0.000000],[0.942747,0.026201,0.000000,0.003425,0.027627,0.000000],[0.088905,0.053801,0.000000,0.007377,0.849916,0.000000],[0.840329,0.075709,0.000000,0.012472,0.071489,0.000000],[0.610100,0.098756,0.000000,0.022170,0.268973,0.000000],[0.835919,0.077167,0.000000,0.012841,0.074073,0.000000],[0.084777,0.029178,0.026014,0.006933,0.853097,0.000000],[1.000000,0.000000,0.000000,0.000000,0.000000,0.000000]],
  [[1.000000,0.000000,0.000000,0.000000,0.000000,0.000000],[0.963717,0.008650,0.007805,0.001819,0.018009,0.000000],[0.958070,0.016921,0.000000,0.002321,0.022688,0.000000],[0.053590,0.019921,0.000000,0.002775,0.923714,0.000000],[0.052928,0.019073,0.000000,0.002713,0.925286,0.000000],[0.957321,0.017317,0.000000,0.002373,0.022989,0.000000],[0.957542,0.017093,0.000000,0.002355,0.023010,0.000000],[0.052174,0.018115,0.000000,0.002650,0.927062,0.000000],[0.957376,0.017291,0.000000,0.002368,0.022964,0.000000],[0.066038,0.026673,0.000000,0.003809,0.903480,0.000000],[0.944729,0.024635,0.000000,0.003286,0.027350,0.000000],[0.944558,0.024700,0.000000,0.003298,0.027445,0.000000],[0.066431,0.026831,0.000000,0.003838,0.902899,0.000000],[0.943989,0.025366,0.000000,0.003342,0.027304,0.000000],[0.944722,0.024643,0.000000,0.003287,0.027348,0.000000],[0.944431,0.025191,0.000000,0.003311,0.027067,0.000000],[0.957557,0.017094,0.000000,0.002355,0.022994,0.000000],[0.052597,0.018681,0.000000,0.002705,0.926017,0.000000],[0.941764,0.027036,0.000000,0.003491,0.027709,0.000000],[0.091680,0.056201,0.000000,0.007612,0.844507,0.000000],[0.155242,0.093122,0.000000,0.014358,0.737278,0.000000],[0.597136,0.120233,0.000000,0.023205,0.259426,0.000000],[0.844240,0.080534,0.000000,0.011450,0.063776,0.000000],[0.078918,0.043558,0.010690,0.006927,0.859906,0.000000],[0.056937,0.016443,0.011265,0.003299,0.912057,0.000000],[1.000000,0.000000,0.000000,0.000000,0.000000,0.000000],[0.947505,0.014405,0.010113,0.002971,0.025006,0.000000],[0.947100,0.020063,0.005086,0.002885,0.024866,0.000000],[0.906067,0.050209,0.000000,0.006398,0.037326,0.000000],[0.150436,0.083535,0.000000,0.013083,0.752946,0.000000],[0.840591,0.078922,0.000000,0.012054,0.068434,0.000000],[0.845322,0.076878,0.000000,0.011585,0.066214,0.000000],[0.907667,0.049474,0.000000,0.006253,0.036606,0.000000],[0.068424,0.030250,0.000000,0.004103,0.897223,0.000000],[0.904771,0.051385,0.000000,0.006447,0.037397,0.000000],[0.841920,0.074371,0.000000,0.012285,0.071424,0.000000],[0.793178,0.096114,0.000000,0.015069,0.095639,0.000000],[0.216947,0.097957,0.000000,0.016500,0.668596,0.000000],[0.830575,0.035624,0.060305,0.011364,0.062132,0.000000],[1.000000,0.000000,0.000000,0.000000,0.000000,0.000000]],
  [[1.000000,0.000000,0.000000,0.000000,0.000000,0.000000],[0.963585,0.008692,0.007825,0.001827,0.018070,0.000000],[0.065458,0.027449,0.000000,0.003812,0.903281,0.000000],[0.943513,0.026203,0.000000,0.003339,0.026944,0.000000],[0.066748,0.029031,0.000000,0.003933,0.900288,0.000000],[0.942933,0.025995,0.000000,0.003410,0.027662,0.000000],[0.942842,0.025848,0.000000,0.003429,0.027881,0.000000],[0.066933,0.028804,0.000000,0.003951,0.900313,0.000000],[0.942828,0.026087,0.000000,0.003406,0.027678,0.000000],[0.942970,0.025787,0.000000,0.003418,0.027825,0.000000],[0.911368,0.046354,0.000000,0.005992,0.036286,0.000000],[0.910633,0.046635,0.000000,0.006046,0.036685,0.000000],[0.910077,0.046858,0.000000,0.006090,0.036975,0.000000],[0.910662,0.046639,0.000000,0.006047,0.036651,0.000000],[0.914534,0.043841,0.000000,0.005766,0.035859,0.000000],[0.944261,0.024843,0.000000,0.003324,0.027573,0.000000],[0.052559,0.018331,0.000000,0.002693,0.926417,0.000000],[0.942726,0.026153,0.000000,0.003441,0.027681,0.000000],[0.940235,0.027757,0.000000,0.003623,0.028385,0.000000],[0.092988,0.060543,0.000000,0.007831,0.838637,0.000000],[0.161377,0.103148,0.000000,0.015870,0.719605,0.000000],[0.161482,0.104878,0.000000,0.016178,0.717463,0.000000],[0.144117,0.076976,0.024820,0.014140,0.739946,0.000000],[0.073037,0.030058,0.021210,0.006588,0.869107,0.000000],[1.000000,0.000000,0.000000,0.000000,0.000000,0.000000],[0.947514,0.014504,0.010563,0.002908,0.024510,0.000000],[0.915138,0.039157,0.008196,0.005379,0.032131,0.000000],[0.905919,0.050293,0.000000,0.006416,0.037372,0.000000],[0.103671,0.060763,0.000000,0.008460,0.827106,0.000000],[0.838287,0.076365,0.000000,0.012658,0.072690,0.000000],[0.615143,0.094919,0.000000,0.021239,0.268699,0.000000],[0.842149,0.078038,0.000000,0.011888,0.067926,0.000000],[0.906594,0.049942,0.000000,0.006344,0.037119,0.000000],[0.068342,0.030208,0.000000,0.004093,0.897357,0.000000],[0.085585,0.052312,0.000000,0.007106,0.854997,0.000000],[0.895579,0.053311,0.000000,0.007206,0.043904,0.000000],[0.840464,0.074099,0.000000,0.012320,0.073116,0.000000],[0.616592,0.094405,0.000000,0.021172,0.267830,0.000000],[0.827855,0.036708,0.060348,0.011572,0.063517,0.000000],[1.000000,0.000000,0.000000,0.000000,0.000000,0.000000]],
  [[1.000000,0.000000,0.000000,0.000000,0.000000,0.000000],[0.963184,0.008882,0.008071,0.001818,0.018045,0.000000],[0.944361,0.025265,0.000000,0.003321,0.027053,0.000000],[0.909499,0.048664,0.000000,0.006092,0.035745,0.000000],[0.086345,0.050869,0.000000,0.007005,0.855781,0.000000],[0.905950,0.050136,0.000000,0.006384,0.037530,0.000000],[0.896979,0.052848,0.000000,0.007122,0.043050,0.000000],[0.892787,0.055805,0.000000,0.007360,0.044049,0.000000],[0.088834,0.053226,0.000000,0.007296,0.850644,0.000000],[0.907917,0.048527,0.000000,0.006274,0.037281,0.000000],[0.898277,0.051563,0.000000,0.006938,0.043222,0.000000],[0.844581,0.077062,0.000000,0.011634,0.066723,0.000000],[0.840536,0.078839,0.000000,0.012034,0.068591,0.000000],[0.842075,0.078376,0.000000,0.011917,0.067632,0.000000],[0.908010,0.048485,0.000000,0.006266,0.037238,0.000000],[0.942263,0.026093,0.000000,0.003474,0.028171,0.000000],[0.942728,0.025944,0.000000,0.003448,0.027880,0.000000],[0.941270,0.026845,0.000000,0.003548,0.028338,0.000000],[0.090322,0.056510,0.000000,0.007703,0.845464,0.000000],[0.106299,0.068018,0.000000,0.009177,0.816507,0.000000],[0.115704,0.076947,0.000000,0.010617,0.796732,0.000000],[0.100327,0.053436,0.014341,0.009112,0.822785,0.000000],[0.091654,0.041671,0.027499,0.008435,0.830741,0.000000],[1.000000,0.000000,0.000000,0.000000,0.000000,0.000000],[0.946675,0.014799,0.010680,0.002968,0.024878,0.000000],[0.058502,0.021924,0.005988,0.003335,0.910251,0.000000],[0.087658,0.053035,0.000000,0.007258,0.852049,0.000000],[0.150547,0.083768,0.000000,0.013150,0.752535,0.000000],[0.839597,0.075270,0.000000,0.012523,0.072610,0.000000],[0.794153,0.098265,0.000000,0.014761,0.092822,0.000000],[0.159209,0.079670,0.000000,0.013760,0.747361,0.000000],[0.839868,0.079348,0.000000,0.012174,0.068610,0.000000],[0.906308,0.050104,0.000000,0.006378,0.037209,0.000000],[0.068284,0.030159,0.000000,0.004084,0.897473,0.000000],[0.065493,0.027806,0.000000,0.003800,0.902901,0.000000],[0.910527,0.046668,0.000000,0.006106,0.036699,0.000000],[0.847108,0.075526,0.000000,0.011223,0.066143,0.000000],[0.844637,0.077007,0.000000,0.011599,0.066758,0.000000],[0.844522,0.032783,0.058664,0.009892,0.054139,0.000000],[1.000000,0.000000,0.000000,0.000000,0.000000,0.000000]],
  [[1.000000,0.000000,0.000000,0.000000,0.000000,0.000000],[0.042098,0.009667,0.008207,0.002067,0.937961,0.000000],[0.944694,0.024696,0.000000,0.003295,0.027315,0.000000],[0.910852,0.046568,0.000000,0.006034,0.036546,0.000000],[0.845516,0.076801,0.000000,0.011564,0.066120,0.000000],[0.837503,0.080784,0.000000,0.012341,0.069371,0.000000],[0.157034,0.080923,0.000000,0.013799,0.748245,0.000000],[0.836386,0.080418,0.000000,0.012226,0.070969,0.000000],[0.156001,0.085542,0.000000,0.013607,0.744850,0.000000],[0.840880,0.078887,0.000000,0.012050,0.068183,0.000000],[0.896059,0.052474,0.000000,0.007119,0.044349,0.000000],[0.153692,0.079476,0.000000,0.012853,0.753978,0.000000],[0.604255,0.108103,0.000000,0.022298,0.265344,0.000000],[0.155761,0.080160,0.000000,0.013583,0.750496,0.000000],[0.102884,0.060417,0.000000,0.008415,0.828284,0.000000],[0.904755,0.050654,0.000000,0.006489,0.038102,0.000000],[0.906166,0.050105,0.000000,0.006383,0.037345,0.000000],[0.087084,0.053536,0.000000,0.007359,0.852022,0.000000],[0.095048,0.059291,0.000000,0.008265,0.837396,0.000000],[0.176447,0.105606,0.000000,0.017557,0.700389,0.000000],[0.803866,0.086177,0.028189,0.014036,0.067732,0.000000],[0.153210,0.064422,0.058655,0.016075,0.707637,0.000000],[1.000000,0.000000,0.000000,0.000000,0.000000,0.000000],[0.074343,0.029179,0.020463,0.006260,0.869755,0.000000],[0.915791,0.038281,0.008289,0.005349,0.032289,0.000000],[0.906432,0.050146,0.000000,0.006386,0.037036,0.000000],[0.892921,0.055853,0.000000,0.007367,0.043859,0.000000],[0.837420,0.080977,0.000000,0.012392,0.069211,0.000000],[0.615459,0.094389,0.000000,0.021213,0.268938,0.000000],[0.837956,0.073056,0.000000,0.013040,0.075948,0.000000],[0.115642,0.062998,0.000000,0.009285,0.812075,0.000000],[0.890540,0.056314,0.000000,0.007638,0.045507,0.000000],[0.894885,0.054506,0.000000,0.007273,0.043336,0.000000],[0.085071,0.052138,0.000000,0.007052,0.855739,0.000000],[0.945680,0.024360,0.000000,0.003214,0.026746,0.000000],[0.000000,0.000000,0.000000,0.000000,0.000000,1.000000],[0.085272,0.038561,0.000000,0.006171,0.869996,0.000000],[0.917831,0.040725,0.000000,0.005670,0.035775,0.000000],[0.926436,0.021762,0.018525,0.004503,0.028775,0.000000],[1.000000,0.000000,0.000000,0.000000,0.000000,0.000000]],
  [[1.000000,0.000000,0.000000,0.000000,0.000000,0.000000],[0.962481,0.009060,0.008472,0.001776,0.018211,0.000000],[0.943871,0.025643,0.000000,0.003343,0.027143,0.000000],[0.910077,0.046861,0.000000,0.006091,0.036971,0.000000],[0.846021,0.076506,0.000000,0.011473,0.066001,0.000000],[0.605835,0.105368,0.000000,0.022107,0.266690,0.000000],[0.163382,0.083194,0.000000,0.014382,0.739042,0.000000],[0.165867,0.087679,0.000000,0.014926,0.731528,0.000000],[0.603122,0.109478,0.000000,0.022781,0.264618,0.000000],[0.838274,0.079797,0.000000,0.012285,0.069644,0.000000],[0.895834,0.053258,0.000000,0.007201,0.043707,0.000000],[0.841397,0.078682,0.000000,0.011995,0.067926,0.000000],[0.836711,0.084664,0.000000,0.011758,0.066867,0.000000],[0.154474,0.081398,0.000000,0.013755,0.750373,0.000000],[0.838779,0.079444,0.000000,0.011971,0.069806,0.000000],[0.154724,0.084819,0.000000,0.013414,0.747042,0.000000],[0.150777,0.083465,0.000000,0.013073,0.752685,0.000000],[0.904239,0.051134,0.000000,0.006589,0.038037,0.000000],[0.896189,0.055589,0.000000,0.007294,0.040929,0.000000],[0.161514,0.083285,0.026694,0.015698,0.712808,0.000000],[0.601647,0.052982,0.080957,0.026702,0.237712,0.000000],[1.000000,0.000000,0.000000,0.000000,0.000000,0.000000],[0.084266,0.031790,0.022801,0.007208,0.853937,0.000000],[0.848084,0.062871,0.019294,0.010710,0.059041,0.000000],[0.842192,0.078282,0.000000,0.011945,0.067581,0.000000],[0.843176,0.077842,0.000000,0.011838,0.067144,0.000000],[0.100679,0.058818,0.000000,0.008246,0.832257,0.000000],[0.837972,0.080892,0.000000,0.012376,0.068760,0.000000],[0.833759,0.082575,0.000000,0.012809,0.070857,0.000000],[0.832765,0.080157,0.000000,0.013012,0.074066,0.000000],[0.159010,0.083236,0.000000,0.014429,0.743325,0.000000],[0.832508,0.082332,0.000000,0.012946,0.072215,0.000000],[0.838506,0.079934,0.000000,0.012320,0.069240,0.000000],[0.087646,0.051614,0.000000,0.007161,0.853578,0.000000],[0.945502,0.023985,0.000000,0.003271,0.027242,0.000000],[0.948261,0.021891,0.000000,0.003020,0.026828,0.000000],[0.000000,0.000000,0.000000,0.000000,0.000000,1.000000],[0.000000,0.000000,0.000000,0.000000,0.000000,1.000000],[0.955576,0.010949,0.009368,0.002330,0.021776,0.000000],[1.000000,0.000000,0.000000,0.000000,0.000000,0.000000]],
  [[1.000000,0.000000,0.000000,0.000000,0.000000,0.000000],[0.042510,0.009950,0.008699,0.002059,0.936782,0.000000],[0.066463,0.028587,0.000000,0.003903,0.901048,0.000000],[0.909581,0.047812,0.000000,0.006127,0.036480,0.000000],[0.851055,0.070438,0.000000,0.011410,0.067096,0.000000],[0.842208,0.073764,0.000000,0.012235,0.071792,0.000000],[0.839698,0.071653,0.000000,0.012792,0.075857,0.000000],[0.838092,0.072859,0.000000,0.012986,0.076063,0.000000],[0.158247,0.079274,0.000000,0.013662,0.748818,0.000000],[0.842561,0.077927,0.000000,0.011862,0.067649,0.000000],[0.897817,0.052519,0.000000,0.007055,0.042610,0.000000],[0.087449,0.051597,0.000000,0.007160,0.853793,0.000000],[0.903651,0.051825,0.000000,0.006535,0.037989,0.000000],[0.102213,0.059132,0.000000,0.008304,0.830351,0.000000],[0.840572,0.075513,0.000000,0.012440,0.071476,0.000000],[0.606316,0.104675,0.000000,0.021866,0.267143,0.000000],[0.839938,0.079231,0.000000,0.012137,0.068693,0.000000],[0.906610,0.048549,0.000000,0.006434,0.038407,0.000000],[0.911295,0.040030,0.008878,0.005724,0.034073,0.000000],[0.153622,0.045621,0.080111,0.014241,0.706405,0.000000],[1.000000,0.000000,0.000000,0.000000,0.000000,0.000000],[0.150157,0.043716,0.078381,0.013648,0.714099,0.000000],[0.902820,0.043266,0.009761,0.006292,0.037862,0.000000],[0.839491,0.079345,0.000000,0.012222,0.068942,0.000000],[0.618682,0.090105,0.000000,0.020734,0.270479,0.000000],[0.841091,0.074272,0.000000,0.012367,0.072270,0.000000],[0.887034,0.055046,0.000000,0.007928,0.049993,0.000000],[0.109171,0.060715,0.000000,0.008825,0.821289,0.000000],[0.111570,0.062179,0.000000,0.009132,0.817119,0.000000],[0.121598,0.066387,0.000000,0.009952,0.802062,0.000000],[0.827899,0.074659,0.000000,0.014014,0.083428,0.000000],[0.612743,0.093087,0.000000,0.022881,0.271289,0.000000],[0.833056,0.077633,0.000000,0.013146,0.076164,0.000000],[0.894837,0.053007,0.000000,0.007222,0.044934,0.000000],[0.911131,0.046460,0.000000,0.006013,0.036397,0.000000],[0.946869,0.022988,0.000000,0.003149,0.026994,0.000000],[0.962616,0.013993,0.000000,0.002025,0.021366,0.000000],[0.962901,0.013975,0.000000,0.002023,0.021101,0.000000],[0.963629,0.007998,0.007697,0.001704,0.018971,0.000000],[1.000000,0.000000,0.000000,0.000000,0.000000,0.000000]],
  [[1.000000,0.000000,0.000000,0.000000,0.000000,0.000000],[0.962475,0.009063,0.008472,0.001777,0.018213,0.000000],[0.066261,0.028498,0.000000,0.003887,0.901354,0.000000],[0.910268,0.047550,0.000000,0.006077,0.036106,0.000000],[0.898300,0.050997,0.000000,0.006898,0.043805,0.000000],[0.847727,0.071642,0.000000,0.011724,0.068907,0.000000],[0.848182,0.067820,0.000000,0.011977,0.072020,0.000000],[0.845624,0.068893,0.000000,0.012186,0.073297,0.000000],[0.894326,0.053208,0.000000,0.007267,0.045199,0.000000],[0.907824,0.047853,0.000000,0.006295,0.038028,0.000000],[0.907487,0.049578,0.000000,0.006275,0.036660,0.000000],[0.067993,0.029717,0.000000,0.004064,0.898227,0.000000],[0.941446,0.027094,0.000000,0.003498,0.027962,0.000000],[0.908110,0.048504,0.000000,0.006268,0.037118,0.000000],[0.844679,0.077128,0.000000,0.011651,0.066542,0.000000],[0.843332,0.077594,0.000000,0.011768,0.067307,0.000000],[0.843168,0.078134,0.000000,0.011849,0.066850,0.000000],[0.906748,0.041870,0.009211,0.005991,0.036179,0.000000],[0.905877,0.027111,0.025716,0.006122,0.035174,0.000000],[1.000000,0.000000,0.000000,0.000000,0.000000,0.000000],[1.000000,0.000000,0.000000,0.000000,0.000000,0.000000],[0.905397,0.027435,0.024946,0.006241,0.035981,0.000000],[0.889336,0.053548,0.000000,0.007700,0.049417,0.000000],[0.842127,0.074037,0.000000,0.012315,0.071521,0.000000],[0.838805,0.071336,0.000000,0.012826,0.077033,0.000000],[0.796628,0.090540,0.000000,0.015260,0.097571,0.000000],[0.840749,0.070723,0.000000,0.012666,0.075862,0.000000],[0.839083,0.075754,0.000000,0.012658,0.072504,0.000000],[0.835344,0.078073,0.000000,0.013118,0.073465,0.000000],[0.826488,0.081424,0.000000,0.013996,0.078092,0.000000],[0.228232,0.103208,0.000000,0.018834,0.649726,0.000000],[0.233454,0.100236,0.000000,0.018749,0.647561,0.000000],[0.785210,0.100584,0.000000,0.015844,0.098362,0.000000],[0.842921,0.073613,0.000000,0.012200,0.071266,0.000000],[0.909418,0.047143,0.000000,0.006151,0.037288,0.000000],[0.945700,0.023719,0.000000,0.003207,0.027374,0.000000],[0.959037,0.016368,0.000000,0.002262,0.022333,0.000000],[0.043753,0.013839,0.000000,0.002098,0.940310,0.000000],[0.036431,0.007893,0.006560,0.001661,0.947454,0.000000],[1.000000,0.000000,0.000000,0.000000,0.000000,0.000000]],
  [[1.000000,0.000000,0.000000,0.000000,0.000000,0.000000],[0.963357,0.008762,0.007861,0.001842,0.018178,0.000000],[0.944275,0.025308,0.000000,0.003330,0.027087,0.000000],[0.942731,0.025879,0.000000,0.003435,0.027955,0.000000],[0.908585,0.047496,0.000000,0.006218,0.037701,0.000000],[0.844512,0.077079,0.000000,0.011621,0.066788,0.000000],[0.608869,0.101155,0.000000,0.021630,0.268346,0.000000],[0.843270,0.077553,0.000000,0.011746,0.067430,0.000000],[0.896955,0.051590,0.000000,0.007019,0.044436,0.000000],[0.911336,0.045188,0.000000,0.006039,0.037437,0.000000],[0.908061,0.048501,0.000000,0.006266,0.037173,0.000000],[0.086168,0.052153,0.000000,0.007076,0.854603,0.000000],[0.085087,0.051735,0.000000,0.006993,0.856185,0.000000],[0.910413,0.046822,0.000000,0.006087,0.036678,0.000000],[0.912471,0.044713,0.000000,0.005943,0.036874,0.000000],[0.908875,0.047434,0.000000,0.006208,0.037483,0.000000],[0.087514,0.051717,0.000000,0.007179,0.853590,0.000000],[0.083139,0.030898,0.021469,0.006590,0.857905,0.000000],[1.000000,0.000000,0.000000,0.000000,0.000000,0.000000],[1.000000,0.000000,0.000000,0.000000,0.000000,0.000000],[1.000000,0.000000,0.000000,0.000000,0.000000,0.000000],[0.918531,0.025470,0.017415,0.005461,0.033123,0.000000],[0.895666,0.052854,0.000000,0.007197,0.044283,0.000000],[0.839215,0.075454,0.000000,0.012581,0.072750,0.000000],[0.170272,0.078790,0.000000,0.014754,0.736184,0.000000],[0.793550,0.091661,0.000000,0.015543,0.099246,0.000000],[0.625775,0.080878,0.000000,0.020134,0.273213,0.000000],[0.837626,0.075771,0.000000,0.012771,0.073832,0.000000],[0.833178,0.078060,0.000000,0.013268,0.075494,0.000000],[0.606216,0.102227,0.000000,0.023477,0.268080,0.000000],[0.821496,0.079479,0.000000,0.014756,0.084270,0.000000],[0.823409,0.077939,0.000000,0.014474,0.084178,0.000000],[0.611793,0.098947,0.000000,0.022682,0.266578,0.000000],[0.157263,0.078996,0.000000,0.013584,0.750156,0.000000],[0.907728,0.048585,0.000000,0.006284,0.037403,0.000000],[0.944150,0.024897,0.000000,0.003334,0.027619,0.000000],[0.957845,0.016999,0.000000,0.002336,0.022820,0.000000],[0.967235,0.012620,0.000000,0.001791,0.018354,0.000000],[0.975531,0.005657,0.004594,0.001145,0.013073,0.000000],[1.000000,0.000000,0.000000,0.000000,0.000000,0.000000]],
  [[1.000000,0.000000,0.000000,0.000000,0.000000,0.000000],[0.951709,0.012801,0.010924,0.002662,0.021904,0.000000],[0.943967,0.025431,0.000000,0.003351,0.027250,0.000000],[0.067796,0.027508,0.000000,0.003968,0.900727,0.000000],[0.897199,0.052697,0.000000,0.007091,0.043013,0.000000],[0.844692,0.072912,0.000000,0.012016,0.070380,0.000000],[0.842056,0.073845,0.000000,0.012255,0.071844,0.000000],[0.844747,0.072949,0.000000,0.012024,0.070281,0.000000],[0.891006,0.052684,0.000000,0.007523,0.048787,0.000000],[0.843651,0.077522,0.000000,0.011754,0.067074,0.000000],[0.843059,0.077709,0.000000,0.011797,0.067435,0.000000],[0.842770,0.078189,0.000000,0.011866,0.067175,0.000000],[0.908025,0.048510,0.000000,0.006268,0.037197,0.000000],[0.909830,0.047053,0.000000,0.006134,0.036984,0.000000],[0.912032,0.044904,0.000000,0.005982,0.037082,0.000000],[0.907073,0.048959,0.000000,0.006358,0.037609,0.000000],[0.904970,0.051386,0.000000,0.006442,0.037202,0.000000],[0.907414,0.027249,0.024685,0.005771,0.034881,0.000000],[1.000000,0.000000,0.000000,0.000000,0.000000,0.000000],[0.627592,0.034393,0.056367,0.021433,0.260214,0.000000],[0.836694,0.039367,0.051151,0.011130,0.061658,0.000000],[0.914421,0.038705,0.008503,0.005443,0.032927,0.000000],[0.904163,0.051071,0.000000,0.006570,0.038196,0.000000],[0.156298,0.085731,0.000000,0.013661,0.744310,0.000000],[0.613757,0.096742,0.000000,0.021878,0.267624,0.000000],[0.793582,0.096245,0.000000,0.015102,0.095071,0.000000],[0.841981,0.073793,0.000000,0.012289,0.071937,0.000000],[0.839199,0.075644,0.000000,0.012632,0.072525,0.000000],[0.160213,0.079964,0.000000,0.014577,0.745246,0.000000],[0.164665,0.086797,0.000000,0.015201,0.733337,0.000000],[0.830233,0.076339,0.000000,0.013913,0.079515,0.000000],[0.835128,0.073856,0.000000,0.013381,0.077635,0.000000],[0.833137,0.079816,0.000000,0.012915,0.074132,0.000000],[0.836743,0.082969,0.000000,0.012102,0.068187,0.000000],[0.086915,0.052343,0.000000,0.007118,0.853625,0.000000],[0.944145,0.024921,0.000000,0.003338,0.027596,0.000000],[0.961501,0.012705,0.004349,0.001941,0.019503,0.000000],[0.037953,0.008785,0.006140,0.001827,0.945296,0.000000],[0.977468,0.004937,0.003991,0.001060,0.012544,0.000000],[1.000000,0.000000,0.000000,0.000000,0.000000,0.000000]],
  [[1.000000,0.000000,0.000000,0.000000,0.000000,0.000000],[0.070135,0.027040,0.023057,0.005850,0.873918,0.000000],[0.910472,0.047477,0.000000,0.006057,0.035995,0.000000],[0.908530,0.047525,0.000000,0.006224,0.037721,0.000000],[0.888515,0.054898,0.000000,0.007782,0.048805,0.000000],[0.157010,0.074646,0.000000,0.013673,0.754671,0.000000],[0.836053,0.077174,0.000000,0.012870,0.073903,0.000000],[0.841473,0.074598,0.000000,0.012350,0.071579,0.000000],[0.110642,0.059634,0.000000,0.008745,0.820979,0.000000],[0.843834,0.073228,0.000000,0.012095,0.070843,0.000000],[0.618782,0.089895,0.000000,0.020653,0.270670,0.000000],[0.845154,0.072542,0.000000,0.011958,0.070346,0.000000],[0.894755,0.053054,0.000000,0.007234,0.044957,0.000000],[0.897025,0.052210,0.000000,0.007069,0.043695,0.000000],[0.843643,0.077599,0.000000,0.011778,0.066980,0.000000],[0.838724,0.079866,0.000000,0.012300,0.069110,0.000000],[0.136712,0.071994,0.020972,0.012451,0.757871,0.000000],[0.079345,0.028903,0.023215,0.006725,0.861811,0.000000],[1.000000,0.000000,0.000000,0.000000,0.000000,0.000000],[0.824036,0.036717,0.066740,0.011314,0.061193,0.000000],[0.830765,0.083616,0.000000,0.013025,0.072594,0.000000],[0.089073,0.054458,0.000000,0.007524,0.848945,0.000000],[0.088092,0.053588,0.000000,0.007369,0.850951,0.000000],[0.839781,0.080031,0.000000,0.012150,0.068039,0.000000],[0.842245,0.074181,0.000000,0.012237,0.071337,0.000000],[0.844850,0.072850,0.000000,0.011995,0.070306,0.000000],[0.894493,0.053835,0.000000,0.007314,0.044359,0.000000],[0.892536,0.055485,0.000000,0.007472,0.044507,0.000000],[0.112246,0.062229,0.000000,0.009058,0.816466,0.000000],[0.160149,0.084349,0.000000,0.014553,0.740949,0.000000],[0.835756,0.074015,0.000000,0.013298,0.076932,0.000000],[0.157787,0.075836,0.000000,0.014008,0.752369,0.000000],[0.102551,0.060943,0.000000,0.008527,0.827979,0.000000],[0.087493,0.053456,0.000000,0.007325,0.851727,0.000000],[0.908716,0.049084,0.000000,0.006177,0.036023,0.000000],[0.944459,0.024824,0.000000,0.003320,0.027398,0.000000],[0.960981,0.009669,0.007796,0.002013,0.019542,0.000000],[1.000000,0.000000,0.000000,0.000000,0.000000,0.000000],[1.000000,0.000000,0.000000,0.000000,0.000000,0.000000],[1.000000,0.000000,0.000000,0.000000,0.000000,0.000000]],
  [[1.000000,0.000000,0.000000,0.000000,0.000000,0.000000],[0.919409,0.024341,0.021906,0.005163,0.029181,0.000000],[0.847160,0.076192,0.000000,0.011398,0.065249,0.000000],[0.842322,0.077892,0.000000,0.011846,0.067940,0.000000],[0.839070,0.076026,0.000000,0.012574,0.072330,0.000000],[0.160121,0.081694,0.000000,0.013984,0.744201,0.000000],[0.603366,0.109084,0.000000,0.022642,0.264909,0.000000],[0.154609,0.085116,0.000000,0.013494,0.746781,0.000000],[0.890151,0.056957,0.000000,0.007584,0.045308,0.000000],[0.839815,0.075930,0.000000,0.012545,0.071710,0.000000],[0.795362,0.095622,0.000000,0.014939,0.094077,0.000000],[0.794076,0.096154,0.000000,0.015082,0.094687,0.000000],[0.837803,0.076765,0.000000,0.012770,0.072662,0.000000],[0.102191,0.060829,0.000000,0.008489,0.828491,0.000000],[0.838471,0.079980,0.000000,0.012335,0.069214,0.000000],[0.603538,0.109427,0.000000,0.022754,0.264282,0.000000],[0.140750,0.073113,0.021753,0.012906,0.751478,0.000000],[1.000000,0.000000,0.000000,0.000000,0.000000,0.000000],[1.000000,0.000000,0.000000,0.000000,0.000000,0.000000],[0.076031,0.029282,0.020301,0.006189,0.868196,0.000000],[0.904308,0.051669,0.000000,0.006498,0.037525,0.000000],[0.085818,0.052703,0.000000,0.007176,0.854303,0.000000],[0.085178,0.052276,0.000000,0.007084,0.855462,0.000000],[0.908921,0.048152,0.000000,0.006198,0.036730,0.000000],[0.909198,0.047257,0.000000,0.006171,0.037374,0.000000],[0.087524,0.049827,0.000000,0.007072,0.855577,0.000000],[0.909150,0.048074,0.000000,0.006183,0.036593,0.000000],[0.068382,0.029637,0.000000,0.004111,0.897869,0.000000],[0.902700,0.052287,0.000000,0.006629,0.038384,0.000000],[0.835844,0.081604,0.000000,0.012554,0.069998,0.000000],[0.603105,0.109155,0.000000,0.022678,0.265062,0.000000],[0.835870,0.081511,0.000000,0.012531,0.070088,0.000000],[0.903436,0.051825,0.000000,0.006541,0.038198,0.000000],[0.067939,0.029785,0.000000,0.004077,0.898199,0.000000],[0.943128,0.026000,0.000000,0.003410,0.027462,0.000000],[0.949023,0.019427,0.004824,0.002757,0.023969,0.000000],[0.963636,0.008146,0.007585,0.001783,0.018850,0.000000],[1.000000,0.000000,0.000000,0.000000,0.000000,0.000000],[0.029560,0.005284,0.004534,0.001190,0.959433,0.000000],[1.000000,0.000000,0.000000,0.000000,0.000000,0.000000]],
  [[1.000000,0.000000,0.000000,0.000000,0.000000,0.000000],[0.919410,0.024430,0.021080,0.005235,0.029846,0.000000],[0.848361,0.075655,0.000000,0.011244,0.064740,0.000000],[0.608054,0.103935,0.000000,0.021680,0.266330,0.000000],[0.157812,0.078677,0.000000,0.013490,0.750020,0.000000],[0.841131,0.074625,0.000000,0.012357,0.071888,0.000000],[0.838382,0.079762,0.000000,0.012275,0.069581,0.000000],[0.841222,0.078781,0.000000,0.012024,0.067974,0.000000],[0.098831,0.059154,0.000000,0.008143,0.833873,0.000000],[0.102784,0.060738,0.000000,0.008461,0.828017,0.000000],[0.833889,0.078124,0.000000,0.013118,0.074869,0.000000],[0.603352,0.105197,0.000000,0.023115,0.268335,0.000000],[0.162085,0.087346,0.000000,0.014867,0.735701,0.000000],[0.104886,0.062175,0.000000,0.008810,0.824129,0.000000],[0.835294,0.083760,0.000000,0.012310,0.068635,0.000000],[0.835272,0.085667,0.000000,0.012011,0.067050,0.000000],[0.137195,0.072079,0.021018,0.012620,0.757089,0.000000],[0.915822,0.025991,0.019476,0.005628,0.033083,0.000000],[0.946773,0.014819,0.010612,0.002972,0.024824,0.000000],[0.057996,0.021588,0.005897,0.003268,0.911252,0.000000],[0.942344,0.026311,0.000000,0.003465,0.027880,0.000000],[0.942552,0.025989,0.000000,0.003456,0.028002,0.000000],[0.942969,0.025812,0.000000,0.003424,0.027796,0.000000],[0.943790,0.025038,0.000000,0.003360,0.027812,0.000000],[0.944010,0.024948,0.000000,0.003344,0.027699,0.000000],[0.943448,0.025609,0.000000,0.003387,0.027556,0.000000],[0.943154,0.025922,0.000000,0.003398,0.027527,0.000000],[0.942524,0.026187,0.000000,0.003445,0.027844,0.000000],[0.086649,0.051151,0.000000,0.007068,0.855132,0.000000],[0.842524,0.078315,0.000000,0.011900,0.067261,0.000000],[0.840359,0.079057,0.000000,0.012089,0.068495,0.000000],[0.152651,0.081666,0.000000,0.012842,0.752841,0.000000],[0.908578,0.048322,0.000000,0.006231,0.036869,0.000000],[0.942944,0.026082,0.000000,0.003422,0.027552,0.000000],[0.047831,0.014533,0.005477,0.002307,0.929852,0.000000],[0.960494,0.010024,0.008170,0.001995,0.019316,0.000000],[1.000000,0.000000,0.000000,0.000000,0.000000,0.000000],[0.000000,0.000000,0.000000,0.000000,0.000000,1.000000],[0.035454,0.007208,0.006137,0.001604,0.949597,0.000000],[1.000000,0.000000,0.000000,0.000000,0.000000,0.000000]],
  [[1.000000,0.000000,0.000000,0.000000,0.000000,0.000000],[0.919417,0.024338,0.021905,0.005162,0.029179,0.000000],[0.847255,0.076149,0.000000,0.011387,0.065209,0.000000],[0.843280,0.077511,0.000000,0.011748,0.067461,0.000000],[0.845326,0.073076,0.000000,0.011953,0.069645,0.000000],[0.896339,0.053062,0.000000,0.007163,0.043436,0.000000],[0.908463,0.047594,0.000000,0.006240,0.037703,0.000000],[0.909661,0.047120,0.000000,0.006147,0.037072,0.000000],[0.908943,0.048175,0.000000,0.006205,0.036677,0.000000],[0.904918,0.050674,0.000000,0.006495,0.037913,0.000000],[0.151626,0.086258,0.000000,0.013837,0.748278,0.000000],[0.164170,0.090964,0.000000,0.014987,0.729879,0.000000],[0.164252,0.098268,0.000000,0.015804,0.721676,0.000000],[0.880451,0.060970,0.000000,0.008095,0.050484,0.000000],[0.101805,0.061059,0.000000,0.008566,0.828569,0.000000],[0.100338,0.060161,0.000000,0.008372,0.831129,0.000000],[0.088273,0.053920,0.000000,0.007417,0.850389,0.000000],[0.907149,0.049819,0.000000,0.006323,0.036709,0.000000],[0.909842,0.047842,0.000000,0.006135,0.036181,0.000000],[0.910728,0.046693,0.000000,0.006057,0.036522,0.000000],[0.910317,0.046803,0.000000,0.006079,0.036801,0.000000],[0.913745,0.044144,0.000000,0.005827,0.036284,0.000000],[0.911967,0.046119,0.000000,0.005945,0.035970,0.000000],[0.943824,0.025449,0.000000,0.003357,0.027370,0.000000],[0.957321,0.017186,0.000000,0.002371,0.023122,0.000000],[0.957282,0.017204,0.000000,0.002375,0.023139,0.000000],[0.065642,0.027550,0.000000,0.003838,0.902970,0.000000],[0.943040,0.025958,0.000000,0.003403,0.027599,0.000000],[0.910073,0.047667,0.000000,0.006101,0.036159,0.000000],[0.908836,0.048171,0.000000,0.006201,0.036792,0.000000],[0.088431,0.051597,0.000000,0.007154,0.852818,0.000000],[0.909093,0.048054,0.000000,0.006177,0.036676,0.000000],[0.920291,0.036049,0.007454,0.005001,0.031205,0.000000],[0.948400,0.014328,0.010369,0.002867,0.024035,0.000000],[0.041219,0.008956,0.007717,0.001970,0.940139,0.000000],[1.000000,0.000000,0.000000,0.000000,0.000000,0.000000],[0.044629,0.008634,0.007247,0.001963,0.937526,0.000000],[0.000000,0.000000,0.000000,0.000000,0.000000,1.000000],[0.962877,0.007682,0.008014,0.001723,0.019704,0.000000],[1.000000,0.000000,0.000000,0.000000,0.000000,0.000000]],
  [[1.000000,0.000000,0.000000,0.000000,0.000000,0.000000],[0.070145,0.027045,0.023059,0.005852,0.873899,0.000000],[0.910580,0.047425,0.000000,0.006046,0.035949,0.000000],[0.908877,0.048099,0.000000,0.006184,0.036840,0.000000],[0.906017,0.050791,0.000000,0.006328,0.036864,0.000000],[0.085328,0.052215,0.000000,0.007066,0.855392,0.000000],[0.942506,0.026181,0.000000,0.003443,0.027870,0.000000],[0.943775,0.025053,0.000000,0.003363,0.027809,0.000000],[0.943655,0.025094,0.000000,0.003370,0.027881,0.000000],[0.909319,0.047991,0.000000,0.006169,0.036521,0.000000],[0.902689,0.052294,0.000000,0.006634,0.038383,0.000000],[0.106209,0.062364,0.000000,0.008849,0.822577,0.000000],[0.160563,0.086953,0.000000,0.014777,0.737706,0.000000],[0.159633,0.084195,0.000000,0.014514,0.741657,0.000000],[0.835761,0.081745,0.000000,0.012599,0.069895,0.000000],[0.904822,0.050797,0.000000,0.006519,0.037861,0.000000],[0.941272,0.026731,0.000000,0.003544,0.028454,0.000000],[0.067004,0.028272,0.000000,0.003977,0.900747,0.000000],[0.910053,0.046940,0.000000,0.006110,0.036896,0.000000],[0.849067,0.075412,0.000000,0.011192,0.064330,0.000000],[0.847988,0.075723,0.000000,0.011268,0.065021,0.000000],[0.849535,0.075185,0.000000,0.011132,0.064148,0.000000],[0.911154,0.046426,0.000000,0.006004,0.036416,0.000000],[0.065890,0.027615,0.000000,0.003848,0.902647,0.000000],[0.052451,0.018564,0.000000,0.002681,0.926304,0.000000],[0.957130,0.017398,0.000000,0.002388,0.023084,0.000000],[0.943577,0.025735,0.000000,0.003363,0.027325,0.000000],[0.084754,0.050145,0.000000,0.006857,0.858244,0.000000],[0.910170,0.046869,0.000000,0.006095,0.036866,0.000000],[0.909238,0.047239,0.000000,0.006168,0.037354,0.000000],[0.909945,0.046989,0.000000,0.006117,0.036948,0.000000],[0.913891,0.044400,0.000000,0.005963,0.035747,0.000000],[0.953005,0.012562,0.008617,0.002552,0.023263,0.000000],[1.000000,0.000000,0.000000,0.000000,0.000000,0.000000],[1.000000,0.000000,0.000000,0.000000,0.000000,0.000000],[1.000000,0.000000,0.000000,0.000000,0.000000,0.000000],[0.000000,0.000000,0.000000,0.000000,0.000000,1.000000],[0.949373,0.022048,0.000000,0.002917,0.025662,0.000000],[0.963668,0.007994,0.007690,0.001702,0.018946,0.000000],[1.000000,0.000000,0.000000,0.000000,0.000000,0.000000]],
