[
  [[1.000000,0.000000,0.000000,0.000000,0.000000,0.000000],[1.000000,0.000000,0.000000,0.000000,0.000000,0.000000],[1.000000,0.000000,0.000000,0.000000,0.000000,0.000000],[1.000000,0.000000,0.000000,0.000000,0.000000,0.000000],[1.000000,0.000000,0.000000,0.000000,0.000000,0.000000],[1.000000,0.000000,0.000000,0.000000,0.000000,0.000000],[1.000000,0.000000,0.000000,0.000000,0.000000,0.000000],[1.000000,0.000000,0.000000,0.000000,0.000000,0.000000],[1.000000,0.000000,0.000000,0.000000,0.000000,0.000000],[1.000000,0.000000,0.000000,0.000000,0.000000,0.000000],[1.000000,0.000000,0.000000,0.000000,0.000000,0.000000],[1.000000,0.000000,0.000000,0.000000,0.000000,0.000000],[1.000000,0.000000,0.000000,0.000000,0.000000,0.000000],[1.000000,0.000000,0.000000,0.000000,0.000000,0.000000],[1.000000,0.000000,0.000000,0.000000,0.000000,0.000000],[1.000000,0.000000,0.000000,0.000000,0.000000,0.000000],[1.000000,0.000000,0.000000,0.000000,0.000000,0.000000],[1.000000,0.000000,0.000000,0.000000,0.000000,0.000000],[1.000000,0.000000,0.000000,0.000000,0.000000,0.000000],[1.000000,0.000000,0.000000,0.000000,0.000000,0.000000],[1.000000,0.000000,0.000000,0.000000,0.000000,0.000000],[1.000000,0.000000,0.000000,0.000000,0.000000,0.000000],[1.000000,0.000000,0.000000,0.000000,0.000000,0.000000],[1.000000,0.000000,0.000000,0.000000,0.000000,0.000000],[1.000000,0.000000,0.000000,0.000000,0.000000,0.000000],[1.000000,0.000000,0.000000,0.000000,0.000000,0.000000],[1.000000,0.000000,0.000000,0.000000,0.000000,0.000000],[1.000000,0.000000,0.000000,0.000000,0.000000,0.000000],[1.000000,0.000000,0.000000,0.000000,0.000000,0.000000],[1.000000,0.000000,0.000000,0.000000,0.000000,0.000000],[1.000000,0.000000,0.000000,0.000000,0.000000,0.000000],[1.000000,0.000000,0.000000,0.000000,0.000000,0.000000],[1.000000,0.000000,0.000000,0.000000,0.000000,0.000000],[1.000000,0.000000,0.000000,0.000000,0.000000,0.000000],[1.000000,0.000000,0.000000,0.000000,0.000000,0.000000],[1.000000,0.000000,0.000000,0.000000,0.000000,0.000000],[1.000000,0.000000,0.000000,0.000000,0.000000,0.000000],[1.000000,0.000000,0.000000,0.000000,0.000000,0.000000],[1.000000,0.000000,0.000000,0.000000,0.000000,0.000000],[1.000000,0.000000,0.000000,0.000000,0.000000,0.000000]],
  [[1.000000,0.000000,0.000000,0.000000,0.000000,0.000000],[0.966481,0.007709,0.006427,0.001695,0.017689,0.000000],[0.952580,0.012461,0.010440,0.002651,0.021868,0.000000],[0.920010,0.024187,0.021799,0.005127,0.028877,0.000000],[0.071095,0.026859,0.024836,0.006040,0.871169,0.000000],[0.072072,0.027179,0.025028,0.006116,0.869605,0.000000],[0.916800,0.024715,0.023277,0.005223,0.029985,0.000000],[0.908679,0.026701,0.023300,0.006105,0.035215,0.000000],[0.836683,0.034126,0.063449,0.010463,0.055279,0.000000],[0.140364,0.040395,0.075580,0.012605,0.731056,0.000000],[0.137772,0.039807,0.074924,0.012416,0.735082,0.000000],[0.917010,0.024640,0.023379,0.005161,0.029810,0.000000],[0.052533,0.014385,0.011538,0.003021,0.918523,0.000000],[0.962532,0.009056,0.008462,0.001775,0.018174,0.000000],[0.035397,0.007295,0.006078,0.001598,0.949632,0.000000],[1.000000,0.000000,0.000000,0.000000,0.000000,0.000000],[1.000000,0.000000,0.000000,0.000000,0.000000,0.000000],[1.000000,0.000000,0.000000,0.000000,0.000000,0.000000],[1.000000,0.000000,0.000000,0.000000,0.000000,0.000000],[0.957227,0.010875,0.008369,0.002365,0.021164,0.000000],[0.920214,0.024226,0.020935,0.005182,0.029443,0.000000],[0.837706,0.033870,0.063219,0.010381,0.054825,0.000000],[0.139912,0.042525,0.073279,0.012314,0.731971,0.000000],[0.137564,0.042052,0.072711,0.012162,0.735512,0.000000],[0.916765,0.024701,0.023282,0.005221,0.030030,0.000000],[0.950840,0.012946,0.010708,0.002756,0.022750,0.000000],[0.918589,0.024689,0.021220,0.005297,0.030206,0.000000],[0.843470,0.033100,0.058893,0.009990,0.054546,0.000000],[0.841794,0.033442,0.059275,0.010099,0.055391,0.000000],[0.837475,0.033960,0.063264,0.010410,0.054891,0.000000],[0.070796,0.026904,0.024803,0.006047,0.871451,0.000000],[0.053086,0.014757,0.011944,0.003030,0.917183,0.000000],[0.051559,0.013586,0.010977,0.002918,0.920961,0.000000],[1.000000,0.000000,0.000000,0.000000,0.000000,0.000000],[1.000000,0.000000,0.000000,0.000000,0.000000,0.000000],[0.957166,0.010883,0.008380,0.002369,0.021201,0.000000],[0.955327,0.011537,0.009382,0.002491,0.021263,0.000000],[0.964501,0.008439,0.007505,0.001814,0.017741,0.000000],[0.973370,0.006101,0.004863,0.001325,0.014342,0.000000],[1.000000,0.000000,0.000000,0.000000,0.000000,0.000000]],
  [[1.000000,0.000000,0.000000,0.000000,0.000000,0.000000],[0.963744,0.008657,0.007799,0.001819,0.017982,0.000000],[0.945187,0.024511,0.000000,0.003260,0.027043,0.000000],[0.910474,0.047479,0.000000,0.006058,0.035990,0.000000],[0.842990,0.078762,0.000000,0.011812,0.066436,0.000000],[0.152120,0.083709,0.000000,0.013100,0.751071,0.000000],[0.840917,0.079592,0.000000,0.012027,0.067464,0.000000],[0.895602,0.053404,0.000000,0.007226,0.043768,0.000000],[0.837519,0.080850,0.000000,0.012346,0.069284,0.000000],[0.604671,0.108294,0.000000,0.022334,0.264701,0.000000],[0.840358,0.079056,0.000000,0.012078,0.068508,0.000000],[0.905798,0.050873,0.000000,0.006338,0.036991,0.000000],[0.066639,0.028699,0.000000,0.003924,0.900738,0.000000],[0.958036,0.017257,0.000000,0.002314,0.022393,0.000000],[0.968165,0.009824,0.003970,0.001560,0.016481,0.000000],[0.038169,0.009062,0.006993,0.001793,0.943984,0.000000],[0.972981,0.006389,0.005238,0.001279,0.014114,0.000000],[1.000000,0.000000,0.000000,0.000000,0.000000,0.000000],[1.000000,0.000000,0.000000,0.000000,0.000000,0.000000],[0.954645,0.011747,0.009485,0.002535,0.021588,0.000000],[0.920785,0.034605,0.007499,0.005004,0.032107,0.000000],[0.843938,0.077430,0.000000,0.011714,0.066918,0.000000],[0.605151,0.107843,0.000000,0.022177,0.264829,0.000000],[0.155198,0.084746,0.000000,0.013371,0.746684,0.000000],[0.907458,0.048723,0.000000,0.006308,0.037511,0.000000],[0.912522,0.044722,0.000000,0.005941,0.036816,0.000000],[0.894676,0.052905,0.000000,0.007201,0.045218,0.000000],[0.840407,0.074251,0.000000,0.012351,0.072991,0.000000],[0.616272,0.094486,0.000000,0.021212,0.268030,0.000000],[0.845157,0.072774,0.000000,0.011965,0.070104,0.000000],[0.904839,0.051370,0.000000,0.006436,0.037355,0.000000],[0.085509,0.052472,0.000000,0.007128,0.854891,0.000000],[0.917011,0.037871,0.007747,0.005326,0.032044,0.000000],[0.921216,0.024460,0.017689,0.005219,0.031417,0.000000],[0.919518,0.024461,0.021052,0.005239,0.029730,0.000000],[1.000000,0.000000,0.000000,0.000000,0.000000,0.000000],[0.948694,0.014133,0.010237,0.002879,0.024058,0.000000],[0.962388,0.012483,0.004210,0.001890,0.019029,0.000000],[0.971229,0.006817,0.005704,0.001430,0.014821,0.000000],[1.000000,0.000000,0.000000,0.000000,0.000000,0.000000]],
  [[1.000000,0.000000,0.000000,0.000000,0.000000,0.000000],[0.962484,0.009058,0.008471,0.001776,0.018211,0.000000],[0.066414,0.028553,0.000000,0.003897,0.901137,0.000000],[0.909334,0.047901,0.000000,0.006144,0.036621,0.000000],[0.844149,0.077195,0.000000,0.011665,0.066991,0.000000],[0.608247,0.103807,0.000000,0.021633,0.266313,0.000000],[0.842786,0.073981,0.000000,0.012186,0.071047,0.000000],[0.112029,0.060095,0.000000,0.008837,0.819039,0.000000],[0.156757,0.078703,0.000000,0.013503,0.751037,0.000000],[0.842927,0.073524,0.000000,0.012172,0.071377,0.000000],[0.850094,0.070828,0.000000,0.011514,0.067564,0.000000],[0.907387,0.049541,0.000000,0.006264,0.036807,0.000000],[0.066471,0.028566,0.000000,0.003906,0.901057,0.000000],[0.957274,0.017352,0.000000,0.002380,0.022994,0.000000],[0.966266,0.012890,0.000000,0.001855,0.018988,0.000000],[0.044499,0.014569,0.000000,0.002212,0.938719,0.000000],[0.045257,0.011471,0.008595,0.002235,0.932442,0.000000],[1.000000,0.000000,0.000000,0.000000,0.000000,0.000000],[1.000000,0.000000,0.000000,0.000000,0.000000,0.000000],[1.000000,0.000000,0.000000,0.000000,0.000000,0.000000],[0.919532,0.036345,0.007565,0.005062,0.031495,0.000000],[0.847951,0.075919,0.000000,0.011322,0.064808,0.000000],[0.841530,0.078506,0.000000,0.011944,0.068020,0.000000],[0.841707,0.079169,0.000000,0.011923,0.067201,0.000000],[0.906537,0.049875,0.000000,0.006332,0.037256,0.000000],[0.906573,0.049046,0.000000,0.006376,0.038005,0.000000],[0.839454,0.075047,0.000000,0.012471,0.073028,0.000000],[0.217741,0.098390,0.000000,0.016642,0.667226,0.000000],[0.791781,0.096701,0.000000,0.015220,0.096299,0.000000],[0.845714,0.072449,0.000000,0.011940,0.069897,0.000000],[0.904794,0.050745,0.000000,0.006506,0.037955,0.000000],[0.087279,0.052952,0.000000,0.007244,0.852524,0.000000],[0.842002,0.079265,0.000000,0.011948,0.066785,0.000000],[0.847027,0.076270,0.000000,0.011408,0.065295,0.000000],[0.866063,0.054363,0.017070,0.009409,0.053095,0.000000],[0.921587,0.024500,0.016912,0.005229,0.031772,0.000000],[1.000000,0.000000,0.000000,0.000000,0.000000,0.000000],[0.044119,0.011058,0.007674,0.002250,0.934899,0.000000],[0.965153,0.008196,0.007189,0.001746,0.017715,0.000000],[1.000000,0.000000,0.000000,0.000000,0.000000,0.000000]],
  [[1.000000,0.000000,0.000000,0.000000,0.000000,0.000000],[0.042516,0.009952,0.008700,0.002060,0.936772,0.000000],[0.066627,0.028987,0.000000,0.003919,0.900467,0.000000],[0.908490,0.049067,0.000000,0.006170,0.036273,0.000000],[0.846392,0.076431,0.000000,0.011467,0.065710,0.000000],[0.846373,0.076360,0.000000,0.011434,0.065834,0.000000],[0.845981,0.072418,0.000000,0.011883,0.069718,0.000000],[0.844896,0.069675,0.000000,0.012271,0.073157,0.000000],[0.837928,0.076480,0.000000,0.012687,0.072905,0.000000],[0.841485,0.074468,0.000000,0.012315,0.071732,0.000000],[0.896381,0.052355,0.000000,0.007096,0.044168,0.000000],[0.909760,0.047779,0.000000,0.006123,0.036338,0.000000],[0.065860,0.027636,0.000000,0.003853,0.902650,0.000000],[0.957293,0.017326,0.000000,0.002375,0.023006,0.000000],[0.966239,0.012871,0.000000,0.001853,0.019037,0.000000],[0.966062,0.013185,0.000000,0.001856,0.018898,0.000000],[0.958839,0.013924,0.004637,0.002073,0.020528,0.000000],[0.948192,0.014110,0.010589,0.002830,0.024279,0.000000],[0.949853,0.013497,0.011617,0.002642,0.022391,0.000000],[0.056625,0.016016,0.010842,0.003240,0.913278,0.000000],[0.917868,0.037507,0.007996,0.005182,0.031447,0.000000],[0.909594,0.047167,0.000000,0.006154,0.037085,0.000000],[0.909876,0.046948,0.000000,0.006108,0.037068,0.000000],[0.083505,0.047023,0.000000,0.006658,0.862815,0.000000],[0.082774,0.046839,0.000000,0.006624,0.863763,0.000000],[0.908914,0.047075,0.000000,0.006309,0.037702,0.000000],[0.162278,0.075633,0.000000,0.013924,0.748166,0.000000],[0.621987,0.087805,0.000000,0.021397,0.268812,0.000000],[0.835137,0.072402,0.000000,0.013105,0.079356,0.000000],[0.886065,0.054653,0.000000,0.007916,0.051366,0.000000],[0.892577,0.056057,0.000000,0.007409,0.043957,0.000000],[0.089091,0.053937,0.000000,0.007440,0.849531,0.000000],[0.838061,0.082362,0.000000,0.011942,0.067636,0.000000],[0.608354,0.103805,0.000000,0.021632,0.266209,0.000000],[0.846848,0.076275,0.000000,0.011409,0.065468,0.000000],[0.919235,0.035138,0.007733,0.005127,0.032768,0.000000],[0.946960,0.014685,0.010491,0.002993,0.024872,0.000000],[1.000000,0.000000,0.000000,0.000000,0.000000,0.000000],[0.956844,0.010909,0.008691,0.002356,0.021199,0.000000],[1.000000,0.000000,0.000000,0.000000,0.000000,0.000000]],
  [[1.000000,0.000000,0.000000,0.000000,0.000000,0.000000],[0.963022,0.008936,0.008096,0.001828,0.018118,0.000000],[0.944076,0.025566,0.000000,0.003330,0.027028,0.000000],[0.084579,0.050050,0.000000,0.006837,0.858533,0.000000],[0.910638,0.046671,0.000000,0.006055,0.036637,0.000000],[0.909273,0.047222,0.000000,0.006164,0.037342,0.000000],[0.896566,0.052264,0.000000,0.007074,0.044096,0.000000],[0.844984,0.072776,0.000000,0.011974,0.070267,0.000000],[0.606025,0.105072,0.000000,0.021998,0.266905,0.000000],[0.154803,0.084781,0.000000,0.013400,0.747016,0.000000],[0.903718,0.051704,0.000000,0.006511,0.038068,0.000000],[0.942454,0.026193,0.000000,0.003445,0.027908,0.000000],[0.943750,0.025662,0.000000,0.003350,0.027238,0.000000],[0.957356,0.017300,0.000000,0.002370,0.022974,0.000000],[0.052144,0.018114,0.000000,0.002651,0.927091,0.000000],[0.957258,0.017238,0.000000,0.002381,0.023123,0.000000],[0.053065,0.018966,0.000000,0.002758,0.925211,0.000000],[0.067917,0.030148,0.000000,0.004082,0.897852,0.000000],[0.085342,0.052477,0.000000,0.007141,0.855039,0.000000],[0.905457,0.051062,0.000000,0.006387,0.037094,0.000000],[0.088698,0.053265,0.000000,0.007300,0.850737,0.000000],[0.908332,0.048367,0.000000,0.006240,0.037062,0.000000],[0.911499,0.046295,0.000000,0.005979,0.036227,0.000000],[0.947731,0.022203,0.000000,0.003015,0.027051,0.000000],[0.000000,0.000000,0.000000,0.000000,0.000000,1.000000],[0.916498,0.040945,0.000000,0.005654,0.036903,0.000000],[0.842399,0.074053,0.000000,0.012200,0.071348,0.000000],[0.792460,0.097537,0.000000,0.015038,0.094966,0.000000],[0.793242,0.096335,0.000000,0.015120,0.095303,0.000000],[0.838417,0.076397,0.000000,0.012666,0.072519,0.000000],[0.089471,0.054322,0.000000,0.007522,0.848685,0.000000],[0.089612,0.055128,0.000000,0.007384,0.847876,0.000000],[0.146987,0.083846,0.000000,0.013191,0.755977,0.000000],[0.841086,0.078725,0.000000,0.012003,0.068186,0.000000],[0.851685,0.070251,0.000000,0.011360,0.066703,0.000000],[0.898754,0.050873,0.000000,0.006872,0.043501,0.000000],[0.918985,0.035222,0.007771,0.005146,0.032877,0.000000],[0.921795,0.024292,0.017593,0.005179,0.031140,0.000000],[1.000000,0.000000,0.000000,0.000000,0.000000,0.000000],[1.000000,0.000000,0.000000,0.000000,0.000000,0.000000]],
  [[1.000000,0.000000,0.000000,0.000000,0.000000,0.000000],[0.963409,0.008746,0.007853,0.001839,0.018154,0.000000],[0.944263,0.025304,0.000000,0.003330,0.027103,0.000000],[0.943245,0.025688,0.000000,0.003401,0.027666,0.000000],[0.942628,0.025941,0.000000,0.003446,0.027984,0.000000],[0.942029,0.026174,0.000000,0.003488,0.028309,0.000000],[0.087353,0.051355,0.000000,0.007106,0.854186,0.000000],[0.844529,0.077150,0.000000,0.011654,0.066667,0.000000],[0.840072,0.079049,0.000000,0.012088,0.068791,0.000000],[0.148203,0.083984,0.000000,0.013221,0.754592,0.000000],[0.087775,0.052933,0.000000,0.007230,0.852062,0.000000],[0.066771,0.028756,0.000000,0.003942,0.900530,0.000000],[0.957334,0.017185,0.000000,0.002371,0.023110,0.000000],[0.052207,0.018126,0.000000,0.002652,0.927016,0.000000],[0.944035,0.025540,0.000000,0.003328,0.027097,0.000000],[0.943466,0.025847,0.000000,0.003365,0.027323,0.000000],[0.942588,0.026483,0.000000,0.003418,0.027511,0.000000],[0.071135,0.032232,0.000000,0.004348,0.892285,0.000000],[0.088949,0.055008,0.000000,0.007360,0.848683,0.000000],[0.839231,0.083895,0.000000,0.011567,0.065308,0.000000],[0.153896,0.084390,0.000000,0.013302,0.748412,0.000000],[0.841100,0.079378,0.000000,0.011982,0.067541,0.000000],[0.910833,0.046504,0.000000,0.006021,0.036642,0.000000],[0.949508,0.021033,0.000000,0.003017,0.026442,0.000000],[0.000000,0.000000,0.000000,0.000000,0.000000,1.000000],[0.922555,0.036954,0.000000,0.005328,0.035163,0.000000],[0.101589,0.056568,0.000000,0.008070,0.833772,0.000000],[0.842954,0.073351,0.000000,0.012114,0.071581,0.000000],[0.616176,0.094000,0.000000,0.021047,0.268777,0.000000],[0.155039,0.079808,0.000000,0.013483,0.751670,0.000000],[0.089424,0.054089,0.000000,0.007452,0.849035,0.000000],[0.904524,0.052568,0.000000,0.006324,0.036583,0.000000],[0.087181,0.053020,0.000000,0.007233,0.852566,0.000000],[0.904695,0.051318,0.000000,0.006433,0.037554,0.000000],[0.897707,0.051823,0.000000,0.006988,0.043482,0.000000],[0.848782,0.071407,0.000000,0.011618,0.068194,0.000000],[0.843434,0.077561,0.000000,0.011755,0.067250,0.000000],[0.851477,0.061617,0.018716,0.010357,0.057833,0.000000],[0.071689,0.026984,0.021762,0.006061,0.873505,0.000000],[1.000000,0.000000,0.000000,0.000000,0.000000,0.000000]],
  [[1.000000,0.000000,0.000000,0.000000,0.000000,0.000000],[0.963590,0.008706,0.007822,0.001829,0.018052,0.000000],[0.065963,0.027766,0.000000,0.003871,0.902400,0.000000],[0.908821,0.048991,0.000000,0.006157,0.036030,0.000000],[0.907424,0.049567,0.000000,0.006271,0.036738,0.000000],[0.087811,0.052582,0.000000,0.007161,0.852447,0.000000],[0.898884,0.052017,0.000000,0.006953,0.042146,0.000000],[0.898889,0.051334,0.000000,0.006890,0.042887,0.000000],[0.909021,0.047288,0.000000,0.006179,0.037512,0.000000],[0.907354,0.049555,0.000000,0.006269,0.036822,0.000000],[0.085314,0.052008,0.000000,0.007025,0.855653,0.000000],[0.943296,0.025850,0.000000,0.003384,0.027469,0.000000],[0.957396,0.017151,0.000000,0.002365,0.023088,0.000000],[0.958415,0.016617,0.000000,0.002308,0.022660,0.000000],[0.943911,0.025414,0.000000,0.003351,0.027324,0.000000],[0.084830,0.050267,0.000000,0.006884,0.858018,0.000000],[0.086505,0.052853,0.000000,0.007199,0.853443,0.000000],[0.090681,0.055600,0.000000,0.007478,0.846242,0.000000],[0.101940,0.060357,0.000000,0.008424,0.829279,0.000000],[0.838012,0.077815,0.000000,0.012397,0.071776,0.000000],[0.606167,0.104903,0.000000,0.021944,0.266986,0.000000],[0.155874,0.082282,0.000000,0.012994,0.748851,0.000000],[0.910208,0.046751,0.000000,0.006069,0.036972,0.000000],[0.947638,0.022356,0.000000,0.003139,0.026867,0.000000],[0.000000,0.000000,0.000000,0.000000,0.000000,1.000000],[0.949956,0.021179,0.000000,0.002926,0.025939,0.000000],[0.919101,0.039897,0.000000,0.005530,0.035472,0.000000],[0.843260,0.078406,0.000000,0.011443,0.066892,0.000000],[0.843486,0.077152,0.000000,0.011675,0.067686,0.000000],[0.842110,0.078999,0.000000,0.011879,0.067012,0.000000],[0.908402,0.048323,0.000000,0.006233,0.037042,0.000000],[0.942239,0.026358,0.000000,0.003456,0.027947,0.000000],[0.067017,0.028938,0.000000,0.003978,0.900067,0.000000],[0.942013,0.026845,0.000000,0.003454,0.027689,0.000000],[0.087812,0.051471,0.000000,0.007128,0.853589,0.000000],[0.842121,0.078324,0.000000,0.011895,0.067661,0.000000],[0.608498,0.103710,0.000000,0.021594,0.266197,0.000000],[0.154599,0.081949,0.000000,0.012884,0.750567,0.000000],[0.917072,0.024621,0.023228,0.005198,0.029882,0.000000],[1.000000,0.000000,0.000000,0.000000,0.000000,0.000000]],
  [[1.000000,0.000000,0.000000,0.000000,0.000000,0.000000],[0.966363,0.007749,0.006613,0.001670,0.017605,0.000000],[0.948484,0.014297,0.010356,0.002860,0.024003,0.000000],[0.077702,0.043110,0.009246,0.006125,0.863817,0.000000],[0.149512,0.082999,0.000000,0.012934,0.754555,0.000000],[0.841571,0.078506,0.000000,0.011945,0.067979,0.000000],[0.845701,0.076677,0.000000,0.011531,0.066090,0.000000],[0.913215,0.044344,0.000000,0.005866,0.036575,0.000000],[0.944715,0.024114,0.000000,0.003279,0.027893,0.000000],[0.943801,0.025024,0.000000,0.003357,0.027818,0.000000],[0.943325,0.025653,0.000000,0.003394,0.027628,0.000000],[0.943637,0.025521,0.000000,0.003370,0.027471,0.000000],[0.944617,0.024683,0.000000,0.003295,0.027406,0.000000],[0.945880,0.023644,0.000000,0.003193,0.027284,0.000000],[0.943785,0.025444,0.000000,0.003356,0.027415,0.000000],[0.908482,0.049080,0.000000,0.006173,0.036265,0.000000],[0.840440,0.081461,0.000000,0.011711,0.066388,0.000000],[0.837302,0.084535,0.000000,0.011725,0.066439,0.000000],[0.154844,0.083827,0.000000,0.013929,0.747400,0.000000],[0.838759,0.077517,0.000000,0.012322,0.071402,0.000000],[0.837963,0.080653,0.000000,0.012304,0.069080,0.000000],[0.841528,0.079279,0.000000,0.011953,0.067240,0.000000],[0.908096,0.049196,0.000000,0.006197,0.036511,0.000000],[0.946351,0.023643,0.000000,0.003208,0.026797,0.000000],[0.962345,0.014091,0.000000,0.002043,0.021521,0.000000],[0.000000,0.000000,0.000000,0.000000,0.000000,1.000000],[0.083131,0.038775,0.000000,0.005896,0.872197,0.000000],[0.000000,0.000000,0.000000,0.000000,0.000000,1.000000],[0.086250,0.038908,0.000000,0.006241,0.868601,0.000000],[0.914297,0.044119,0.000000,0.005904,0.035680,0.000000],[0.911806,0.046191,0.000000,0.005959,0.036044,0.000000],[0.943255,0.025869,0.000000,0.003387,0.027490,0.000000],[0.052903,0.018810,0.000000,0.002728,0.925559,0.000000],[0.942908,0.026476,0.000000,0.003388,0.027228,0.000000],[0.085720,0.051830,0.000000,0.007007,0.855442,0.000000],[0.842986,0.078722,0.000000,0.011807,0.066485,0.000000],[0.842307,0.078197,0.000000,0.011864,0.067632,0.000000],[0.844740,0.077379,0.000000,0.011651,0.066230,0.000000],[0.917804,0.024379,0.023108,0.005146,0.029563,0.000000],[1.000000,0.000000,0.000000,0.000000,0.000000,0.000000]],
  [[1.000000,0.000000,0.000000,0.000000,0.000000,0.000000],[1.000000,0.000000,0.000000,0.000000,0.000000,0.000000],[1.000000,0.000000,0.000000,0.000000,0.000000,0.000000],[0.917057,0.025504,0.019288,0.005514,0.032637,0.000000],[0.839831,0.080004,0.000000,0.012128,0.068037,0.000000],[0.607208,0.104009,0.000000,0.021619,0.267164,0.000000],[0.847455,0.075928,0.000000,0.011322,0.065295,0.000000],[0.913341,0.044272,0.000000,0.005851,0.036536,0.000000],[0.945308,0.023892,0.000000,0.003239,0.027561,0.000000],[0.945328,0.023889,0.000000,0.003239,0.027544,0.000000],[0.911782,0.046199,0.000000,0.005961,0.036057,0.000000],[0.086259,0.049076,0.000000,0.006911,0.857754,0.000000],[0.914366,0.044082,0.000000,0.005899,0.035653,0.000000],[0.916540,0.042379,0.000000,0.005695,0.035386,0.000000],[0.915632,0.043592,0.000000,0.005802,0.034974,0.000000],[0.087239,0.049326,0.000000,0.006958,0.856478,0.000000],[0.844969,0.076890,0.000000,0.011580,0.066560,0.000000],[0.606975,0.104190,0.000000,0.021689,0.267146,0.000000],[0.154983,0.079706,0.000000,0.013459,0.751852,0.000000],[0.101552,0.059955,0.000000,0.008299,0.830194,0.000000],[0.907377,0.048805,0.000000,0.006327,0.037491,0.000000],[0.086089,0.052085,0.000000,0.007060,0.854766,0.000000],[0.084542,0.051768,0.000000,0.006973,0.856717,0.000000],[0.943680,0.025739,0.000000,0.003344,0.027237,0.000000],[0.049383,0.016463,0.000000,0.002456,0.931698,0.000000],[0.947228,0.023340,0.000000,0.003115,0.026317,0.000000],[0.063464,0.022020,0.000000,0.003342,0.911174,0.000000],[0.000000,0.000000,0.000000,0.000000,0.000000,1.000000],[0.000000,0.000000,0.000000,0.000000,0.000000,1.000000],[0.948609,0.022291,0.000000,0.002963,0.026138,0.000000],[0.944152,0.025472,0.000000,0.003314,0.027061,0.000000],[0.066056,0.028662,0.000000,0.003864,0.901418,0.000000],[0.956982,0.017460,0.000000,0.002399,0.023159,0.000000],[0.943572,0.025790,0.000000,0.003354,0.027283,0.000000],[0.084664,0.050132,0.000000,0.006855,0.858349,0.000000],[0.909927,0.047683,0.000000,0.006103,0.036288,0.000000],[0.910240,0.046803,0.000000,0.006080,0.036878,0.000000],[0.086471,0.049271,0.000000,0.006947,0.857311,0.000000],[0.920118,0.024147,0.021781,0.005118,0.028836,0.000000],[1.000000,0.000000,0.000000,0.000000,0.000000,0.000000]],
  [[1.000000,0.000000,0.000000,0.000000,0.000000,0.000000],[1.000000,0.000000,0.000000,0.000000,0.000000,0.000000],[1.000000,0.000000,0.000000,0.000000,0.000000,0.000000],[0.920736,0.023644,0.020375,0.005129,0.030115,0.000000],[0.132637,0.062925,0.021383,0.011317,0.771738,0.000000],[0.843893,0.077419,0.000000,0.011717,0.066970,0.000000],[0.849039,0.075426,0.000000,0.011194,0.064341,0.000000],[0.910991,0.046505,0.000000,0.006021,0.036483,0.000000],[0.943447,0.025613,0.000000,0.003387,0.027553,0.000000],[0.943093,0.025758,0.000000,0.003413,0.027735,0.000000],[0.907576,0.049433,0.000000,0.006245,0.036746,0.000000],[0.843933,0.077611,0.000000,0.011716,0.066741,0.000000],[0.845300,0.076466,0.000000,0.011502,0.066732,0.000000],[0.000000,0.000000,0.000000,0.000000,0.000000,1.000000],[0.918374,0.040500,0.000000,0.005631,0.035494,0.000000],[0.918015,0.040628,0.000000,0.005655,0.035702,0.000000],[0.860280,0.066571,0.000000,0.010152,0.062997,0.000000],[0.846723,0.075571,0.000000,0.011233,0.066473,0.000000],[0.842845,0.078676,0.000000,0.011794,0.066686,0.000000],[0.906069,0.050699,0.000000,0.006310,0.036921,0.000000],[0.942612,0.026173,0.000000,0.003422,0.027794,0.000000],[0.943054,0.026016,0.000000,0.003394,0.027536,0.000000],[0.067437,0.029706,0.000000,0.003999,0.898858,0.000000],[0.066841,0.029689,0.000000,0.003983,0.899487,0.000000],[0.943465,0.025837,0.000000,0.003362,0.027336,0.000000],[0.943946,0.025552,0.000000,0.003328,0.027174,0.000000],[0.946941,0.023387,0.000000,0.003160,0.026512,0.000000],[0.952560,0.019554,0.000000,0.002896,0.024990,0.000000],[0.000000,0.000000,0.000000,0.000000,0.000000,1.000000],[0.064431,0.023724,0.000000,0.003384,0.908461,0.000000],[0.052722,0.018904,0.000000,0.002678,0.925696,0.000000],[0.957824,0.017281,0.000000,0.002320,0.022575,0.000000],[0.052343,0.018201,0.000000,0.002667,0.926789,0.000000],[0.943965,0.025400,0.000000,0.003349,0.027285,0.000000],[0.943654,0.025534,0.000000,0.003373,0.027440,0.000000],[0.943408,0.025631,0.000000,0.003390,0.027570,0.000000],[0.943399,0.025630,0.000000,0.003390,0.027581,0.000000],[0.944579,0.024750,0.000000,0.003305,0.027365,0.000000],[0.951679,0.012809,0.010928,0.002664,0.021919,0.000000],[1.000000,0.000000,0.000000,0.000000,0.000000,0.000000]],
  [[1.000000,0.000000,0.000000,0.000000,0.000000,0.000000],[0.038852,0.007819,0.006113,0.001729,0.945487,0.000000],[1.000000,0.000000,0.000000,0.000000,0.000000,0.000000],[1.000000,0.000000,0.000000,0.000000,0.000000,0.000000],[0.921670,0.024312,0.017612,0.005185,0.031221,0.000000],[0.918766,0.036556,0.007681,0.005109,0.031888,0.000000],[0.913342,0.044395,0.000000,0.005874,0.036389,0.000000],[0.911047,0.046582,0.000000,0.006037,0.036335,0.000000],[0.067234,0.029034,0.000000,0.003994,0.899738,0.000000],[0.067746,0.029268,0.000000,0.004039,0.898946,0.000000],[0.903688,0.051727,0.000000,0.006516,0.038069,0.000000],[0.156930,0.082775,0.000000,0.013122,0.747173,0.000000],[0.611199,0.097692,0.000000,0.021564,0.269545,0.000000],[0.846544,0.075700,0.000000,0.011267,0.066488,0.000000],[0.917435,0.040862,0.000000,0.005703,0.036001,0.000000],[0.000000,0.000000,0.000000,0.000000,0.000000,1.000000],[0.000000,0.000000,0.000000,0.000000,0.000000,1.000000],[0.928464,0.032328,0.000000,0.005281,0.033927,0.000000],[0.917467,0.040849,0.000000,0.005700,0.035984,0.000000],[0.082478,0.043636,0.000000,0.006385,0.867501,0.000000],[0.064264,0.025656,0.000000,0.003665,0.906415,0.000000],[0.946066,0.023774,0.000000,0.003233,0.026927,0.000000],[0.943482,0.025835,0.000000,0.003362,0.027321,0.000000],[0.067038,0.029804,0.000000,0.004005,0.899153,0.000000],[0.084513,0.051670,0.000000,0.006972,0.856844,0.000000],[0.910030,0.047640,0.000000,0.006094,0.036237,0.000000],[0.911401,0.046256,0.000000,0.005967,0.036377,0.000000],[0.083309,0.042404,0.000000,0.006381,0.867905,0.000000],[0.000000,0.000000,0.000000,0.000000,0.000000,1.000000],[0.950951,0.020724,0.000000,0.002807,0.025519,0.000000],[0.050040,0.017577,0.000000,0.002509,0.929875,0.000000],[0.966198,0.013089,0.000000,0.001839,0.018874,0.000000],[0.957487,0.017115,0.000000,0.002358,0.023040,0.000000],[0.944025,0.025373,0.000000,0.003344,0.027257,0.000000],[0.943395,0.025815,0.000000,0.003378,0.027413,0.000000],[0.066681,0.028707,0.000000,0.003933,0.900680,0.000000],[0.942878,0.026033,0.000000,0.003417,0.027671,0.000000],[0.944273,0.024885,0.000000,0.003330,0.027512,0.000000],[0.951490,0.012870,0.010957,0.002677,0.022007,0.000000],[1.000000,0.000000,0.000000,0.000000,0.000000,0.000000]],
  [[1.000000,0.000000,0.000000,0.000000,0.000000,0.000000],[0.965387,0.008117,0.007154,0.001730,0.017612,0.000000],[0.949239,0.013940,0.010159,0.002840,0.023822,0.000000],[0.954628,0.011723,0.009492,0.002534,0.021622,0.000000],[1.000000,0.000000,0.000000,0.000000,0.000000,0.000000],[0.953759,0.011990,0.009624,0.002590,0.022036,0.000000],[0.921209,0.024638,0.016975,0.005264,0.031913,0.000000],[0.918236,0.036803,0.007758,0.005166,0.032037,0.000000],[0.905444,0.050559,0.000000,0.006465,0.037531,0.000000],[0.087963,0.053398,0.000000,0.007340,0.851299,0.000000],[0.886389,0.056431,0.000000,0.007912,0.049269,0.000000],[0.156187,0.078514,0.000000,0.013457,0.751842,0.000000],[0.837987,0.076368,0.000000,0.012655,0.072990,0.000000],[0.843012,0.074532,0.000000,0.012177,0.070279,0.000000],[0.093766,0.052580,0.000000,0.007445,0.846209,0.000000],[0.949564,0.021352,0.000000,0.002958,0.026125,0.000000],[0.000000,0.000000,0.000000,0.000000,0.000000,1.000000],[0.000000,0.000000,0.000000,0.000000,0.000000,1.000000],[0.000000,0.000000,0.000000,0.000000,0.000000,1.000000],[0.916764,0.041494,0.000000,0.005544,0.036198,0.000000],[0.000000,0.000000,0.000000,0.000000,0.000000,1.000000],[0.919420,0.039785,0.000000,0.005515,0.035280,0.000000],[0.945944,0.023819,0.000000,0.003241,0.026996,0.000000],[0.065083,0.027613,0.000000,0.003765,0.903539,0.000000],[0.085993,0.052321,0.000000,0.007102,0.854584,0.000000],[0.842665,0.078863,0.000000,0.011844,0.066628,0.000000],[0.845658,0.076610,0.000000,0.011506,0.066226,0.000000],[0.849241,0.074714,0.000000,0.011012,0.065034,0.000000],[0.918083,0.040593,0.000000,0.005649,0.035675,0.000000],[0.000000,0.000000,0.000000,0.000000,0.000000,1.000000],[0.959665,0.016220,0.000000,0.002210,0.021905,0.000000],[0.044846,0.015012,0.000000,0.002230,0.937912,0.000000],[0.957420,0.017146,0.000000,0.002364,0.023070,0.000000],[0.944330,0.024824,0.000000,0.003321,0.027526,0.000000],[0.084369,0.051263,0.000000,0.006893,0.857476,0.000000],[0.086879,0.052696,0.000000,0.007163,0.853263,0.000000],[0.905086,0.051162,0.000000,0.006403,0.037349,0.000000],[0.086918,0.052369,0.000000,0.007112,0.853602,0.000000],[0.918650,0.024192,0.022958,0.005099,0.029102,0.000000],[1.000000,0.000000,0.000000,0.000000,0.000000,0.000000]],
  [[1.000000,0.000000,0.000000,0.000000,0.000000,0.000000],[0.964407,0.008443,0.007523,0.001817,0.017810,0.000000],[0.960738,0.015585,0.000000,0.002164,0.021513,0.000000],[0.961534,0.009360,0.007576,0.001998,0.019533,0.000000],[1.000000,0.000000,0.000000,0.000000,0.000000,0.000000],[1.000000,0.000000,0.000000,0.000000,0.000000,0.000000],[1.000000,0.000000,0.000000,0.000000,0.000000,0.000000],[0.849748,0.037651,0.045183,0.010333,0.057085,0.000000],[0.834783,0.081579,0.000000,0.012790,0.070848,0.000000],[0.834593,0.081584,0.000000,0.012805,0.071018,0.000000],[0.884354,0.056860,0.000000,0.008181,0.050605,0.000000],[0.838985,0.075554,0.000000,0.012606,0.072856,0.000000],[0.836608,0.076966,0.000000,0.012815,0.073611,0.000000],[0.153123,0.079228,0.000000,0.013331,0.754317,0.000000],[0.097179,0.057968,0.000000,0.007887,0.836966,0.000000],[0.945749,0.023881,0.000000,0.003251,0.027120,0.000000],[0.947008,0.022591,0.000000,0.003182,0.027220,0.000000],[0.921845,0.036716,0.000000,0.005273,0.036166,0.000000],[0.159561,0.072320,0.000000,0.012556,0.755563,0.000000],[0.851355,0.069591,0.000000,0.010548,0.068505,0.000000],[0.152713,0.074068,0.000000,0.012564,0.760655,0.000000],[0.916268,0.041320,0.000000,0.005798,0.036614,0.000000],[0.000000,0.000000,0.000000,0.000000,0.000000,1.000000],[0.945102,0.024593,0.000000,0.003256,0.027049,0.000000],[0.087542,0.053020,0.000000,0.007223,0.852216,0.000000],[0.839807,0.079870,0.000000,0.012100,0.068222,0.000000],[0.608660,0.103436,0.000000,0.021498,0.266406,0.000000],[0.845210,0.076721,0.000000,0.011538,0.066531,0.000000],[0.913695,0.044335,0.000000,0.005947,0.036023,0.000000],[0.946235,0.023689,0.000000,0.003216,0.026860,0.000000],[0.050701,0.018160,0.000000,0.002585,0.928554,0.000000],[0.053017,0.019115,0.000000,0.002721,0.925147,0.000000],[0.956989,0.017458,0.000000,0.002399,0.023155,0.000000],[0.943354,0.025657,0.000000,0.003396,0.027593,0.000000],[0.907872,0.049374,0.000000,0.006232,0.036522,0.000000],[0.839577,0.081743,0.000000,0.011785,0.066894,0.000000],[0.151406,0.085076,0.000000,0.013499,0.750019,0.000000],[0.839395,0.081878,0.000000,0.011814,0.066912,0.000000],[0.071534,0.027099,0.024938,0.006097,0.870333,0.000000],[1.000000,0.000000,0.000000,0.000000,0.000000,0.000000]],
  [[1.000000,0.000000,0.000000,0.000000,0.000000,0.000000],[0.971135,0.006805,0.005724,0.001432,0.014904,0.000000],[0.967982,0.011967,0.000000,0.001725,0.018326,0.000000],[0.968509,0.009647,0.003909,0.001538,0.016398,0.000000],[0.961083,0.009635,0.007780,0.002006,0.019496,0.000000],[0.954095,0.011900,0.009862,0.002524,0.021618,0.000000],[1.000000,0.000000,0.000000,0.000000,0.000000,0.000000],[0.828888,0.037732,0.057674,0.011554,0.064151,0.000000],[0.603584,0.084226,0.025663,0.022447,0.264080,0.000000],[0.826419,0.080820,0.000000,0.014095,0.078666,0.000000],[0.879737,0.058203,0.000000,0.008578,0.053481,0.000000],[0.157235,0.077630,0.000000,0.013685,0.751451,0.000000],[0.605672,0.105346,0.000000,0.022105,0.266877,0.000000],[0.838646,0.080364,0.000000,0.012229,0.068762,0.000000],[0.906765,0.049778,0.000000,0.006312,0.037145,0.000000],[0.942925,0.025808,0.000000,0.003422,0.027845,0.000000],[0.910463,0.046707,0.000000,0.006064,0.036765,0.000000],[0.892501,0.055149,0.000000,0.007397,0.044953,0.000000],[0.163441,0.082213,0.000000,0.014096,0.740251,0.000000],[0.605115,0.103342,0.000000,0.022427,0.269116,0.000000],[0.841089,0.074523,0.000000,0.012324,0.072064,0.000000],[0.898436,0.051360,0.000000,0.007095,0.043109,0.000000],[0.912815,0.044762,0.000000,0.006036,0.036386,0.000000],[0.084977,0.047667,0.000000,0.006792,0.860564,0.000000],[0.895495,0.054109,0.000000,0.007190,0.043206,0.000000],[0.844147,0.074193,0.000000,0.012096,0.069564,0.000000],[0.154717,0.081992,0.000000,0.012915,0.750375,0.000000],[0.844057,0.077584,0.000000,0.011709,0.066650,0.000000],[0.910146,0.047572,0.000000,0.006080,0.036202,0.000000],[0.066346,0.028484,0.000000,0.003890,0.901280,0.000000],[0.943642,0.025771,0.000000,0.003350,0.027237,0.000000],[0.066611,0.028996,0.000000,0.003927,0.900466,0.000000],[0.942804,0.026070,0.000000,0.003424,0.027702,0.000000],[0.942350,0.026071,0.000000,0.003470,0.028109,0.000000],[0.088559,0.050268,0.000000,0.007163,0.854010,0.000000],[0.839998,0.079138,0.000000,0.012109,0.068756,0.000000],[0.604208,0.108139,0.000000,0.022311,0.265341,0.000000],[0.153487,0.088835,0.000000,0.013731,0.743948,0.000000],[0.912670,0.026585,0.023883,0.005359,0.031503,0.000000],[1.000000,0.000000,0.000000,0.000000,0.000000,0.000000]],
  [[1.000000,0.000000,0.000000,0.000000,0.000000,0.000000],[0.975628,0.005574,0.004494,0.001181,0.013123,0.000000],[0.039866,0.010794,0.000000,0.001756,0.947584,0.000000],[0.966741,0.012692,0.000000,0.001819,0.018748,0.000000],[0.052321,0.018242,0.000000,0.002670,0.926768,0.000000],[0.948846,0.019675,0.004915,0.002744,0.023820,0.000000],[0.917916,0.024804,0.022167,0.005279,0.029834,0.000000],[1.000000,0.000000,0.000000,0.000000,0.000000,0.000000],[0.777546,0.051952,0.067929,0.015348,0.087226,0.000000],[0.233813,0.106032,0.000000,0.019061,0.641094,0.000000],[0.831763,0.075093,0.000000,0.013727,0.079417,0.000000],[0.840426,0.074778,0.000000,0.012508,0.072287,0.000000],[0.841527,0.078410,0.000000,0.011980,0.068083,0.000000],[0.845573,0.076889,0.000000,0.011584,0.065954,0.000000],[0.086985,0.049709,0.000000,0.007044,0.856262,0.000000],[0.943045,0.025369,0.000000,0.003418,0.028168,0.000000],[0.908438,0.047604,0.000000,0.006244,0.037714,0.000000],[0.157641,0.078890,0.000000,0.013557,0.749912,0.000000],[0.787419,0.100752,0.000000,0.015390,0.096440,0.000000],[0.785337,0.102916,0.000000,0.015356,0.096391,0.000000],[0.158467,0.081628,0.000000,0.013980,0.745925,0.000000],[0.895065,0.053637,0.000000,0.007280,0.044018,0.000000],[0.844689,0.077107,0.000000,0.011644,0.066559,0.000000],[0.843920,0.077343,0.000000,0.011700,0.067038,0.000000],[0.846302,0.072751,0.000000,0.011865,0.069082,0.000000],[0.099173,0.058960,0.000000,0.008095,0.833773,0.000000],[0.905834,0.050193,0.000000,0.006395,0.037578,0.000000],[0.907351,0.049562,0.000000,0.006271,0.036816,0.000000],[0.084909,0.050311,0.000000,0.006894,0.857887,0.000000],[0.942994,0.025998,0.000000,0.003411,0.027597,0.000000],[0.942906,0.026096,0.000000,0.003409,0.027589,0.000000],[0.907106,0.050391,0.000000,0.006254,0.036249,0.000000],[0.087156,0.052953,0.000000,0.007220,0.852671,0.000000],[0.905306,0.050455,0.000000,0.006448,0.037791,0.000000],[0.896161,0.053159,0.000000,0.007183,0.043497,0.000000],[0.846754,0.072192,0.000000,0.011827,0.069227,0.000000],[0.839121,0.079444,0.000000,0.012191,0.069244,0.000000],[0.151247,0.083538,0.000000,0.013070,0.752145,0.000000],[0.072106,0.027196,0.025031,0.006123,0.869544,0.000000],[1.000000,0.000000,0.000000,0.000000,0.000000,0.000000]],
  [[1.000000,0.000000,0.000000,0.000000,0.000000,0.000000],[0.975555,0.005594,0.004506,0.001185,0.013159,0.000000],[0.973142,0.009286,0.000000,0.001394,0.016177,0.000000],[0.966768,0.012741,0.000000,0.001816,0.018675,0.000000],[0.957527,0.017246,0.000000,0.002360,0.022867,0.000000],[0.066072,0.027769,0.000000,0.003871,0.902288,0.000000],[0.909541,0.026146,0.024254,0.005940,0.034118,0.000000],[1.000000,0.000000,0.000000,0.000000,0.000000,0.000000],[0.793791,0.045854,0.068200,0.014255,0.077900,0.000000],[0.610398,0.098314,0.000000,0.024742,0.266546,0.000000],[0.829541,0.072415,0.000000,0.014097,0.083946,0.000000],[0.903066,0.041740,0.009326,0.006264,0.039604,0.000000],[0.919260,0.025243,0.017289,0.005404,0.032804,0.000000],[0.917972,0.024808,0.022151,0.005277,0.029792,0.000000],[0.922063,0.024220,0.017551,0.005168,0.030998,0.000000],[0.947240,0.019972,0.005075,0.002869,0.024843,0.000000],[0.906292,0.049214,0.000000,0.006411,0.038083,0.000000],[0.839920,0.075069,0.000000,0.012474,0.072536,0.000000],[0.604032,0.104402,0.000000,0.022820,0.268747,0.000000],[0.165488,0.087889,0.000000,0.014979,0.731644,0.000000],[0.106393,0.062253,0.000000,0.008816,0.822538,0.000000],[0.892120,0.055628,0.000000,0.007500,0.044753,0.000000],[0.844407,0.077187,0.000000,0.011652,0.066754,0.000000],[0.607838,0.104192,0.000000,0.021770,0.266200,0.000000],[0.839750,0.079218,0.000000,0.012130,0.068902,0.000000],[0.905183,0.050469,0.000000,0.006450,0.037898,0.000000],[0.068169,0.029478,0.000000,0.004079,0.898275,0.000000],[0.941834,0.026531,0.000000,0.003487,0.028147,0.000000],[0.942131,0.026415,0.000000,0.003467,0.027988,0.000000],[0.942400,0.026307,0.000000,0.003448,0.027845,0.000000],[0.067543,0.029528,0.000000,0.004031,0.898898,0.000000],[0.086660,0.052936,0.000000,0.007217,0.853188,0.000000],[0.837813,0.082541,0.000000,0.011994,0.067652,0.000000],[0.155805,0.085579,0.000000,0.013624,0.744991,0.000000],[0.841571,0.074583,0.000000,0.012355,0.071490,0.000000],[0.894508,0.053166,0.000000,0.007262,0.045065,0.000000],[0.907192,0.048055,0.000000,0.006334,0.038419,0.000000],[0.909081,0.048060,0.000000,0.006175,0.036684,0.000000],[0.918243,0.024273,0.023030,0.005121,0.029333,0.000000],[1.000000,0.000000,0.000000,0.000000,0.000000,0.000000]],
