[
  [[1.000000,0.000000,0.000000,0.000000,0.000000,0.000000],[1.000000,0.000000,0.000000,0.000000,0.000000,0.000000],[1.000000,0.000000,0.000000,0.000000,0.000000,0.000000],[1.000000,0.000000,0.000000,0.000000,0.000000,0.000000],[1.000000,0.000000,0.000000,0.000000,0.000000,0.000000],[1.000000,0.000000,0.000000,0.000000,0.000000,0.000000],[1.000000,0.000000,0.000000,0.000000,0.000000,0.000000],[1.000000,0.000000,0.000000,0.000000,0.000000,0.000000],[1.000000,0.000000,0.000000,0.000000,0.000000,0.000000],[1.000000,0.000000,0.000000,0.000000,0.000000,0.000000],[1.000000,0.000000,0.000000,0.000000,0.000000,0.000000],[1.000000,0.000000,0.000000,0.000000,0.000000,0.000000],[1.000000,0.000000,0.000000,0.000000,0.000000,0.000000],[1.000000,0.000000,0.000000,0.000000,0.000000,0.000000],[1.000000,0.000000,0.000000,0.000000,0.000000,0.000000],[1.000000,0.000000,0.000000,0.000000,0.000000,0.000000],[1.000000,0.000000,0.000000,0.000000,0.000000,0.000000],[1.000000,0.000000,0.000000,0.000000,0.000000,0.000000],[1.000000,0.000000,0.000000,0.000000,0.000000,0.000000],[1.000000,0.000000,0.000000,0.000000,0.000000,0.000000],[1.000000,0.000000,0.000000,0.000000,0.000000,0.000000],[1.000000,0.000000,0.000000,0.000000,0.000000,0.000000],[1.000000,0.000000,0.000000,0.000000,0.000000,0.000000],[1.000000,0.000000,0.000000,0.000000,0.000000,0.000000],[1.000000,0.000000,0.000000,0.000000,0.000000,0.000000],[1.000000,0.000000,0.000000,0.000000,0.000000,0.000000],[1.000000,0.000000,0.000000,0.000000,0.000000,0.000000],[1.000000,0.000000,0.000000,0.000000,0.000000,0.000000],[1.000000,0.000000,0.000000,0.000000,0.000000,0.000000],[1.000000,0.000000,0.000000,0.000000,0.000000,0.000000],[1.000000,0.000000,0.000000,0.000000,0.000000,0.000000],[1.000000,0.000000,0.000000,0.000000,0.000000,0.000000],[1.000000,0.000000,0.000000,0.000000,0.000000,0.000000],[1.000000,0.000000,0.000000,0.000000,0.000000,0.000000],[1.000000,0.000000,0.000000,0.000000,0.000000,0.000000],[1.000000,0.000000,0.000000,0.000000,0.000000,0.000000],[1.000000,0.000000,0.000000,0.000000,0.000000,0.000000],[1.000000,0.000000,0.000000,0.000000,0.000000,0.000000],[1.000000,0.000000,0.000000,0.000000,0.000000,0.000000],[1.000000,0.000000,0.000000,0.000000,0.000000,0.000000]],
  [[1.000000,0.000000,0.000000,0.000000,0.000000,0.000000],[0.040035,0.008224,0.006752,0.001845,0.943143,0.000000],[0.963304,0.008865,0.008051,0.001812,0.017969,0.000000],[0.042922,0.010007,0.008673,0.002090,0.936308,0.000000],[0.950695,0.013236,0.011351,0.002668,0.022051,0.000000],[0.917187,0.024618,0.023208,0.005199,0.029787,0.000000],[0.134873,0.038100,0.069418,0.012096,0.745513,0.000000],[0.829222,0.037224,0.066487,0.010958,0.056110,0.000000],[0.139026,0.040210,0.075280,0.012544,0.732940,0.000000],[0.915975,0.024945,0.023553,0.005233,0.030295,0.000000],[0.053030,0.014518,0.011378,0.003087,0.917988,0.000000],[0.950789,0.013194,0.011339,0.002659,0.022019,0.000000],[0.052889,0.014548,0.011604,0.003055,0.917903,0.000000],[0.949667,0.013520,0.011508,0.002727,0.022578,0.000000],[0.916999,0.025107,0.022313,0.005342,0.030240,0.000000],[0.835042,0.034564,0.063813,0.010599,0.055982,0.000000],[0.138443,0.039082,0.070381,0.012410,0.739684,0.000000],[0.834293,0.035006,0.059406,0.011149,0.060146,0.000000],[0.082706,0.030069,0.025083,0.006801,0.855340,0.000000],[0.917854,0.024812,0.022171,0.005273,0.029890,0.000000],[0.919381,0.024481,0.021081,0.005246,0.029812,0.000000],[0.919435,0.024367,0.021898,0.005169,0.029131,0.000000],[0.917995,0.024359,0.023071,0.005141,0.029434,0.000000],[0.916664,0.024768,0.023433,0.005190,0.029945,0.000000],[0.071943,0.026543,0.024068,0.005981,0.871466,0.000000],[0.070568,0.026217,0.023825,0.005898,0.873493,0.000000],[0.070005,0.026563,0.024629,0.005968,0.872835,0.000000],[0.951494,0.012872,0.010956,0.002677,0.022002,0.000000],[0.963039,0.008928,0.008094,0.001827,0.018113,0.000000],[0.052172,0.014218,0.011470,0.002985,0.919155,0.000000],[0.951265,0.013040,0.011267,0.002628,0.021801,0.000000],[0.951460,0.012874,0.010962,0.002677,0.022027,0.000000],[0.951029,0.013117,0.011302,0.002643,0.021909,0.000000],[0.052585,0.014384,0.011544,0.003021,0.918467,0.000000],[0.951144,0.013081,0.011285,0.002636,0.021854,0.000000],[0.951190,0.013048,0.011418,0.002549,0.021794,0.000000],[0.042391,0.009897,0.008677,0.002048,0.936987,0.000000],[0.970996,0.006877,0.005819,0.001415,0.014894,0.000000],[0.973270,0.006117,0.004880,0.001329,0.014404,0.000000],[1.000000,0.000000,0.000000,0.000000,0.000000,0.000000]],
  [[1.000000,0.000000,0.000000,0.000000,0.000000,0.000000],[0.963301,0.008864,0.008051,0.001812,0.017972,0.000000],[0.944578,0.025439,0.000000,0.003287,0.026696,0.000000],[0.943412,0.026319,0.000000,0.003358,0.026911,0.000000],[0.068324,0.030234,0.000000,0.004093,0.897349,0.000000],[0.904536,0.051488,0.000000,0.006462,0.037513,0.000000],[0.837178,0.081029,0.000000,0.012394,0.069399,0.000000],[0.599233,0.118370,0.000000,0.022504,0.259893,0.000000],[0.155510,0.086617,0.000000,0.013888,0.743986,0.000000],[0.903864,0.051680,0.000000,0.006502,0.037955,0.000000],[0.911021,0.046590,0.000000,0.006036,0.036354,0.000000],[0.910066,0.047683,0.000000,0.006098,0.036153,0.000000],[0.906849,0.049802,0.000000,0.006313,0.037036,0.000000],[0.099180,0.059274,0.000000,0.008154,0.833393,0.000000],[0.885415,0.056109,0.000000,0.008021,0.050455,0.000000],[0.835123,0.076794,0.000000,0.012910,0.075173,0.000000],[0.613921,0.097299,0.000000,0.022054,0.266726,0.000000],[0.841576,0.070984,0.000000,0.012595,0.074844,0.000000],[0.844321,0.073108,0.000000,0.012052,0.070519,0.000000],[0.841043,0.078782,0.000000,0.012008,0.068167,0.000000],[0.845661,0.076760,0.000000,0.011550,0.066030,0.000000],[0.908829,0.048165,0.000000,0.006197,0.036809,0.000000],[0.087855,0.051576,0.000000,0.007146,0.853423,0.000000],[0.149615,0.083040,0.000000,0.012939,0.754406,0.000000],[0.838212,0.082307,0.000000,0.011916,0.067565,0.000000],[0.147889,0.087094,0.000000,0.013288,0.751729,0.000000],[0.906601,0.050572,0.000000,0.006283,0.036544,0.000000],[0.943771,0.025518,0.000000,0.003368,0.027343,0.000000],[0.957650,0.017098,0.000000,0.002353,0.022899,0.000000],[0.065760,0.027593,0.000000,0.003838,0.902808,0.000000],[0.911667,0.046988,0.000000,0.005961,0.035384,0.000000],[0.911321,0.046400,0.000000,0.005997,0.036282,0.000000],[0.087063,0.051047,0.000000,0.007029,0.854862,0.000000],[0.910357,0.047537,0.000000,0.006069,0.036037,0.000000],[0.911451,0.047090,0.000000,0.005981,0.035479,0.000000],[0.066202,0.028438,0.000000,0.003874,0.901487,0.000000],[0.052926,0.019062,0.000000,0.002705,0.925307,0.000000],[0.958845,0.016932,0.000000,0.002254,0.021969,0.000000],[0.963725,0.008732,0.007985,0.001785,0.017774,0.000000],[1.000000,0.000000,0.000000,0.000000,0.000000,0.000000]],
  [[1.000000,0.000000,0.000000,0.000000,0.000000,0.000000],[0.962312,0.009118,0.008497,0.001788,0.018285,0.000000],[0.066706,0.029102,0.000000,0.003943,0.900249,0.000000],[0.084670,0.051842,0.000000,0.007012,0.856476,0.000000],[0.086979,0.053088,0.000000,0.007247,0.852685,0.000000],[0.100353,0.059782,0.000000,0.008263,0.831602,0.000000],[0.841054,0.074808,0.000000,0.012408,0.071731,0.000000],[0.158333,0.081220,0.000000,0.013871,0.746576,0.000000],[0.154026,0.084765,0.000000,0.013417,0.747792,0.000000],[0.906627,0.049078,0.000000,0.006387,0.037907,0.000000],[0.911983,0.044916,0.000000,0.005984,0.037116,0.000000],[0.847896,0.075897,0.000000,0.011320,0.064888,0.000000],[0.839719,0.079285,0.000000,0.012149,0.068847,0.000000],[0.156123,0.078772,0.000000,0.013527,0.751579,0.000000],[0.836386,0.073369,0.000000,0.013119,0.077126,0.000000],[0.219454,0.099593,0.000000,0.016968,0.663985,0.000000],[0.788039,0.099230,0.000000,0.015488,0.097242,0.000000],[0.840927,0.070590,0.000000,0.012632,0.075851,0.000000],[0.841418,0.074082,0.000000,0.012318,0.072182,0.000000],[0.606362,0.104746,0.000000,0.021885,0.267006,0.000000],[0.153223,0.083948,0.000000,0.013183,0.749646,0.000000],[0.905777,0.050212,0.000000,0.006399,0.037612,0.000000],[0.905645,0.050259,0.000000,0.006408,0.037687,0.000000],[0.840380,0.078979,0.000000,0.012067,0.068574,0.000000],[0.606402,0.104632,0.000000,0.021845,0.267121,0.000000],[0.839930,0.079167,0.000000,0.012115,0.068788,0.000000],[0.088752,0.051773,0.000000,0.007192,0.852283,0.000000],[0.943477,0.025155,0.000000,0.003381,0.027987,0.000000],[0.943856,0.025443,0.000000,0.003357,0.027344,0.000000],[0.943612,0.025530,0.000000,0.003372,0.027487,0.000000],[0.910051,0.047609,0.000000,0.006087,0.036254,0.000000],[0.846026,0.076564,0.000000,0.011502,0.065908,0.000000],[0.841841,0.078384,0.000000,0.011913,0.067862,0.000000],[0.842128,0.079008,0.000000,0.011882,0.066982,0.000000],[0.908113,0.049189,0.000000,0.006195,0.036503,0.000000],[0.946134,0.023796,0.000000,0.003197,0.026872,0.000000],[0.948549,0.022322,0.000000,0.002970,0.026159,0.000000],[0.062179,0.024005,0.000000,0.003434,0.910381,0.000000],[0.052991,0.012722,0.009866,0.002796,0.921625,0.000000],[1.000000,0.000000,0.000000,0.000000,0.000000,0.000000]],
  [[1.000000,0.000000,0.000000,0.000000,0.000000,0.000000],[0.042063,0.009891,0.008695,0.002034,0.937317,0.000000],[0.067554,0.029803,0.000000,0.004012,0.898632,0.000000],[0.906585,0.050500,0.000000,0.006276,0.036640,0.000000],[0.840591,0.079750,0.000000,0.012075,0.067585,0.000000],[0.839686,0.075957,0.000000,0.012555,0.071801,0.000000],[0.837832,0.076697,0.000000,0.012755,0.072717,0.000000],[0.887917,0.057891,0.000000,0.007774,0.046419,0.000000],[0.903580,0.051228,0.000000,0.006606,0.038586,0.000000],[0.907456,0.048783,0.000000,0.006328,0.037433,0.000000],[0.907601,0.047913,0.000000,0.006307,0.038180,0.000000],[0.841744,0.078176,0.000000,0.011921,0.068159,0.000000],[0.605681,0.105419,0.000000,0.022124,0.266775,0.000000],[0.838416,0.075272,0.000000,0.012629,0.073682,0.000000],[0.835982,0.072876,0.000000,0.013117,0.078025,0.000000],[0.612862,0.097808,0.000000,0.022266,0.267065,0.000000],[0.166783,0.081697,0.000000,0.014293,0.737227,0.000000],[0.886425,0.054482,0.000000,0.007884,0.051210,0.000000],[0.843150,0.073923,0.000000,0.012173,0.070754,0.000000],[0.154209,0.084412,0.000000,0.013302,0.748077,0.000000],[0.839173,0.081861,0.000000,0.011818,0.067149,0.000000],[0.087974,0.051589,0.000000,0.007157,0.853280,0.000000],[0.908977,0.047379,0.000000,0.006197,0.037447,0.000000],[0.847130,0.071961,0.000000,0.011767,0.069142,0.000000],[0.843968,0.073070,0.000000,0.012051,0.070911,0.000000],[0.843003,0.073860,0.000000,0.012152,0.070986,0.000000],[0.897429,0.052594,0.000000,0.007066,0.042910,0.000000],[0.910086,0.047629,0.000000,0.006094,0.036191,0.000000],[0.943613,0.025544,0.000000,0.003375,0.027468,0.000000],[0.066884,0.027101,0.000000,0.003891,0.902124,0.000000],[0.908870,0.048068,0.000000,0.006179,0.036883,0.000000],[0.843429,0.077495,0.000000,0.011742,0.067333,0.000000],[0.606700,0.104338,0.000000,0.021742,0.267221,0.000000],[0.152809,0.084001,0.000000,0.013192,0.749998,0.000000],[0.085501,0.048885,0.000000,0.006880,0.858734,0.000000],[0.924190,0.035884,0.000000,0.005107,0.034819,0.000000],[0.000000,0.000000,0.000000,0.000000,0.000000,1.000000],[0.000000,0.000000,0.000000,0.000000,0.000000,1.000000],[0.921535,0.023690,0.020394,0.004733,0.029647,0.000000],[1.000000,0.000000,0.000000,0.000000,0.000000,0.000000]],
  [[1.000000,0.000000,0.000000,0.000000,0.000000,0.000000],[0.962323,0.009127,0.008493,0.001789,0.018268,0.000000],[0.066744,0.028803,0.000000,0.003944,0.900509,0.000000],[0.908586,0.048298,0.000000,0.006224,0.036892,0.000000],[0.841715,0.078203,0.000000,0.011930,0.068152,0.000000],[0.614551,0.095559,0.000000,0.021471,0.268419,0.000000],[0.161698,0.082526,0.000000,0.014214,0.741563,0.000000],[0.886739,0.058363,0.000000,0.007864,0.047034,0.000000],[0.090098,0.054136,0.000000,0.007494,0.848271,0.000000],[0.907272,0.048886,0.000000,0.006349,0.037492,0.000000],[0.896479,0.052385,0.000000,0.007106,0.044030,0.000000],[0.155342,0.078141,0.000000,0.013363,0.753154,0.000000],[0.837559,0.075992,0.000000,0.012711,0.073738,0.000000],[0.840892,0.071249,0.000000,0.012684,0.075175,0.000000],[0.844143,0.069559,0.000000,0.012361,0.073937,0.000000],[0.834872,0.081878,0.000000,0.012620,0.070631,0.000000],[0.839608,0.079402,0.000000,0.012183,0.068806,0.000000],[0.896165,0.053136,0.000000,0.007180,0.043518,0.000000],[0.907343,0.048756,0.000000,0.006319,0.037581,0.000000],[0.088653,0.051743,0.000000,0.007186,0.852418,0.000000],[0.905954,0.050781,0.000000,0.006329,0.036935,0.000000],[0.909992,0.047692,0.000000,0.006106,0.036210,0.000000],[0.909570,0.047844,0.000000,0.006136,0.036450,0.000000],[0.897062,0.052035,0.000000,0.007031,0.043872,0.000000],[0.154172,0.075496,0.000000,0.013092,0.757240,0.000000],[0.843856,0.073104,0.000000,0.012059,0.070981,0.000000],[0.847712,0.071771,0.000000,0.011713,0.068805,0.000000],[0.087088,0.049576,0.000000,0.007019,0.856317,0.000000],[0.943157,0.025896,0.000000,0.003392,0.027555,0.000000],[0.943290,0.025676,0.000000,0.003398,0.027636,0.000000],[0.906279,0.050627,0.000000,0.006297,0.036797,0.000000],[0.152442,0.081471,0.000000,0.012789,0.753299,0.000000],[0.835700,0.083182,0.000000,0.012150,0.068968,0.000000],[0.840666,0.078708,0.000000,0.011781,0.068845,0.000000],[0.098546,0.056078,0.000000,0.007637,0.837739,0.000000],[0.000000,0.000000,0.000000,0.000000,0.000000,1.000000],[0.000000,0.000000,0.000000,0.000000,0.000000,1.000000],[0.202361,0.061257,0.000000,0.011941,0.724442,0.000000],[0.865326,0.029593,0.045447,0.008429,0.051205,0.000000],[1.000000,0.000000,0.000000,0.000000,0.000000,0.000000]],
  [[1.000000,0.000000,0.000000,0.000000,0.000000,0.000000],[0.964837,0.008274,0.007419,0.001711,0.017759,0.000000],[0.948596,0.019759,0.004950,0.002760,0.023935,0.000000],[0.909545,0.047908,0.000000,0.006145,0.036401,0.000000],[0.843634,0.077508,0.000000,0.011753,0.067105,0.000000],[0.159543,0.079446,0.000000,0.013699,0.747312,0.000000],[0.792568,0.098835,0.000000,0.014912,0.093685,0.000000],[0.160255,0.083465,0.000000,0.014295,0.741985,0.000000],[0.152405,0.084520,0.000000,0.013355,0.749720,0.000000],[0.904858,0.050726,0.000000,0.006505,0.037911,0.000000],[0.895833,0.053378,0.000000,0.007231,0.043558,0.000000],[0.839475,0.076036,0.000000,0.012581,0.071908,0.000000],[0.161702,0.080537,0.000000,0.013990,0.743771,0.000000],[0.842948,0.070554,0.000000,0.012505,0.073993,0.000000],[0.109517,0.057946,0.000000,0.008673,0.823864,0.000000],[0.906702,0.049105,0.000000,0.006387,0.037806,0.000000],[0.087372,0.049888,0.000000,0.007087,0.855653,0.000000],[0.910704,0.046685,0.000000,0.006060,0.036551,0.000000],[0.942777,0.025871,0.000000,0.003434,0.027918,0.000000],[0.943216,0.025711,0.000000,0.003405,0.027669,0.000000],[0.943231,0.025870,0.000000,0.003387,0.027512,0.000000],[0.066728,0.027034,0.000000,0.003879,0.902360,0.000000],[0.943508,0.025126,0.000000,0.003375,0.027991,0.000000],[0.908878,0.047331,0.000000,0.006187,0.037604,0.000000],[0.840003,0.079020,0.000000,0.012078,0.068899,0.000000],[0.604487,0.107815,0.000000,0.022190,0.265509,0.000000],[0.838947,0.080103,0.000000,0.012160,0.068790,0.000000],[0.908482,0.048221,0.000000,0.006210,0.037088,0.000000],[0.943361,0.025641,0.000000,0.003392,0.027607,0.000000],[0.066048,0.027731,0.000000,0.003871,0.902350,0.000000],[0.907049,0.050326,0.000000,0.006240,0.036384,0.000000],[0.097659,0.058405,0.000000,0.007984,0.835953,0.000000],[0.892375,0.055428,0.000000,0.007453,0.044744,0.000000],[0.112340,0.061207,0.000000,0.008904,0.817549,0.000000],[0.158083,0.072161,0.000000,0.013467,0.756289,0.000000],[0.844715,0.064256,0.000000,0.010631,0.080399,0.000000],[0.000000,0.000000,0.000000,0.000000,0.000000,1.000000],[0.629039,0.078682,0.000000,0.018548,0.273731,0.000000],[0.837614,0.033645,0.063269,0.010324,0.055148,0.000000],[1.000000,0.000000,0.000000,0.000000,0.000000,0.000000]],
  [[1.000000,0.000000,0.000000,0.000000,0.000000,0.000000],[1.000000,0.000000,0.000000,0.000000,0.000000,0.000000],[0.055011,0.015760,0.009641,0.003211,0.916377,0.000000],[0.911602,0.046350,0.000000,0.005989,0.036060,0.000000],[0.907651,0.048638,0.000000,0.006298,0.037413,0.000000],[0.893300,0.054299,0.000000,0.007408,0.044993,0.000000],[0.835953,0.077304,0.000000,0.012904,0.073839,0.000000],[0.613953,0.096143,0.000000,0.021680,0.268224,0.000000],[0.835285,0.081768,0.000000,0.012599,0.070347,0.000000],[0.903343,0.051372,0.000000,0.006633,0.038652,0.000000],[0.090187,0.053105,0.000000,0.007478,0.849230,0.000000],[0.834310,0.082160,0.000000,0.012700,0.070830,0.000000],[0.602634,0.109843,0.000000,0.022914,0.264609,0.000000],[0.832273,0.084574,0.000000,0.012513,0.070640,0.000000],[0.904016,0.051019,0.000000,0.006561,0.038404,0.000000],[0.941722,0.026564,0.000000,0.003493,0.028221,0.000000],[0.942985,0.025994,0.000000,0.003410,0.027611,0.000000],[0.943663,0.025529,0.000000,0.003372,0.027435,0.000000],[0.944466,0.024769,0.000000,0.003311,0.027455,0.000000],[0.052506,0.018272,0.000000,0.002680,0.926542,0.000000],[0.957142,0.017390,0.000000,0.002386,0.023082,0.000000],[0.957243,0.017214,0.000000,0.002376,0.023166,0.000000],[0.944113,0.024891,0.000000,0.003333,0.027663,0.000000],[0.913337,0.044313,0.000000,0.005861,0.036489,0.000000],[0.844841,0.076988,0.000000,0.011614,0.066557,0.000000],[0.156196,0.082405,0.000000,0.013024,0.748375,0.000000],[0.153339,0.081497,0.000000,0.012793,0.752371,0.000000],[0.910062,0.046872,0.000000,0.006096,0.036970,0.000000],[0.944080,0.024909,0.000000,0.003336,0.027676,0.000000],[0.943811,0.025461,0.000000,0.003360,0.027368,0.000000],[0.066806,0.028733,0.000000,0.003937,0.900524,0.000000],[0.908612,0.048282,0.000000,0.006223,0.036883,0.000000],[0.841096,0.078869,0.000000,0.012043,0.067991,0.000000],[0.838575,0.075501,0.000000,0.012576,0.073348,0.000000],[0.794061,0.096894,0.000000,0.014869,0.094176,0.000000],[0.626609,0.078555,0.000000,0.019942,0.274894,0.000000],[0.215254,0.087850,0.000000,0.015265,0.681631,0.000000],[0.847474,0.070579,0.000000,0.011439,0.070508,0.000000],[0.844912,0.032672,0.058579,0.009858,0.053979,0.000000],[1.000000,0.000000,0.000000,0.000000,0.000000,0.000000]],
  [[1.000000,0.000000,0.000000,0.000000,0.000000,0.000000],[1.000000,0.000000,0.000000,0.000000,0.000000,0.000000],[0.951385,0.013025,0.011246,0.002623,0.021720,0.000000],[0.943909,0.025481,0.000000,0.003360,0.027250,0.000000],[0.942127,0.026164,0.000000,0.003487,0.028222,0.000000],[0.098745,0.059043,0.000000,0.008118,0.834094,0.000000],[0.839419,0.076063,0.000000,0.012581,0.071937,0.000000],[0.839485,0.074899,0.000000,0.012534,0.073081,0.000000],[0.840934,0.074921,0.000000,0.012436,0.071708,0.000000],[0.099770,0.060030,0.000000,0.008350,0.831850,0.000000],[0.889372,0.058124,0.000000,0.007603,0.044901,0.000000],[0.836549,0.078496,0.000000,0.012578,0.072377,0.000000],[0.161753,0.082610,0.000000,0.014234,0.741403,0.000000],[0.155564,0.080487,0.000000,0.013681,0.750269,0.000000],[0.894665,0.054532,0.000000,0.007280,0.043523,0.000000],[0.067174,0.029005,0.000000,0.003990,0.899831,0.000000],[0.052759,0.018744,0.000000,0.002716,0.925781,0.000000],[0.957181,0.017247,0.000000,0.002383,0.023189,0.000000],[0.943978,0.025394,0.000000,0.003348,0.027281,0.000000],[0.943830,0.025450,0.000000,0.003357,0.027364,0.000000],[0.065883,0.027612,0.000000,0.003848,0.902657,0.000000],[0.944079,0.024912,0.000000,0.003337,0.027672,0.000000],[0.944905,0.024050,0.000000,0.003268,0.027778,0.000000],[0.913851,0.044135,0.000000,0.005827,0.036187,0.000000],[0.908648,0.048209,0.000000,0.006210,0.036933,0.000000],[0.904773,0.051241,0.000000,0.006419,0.037566,0.000000],[0.905639,0.050874,0.000000,0.006348,0.037139,0.000000],[0.910328,0.047490,0.000000,0.006067,0.036115,0.000000],[0.945494,0.023816,0.000000,0.003225,0.027465,0.000000],[0.958172,0.016717,0.000000,0.002326,0.022785,0.000000],[0.943792,0.025025,0.000000,0.003357,0.027826,0.000000],[0.909171,0.047273,0.000000,0.006174,0.037382,0.000000],[0.844155,0.077245,0.000000,0.011666,0.066933,0.000000],[0.618111,0.090633,0.000000,0.020913,0.270343,0.000000],[0.796168,0.094465,0.000000,0.014868,0.094499,0.000000],[0.839182,0.070802,0.000000,0.012679,0.077338,0.000000],[0.842082,0.073536,0.000000,0.012176,0.072206,0.000000],[0.895723,0.052394,0.000000,0.007096,0.044786,0.000000],[0.919029,0.024532,0.021147,0.005259,0.030032,0.000000],[1.000000,0.000000,0.000000,0.000000,0.000000,0.000000]],
  [[1.000000,0.000000,0.000000,0.000000,0.000000,0.000000],[1.000000,0.000000,0.000000,0.000000,0.000000,0.000000],[0.041411,0.008795,0.007584,0.001964,0.940245,0.000000],[0.961313,0.012802,0.004370,0.001957,0.019557,0.000000],[0.942840,0.025920,0.000000,0.003443,0.027797,0.000000],[0.097820,0.058577,0.000000,0.008020,0.835583,0.000000],[0.153538,0.079655,0.000000,0.013453,0.753353,0.000000],[0.842365,0.070076,0.000000,0.012494,0.075066,0.000000],[0.842173,0.070845,0.000000,0.012576,0.074406,0.000000],[0.111439,0.061405,0.000000,0.008958,0.818198,0.000000],[0.110759,0.061581,0.000000,0.008963,0.818697,0.000000],[0.157396,0.076734,0.000000,0.014008,0.751863,0.000000],[0.835595,0.077488,0.000000,0.012957,0.073960,0.000000],[0.840272,0.075735,0.000000,0.012503,0.071491,0.000000],[0.098051,0.058548,0.000000,0.008037,0.835365,0.000000],[0.942430,0.026671,0.000000,0.003423,0.027476,0.000000],[0.955917,0.018457,0.000000,0.002426,0.023200,0.000000],[0.053071,0.019154,0.000000,0.002730,0.925045,0.000000],[0.943558,0.025745,0.000000,0.003365,0.027332,0.000000],[0.909405,0.048711,0.000000,0.006101,0.035783,0.000000],[0.909660,0.047781,0.000000,0.006122,0.036438,0.000000],[0.909510,0.047099,0.000000,0.006138,0.037252,0.000000],[0.909582,0.047108,0.000000,0.006143,0.037168,0.000000],[0.909065,0.048102,0.000000,0.006189,0.036644,0.000000],[0.941489,0.026660,0.000000,0.003510,0.028341,0.000000],[0.067761,0.029632,0.000000,0.004048,0.898559,0.000000],[0.067223,0.028984,0.000000,0.003985,0.899808,0.000000],[0.943582,0.025107,0.000000,0.003372,0.027939,0.000000],[0.945134,0.023945,0.000000,0.003248,0.027672,0.000000],[0.945278,0.023899,0.000000,0.003240,0.027584,0.000000],[0.944374,0.024237,0.000000,0.003301,0.028087,0.000000],[0.897932,0.051694,0.000000,0.006965,0.043409,0.000000],[0.844891,0.072795,0.000000,0.011984,0.070331,0.000000],[0.842161,0.070027,0.000000,0.012476,0.075336,0.000000],[0.841238,0.067226,0.000000,0.012596,0.078940,0.000000],[0.879730,0.055347,0.000000,0.008368,0.056554,0.000000],[0.893457,0.053487,0.000000,0.007321,0.045736,0.000000],[0.899018,0.050737,0.000000,0.006842,0.043403,0.000000],[0.919629,0.024377,0.021043,0.005224,0.029726,0.000000],[1.000000,0.000000,0.000000,0.000000,0.000000,0.000000]],
  [[1.000000,0.000000,0.000000,0.000000,0.000000,0.000000],[1.000000,0.000000,0.000000,0.000000,0.000000,0.000000],[1.000000,0.000000,0.000000,0.000000,0.000000,0.000000],[0.960416,0.009979,0.008049,0.002020,0.019536,0.000000],[0.948005,0.019758,0.004965,0.002825,0.024447,0.000000],[0.907934,0.048593,0.000000,0.006284,0.037189,0.000000],[0.838926,0.079649,0.000000,0.012241,0.069184,0.000000],[0.615356,0.094691,0.000000,0.021306,0.268648,0.000000],[0.794591,0.095938,0.000000,0.015021,0.094450,0.000000],[0.836595,0.076423,0.000000,0.012821,0.074161,0.000000],[0.836963,0.077153,0.000000,0.012867,0.073016,0.000000],[0.838256,0.075988,0.000000,0.012711,0.073046,0.000000],[0.606760,0.105773,0.000000,0.022323,0.265144,0.000000],[0.841533,0.078432,0.000000,0.011983,0.068053,0.000000],[0.907903,0.048591,0.000000,0.006283,0.037223,0.000000],[0.066790,0.028780,0.000000,0.003948,0.900482,0.000000],[0.052745,0.018731,0.000000,0.002713,0.925810,0.000000],[0.956774,0.017550,0.000000,0.002416,0.023260,0.000000],[0.066638,0.028694,0.000000,0.003931,0.900738,0.000000],[0.086439,0.050952,0.000000,0.007023,0.855586,0.000000],[0.844486,0.077180,0.000000,0.011663,0.066671,0.000000],[0.847868,0.071557,0.000000,0.011701,0.068874,0.000000],[0.844654,0.072905,0.000000,0.012009,0.070431,0.000000],[0.102380,0.059103,0.000000,0.008291,0.830225,0.000000],[0.087290,0.053177,0.000000,0.007283,0.852250,0.000000],[0.086190,0.053426,0.000000,0.007037,0.853347,0.000000],[0.942519,0.026651,0.000000,0.003419,0.027411,0.000000],[0.910659,0.047401,0.000000,0.006048,0.035892,0.000000],[0.910533,0.046655,0.000000,0.006053,0.036759,0.000000],[0.909795,0.046948,0.000000,0.006110,0.037147,0.000000],[0.909196,0.047219,0.000000,0.006166,0.037419,0.000000],[0.892451,0.052043,0.000000,0.007396,0.048110,0.000000],[0.153289,0.075495,0.000000,0.013100,0.758117,0.000000],[0.840088,0.074549,0.000000,0.012437,0.072926,0.000000],[0.842908,0.069882,0.000000,0.012443,0.074767,0.000000],[0.155362,0.072491,0.000000,0.013519,0.758629,0.000000],[0.840712,0.078500,0.000000,0.012003,0.068784,0.000000],[0.848660,0.075596,0.000000,0.011233,0.064511,0.000000],[0.919632,0.024380,0.021041,0.005223,0.029723,0.000000],[1.000000,0.000000,0.000000,0.000000,0.000000,0.000000]],
  [[1.000000,0.000000,0.000000,0.000000,0.000000,0.000000],[0.977399,0.005019,0.004054,0.001046,0.012482,0.000000],[0.035189,0.007212,0.006039,0.001581,0.949979,0.000000],[1.000000,0.000000,0.000000,0.000000,0.000000,0.000000],[0.951043,0.012957,0.010671,0.002757,0.022572,0.000000],[0.918955,0.036607,0.007638,0.005118,0.031682,0.000000],[0.841724,0.078783,0.000000,0.012018,0.067475,0.000000],[0.839325,0.075391,0.000000,0.012546,0.072738,0.000000],[0.793980,0.097083,0.000000,0.014933,0.094004,0.000000],[0.615205,0.095100,0.000000,0.021448,0.268248,0.000000],[0.840773,0.074588,0.000000,0.012449,0.072190,0.000000],[0.852466,0.056686,0.019350,0.010447,0.061052,0.000000],[0.860937,0.055844,0.018034,0.009836,0.055348,0.000000],[0.864545,0.054815,0.017350,0.009543,0.053747,0.000000],[0.909878,0.047057,0.000000,0.006131,0.036934,0.000000],[0.942893,0.025827,0.000000,0.003425,0.027854,0.000000],[0.943176,0.025902,0.000000,0.003393,0.027528,0.000000],[0.943113,0.025989,0.000000,0.003390,0.027508,0.000000],[0.942315,0.026725,0.000000,0.003433,0.027528,0.000000],[0.905300,0.050995,0.000000,0.006373,0.037332,0.000000],[0.837478,0.080828,0.000000,0.012347,0.069346,0.000000],[0.613917,0.096444,0.000000,0.021779,0.267860,0.000000],[0.791282,0.097959,0.000000,0.015156,0.095603,0.000000],[0.834897,0.077516,0.000000,0.012955,0.074632,0.000000],[0.837900,0.082533,0.000000,0.011986,0.067581,0.000000],[0.086395,0.052770,0.000000,0.007181,0.853654,0.000000],[0.067332,0.029043,0.000000,0.003997,0.899629,0.000000],[0.910298,0.046821,0.000000,0.006085,0.036796,0.000000],[0.845516,0.076718,0.000000,0.011543,0.066223,0.000000],[0.152460,0.078834,0.000000,0.012680,0.756027,0.000000],[0.841863,0.078443,0.000000,0.011933,0.067761,0.000000],[0.895615,0.053348,0.000000,0.007219,0.043819,0.000000],[0.839266,0.079445,0.000000,0.012189,0.069100,0.000000],[0.607121,0.104931,0.000000,0.022030,0.265918,0.000000],[0.838744,0.075470,0.000000,0.012572,0.073214,0.000000],[0.839411,0.075197,0.000000,0.012500,0.072892,0.000000],[0.606538,0.104417,0.000000,0.021773,0.267273,0.000000],[0.847915,0.075823,0.000000,0.011288,0.064974,0.000000],[0.919359,0.024446,0.021088,0.005239,0.029869,0.000000],[1.000000,0.000000,0.000000,0.000000,0.000000,0.000000]],
  [[1.000000,0.000000,0.000000,0.000000,0.000000,0.000000],[0.975646,0.005624,0.004513,0.001166,0.013052,0.000000],[0.038169,0.008905,0.006615,0.001818,0.944493,0.000000],[1.000000,0.000000,0.000000,0.000000,0.000000,0.000000],[1.000000,0.000000,0.000000,0.000000,0.000000,0.000000],[0.920395,0.024996,0.018329,0.005279,0.031001,0.000000],[0.076112,0.043180,0.009453,0.006327,0.864928,0.000000],[0.101697,0.060489,0.000000,0.008420,0.829395,0.000000],[0.840589,0.075709,0.000000,0.012487,0.071215,0.000000],[0.156020,0.076676,0.000000,0.013412,0.753892,0.000000],[0.849300,0.058906,0.019683,0.010659,0.061453,0.000000],[0.907921,0.028277,0.019420,0.006224,0.038158,0.000000],[1.000000,0.000000,0.000000,0.000000,0.000000,0.000000],[0.919425,0.035113,0.007700,0.005122,0.032640,0.000000],[0.900547,0.050193,0.000000,0.006737,0.042522,0.000000],[0.913251,0.044347,0.000000,0.005868,0.036534,0.000000],[0.910116,0.046863,0.000000,0.006092,0.036929,0.000000],[0.086181,0.050798,0.000000,0.006992,0.856030,0.000000],[0.085181,0.051803,0.000000,0.007007,0.856008,0.000000],[0.087656,0.052862,0.000000,0.007225,0.852256,0.000000],[0.154871,0.082947,0.000000,0.013185,0.748997,0.000000],[0.830984,0.079011,0.000000,0.013354,0.076652,0.000000],[0.219596,0.099907,0.000000,0.017054,0.663442,0.000000],[0.612983,0.097632,0.000000,0.022209,0.267176,0.000000],[0.839933,0.078974,0.000000,0.012126,0.068967,0.000000],[0.907917,0.048576,0.000000,0.006281,0.037226,0.000000],[0.942392,0.026048,0.000000,0.003466,0.028094,0.000000],[0.908368,0.048282,0.000000,0.006223,0.037127,0.000000],[0.840820,0.078710,0.000000,0.011998,0.068472,0.000000],[0.606662,0.104391,0.000000,0.021757,0.267190,0.000000],[0.837912,0.080615,0.000000,0.012292,0.069180,0.000000],[0.101295,0.058803,0.000000,0.008233,0.831669,0.000000],[0.841604,0.078685,0.000000,0.011997,0.067714,0.000000],[0.841639,0.078300,0.000000,0.011952,0.068109,0.000000],[0.843154,0.073934,0.000000,0.012176,0.070736,0.000000],[0.153764,0.077493,0.000000,0.013182,0.755561,0.000000],[0.842778,0.077709,0.000000,0.011798,0.067715,0.000000],[0.847024,0.076230,0.000000,0.011408,0.065338,0.000000],[0.919424,0.024335,0.021903,0.005161,0.029176,0.000000],[1.000000,0.000000,0.000000,0.000000,0.000000,0.000000]],
  [[1.000000,0.000000,0.000000,0.000000,0.000000,0.000000],[0.971037,0.006863,0.005735,0.001441,0.014923,0.000000],[0.969142,0.009293,0.003847,0.001522,0.016196,0.000000],[0.960283,0.010009,0.008070,0.002028,0.019609,0.000000],[0.950752,0.013132,0.011065,0.002732,0.022319,0.000000],[1.000000,0.000000,0.000000,0.000000,0.000000,0.000000],[0.057349,0.016573,0.011331,0.003325,0.911422,0.000000],[0.075205,0.042889,0.009294,0.006260,0.866351,0.000000],[0.905653,0.050472,0.000000,0.006449,0.037426,0.000000],[0.916958,0.037212,0.007939,0.005253,0.032638,0.000000],[0.918288,0.025586,0.018679,0.005418,0.032028,0.000000],[1.000000,0.000000,0.000000,0.000000,0.000000,0.000000],[0.946978,0.014685,0.010488,0.002995,0.024853,0.000000],[0.947807,0.019575,0.004879,0.002842,0.024897,0.000000],[0.910100,0.046880,0.000000,0.006097,0.036923,0.000000],[0.845955,0.076527,0.000000,0.011494,0.066024,0.000000],[0.842631,0.078051,0.000000,0.011826,0.067491,0.000000],[0.844273,0.077565,0.000000,0.011703,0.066458,0.000000],[0.906084,0.050778,0.000000,0.006327,0.036811,0.000000],[0.905415,0.051089,0.000000,0.006392,0.037104,0.000000],[0.891130,0.056538,0.000000,0.007504,0.044828,0.000000],[0.879119,0.059263,0.000000,0.008477,0.053142,0.000000],[0.169373,0.082200,0.000000,0.015140,0.733287,0.000000],[0.834382,0.074143,0.000000,0.013330,0.078145,0.000000],[0.843535,0.073428,0.000000,0.012157,0.070881,0.000000],[0.911502,0.045125,0.000000,0.006026,0.037347,0.000000],[0.943754,0.024503,0.000000,0.003350,0.028392,0.000000],[0.909159,0.047241,0.000000,0.006171,0.037430,0.000000],[0.150568,0.074371,0.000000,0.012800,0.762262,0.000000],[0.843697,0.073200,0.000000,0.012084,0.071019,0.000000],[0.842265,0.074228,0.000000,0.012247,0.071261,0.000000],[0.108445,0.058834,0.000000,0.008581,0.824140,0.000000],[0.894544,0.054595,0.000000,0.007291,0.043570,0.000000],[0.904945,0.050659,0.000000,0.006487,0.037909,0.000000],[0.098540,0.058840,0.000000,0.008097,0.834523,0.000000],[0.895513,0.054104,0.000000,0.007194,0.043189,0.000000],[0.909066,0.047264,0.000000,0.006174,0.037496,0.000000],[0.911434,0.046353,0.000000,0.005986,0.036228,0.000000],[0.070111,0.027023,0.023050,0.005846,0.873969,0.000000],[1.000000,0.000000,0.000000,0.000000,0.000000,0.000000]],
  [[1.000000,0.000000,0.000000,0.000000,0.000000,0.000000],[0.964196,0.008509,0.007556,0.001831,0.017908,0.000000],[0.960320,0.015746,0.000000,0.002195,0.021739,0.000000],[0.958249,0.016764,0.000000,0.002334,0.022653,0.000000],[0.057023,0.020792,0.005697,0.003229,0.913259,0.000000],[0.918325,0.025718,0.018658,0.005444,0.031856,0.000000],[1.000000,0.000000,0.000000,0.000000,0.000000,0.000000],[0.915090,0.025406,0.023552,0.005382,0.030570,0.000000],[0.917441,0.025034,0.022238,0.005333,0.029954,0.000000],[0.918582,0.024781,0.021215,0.005323,0.030099,0.000000],[1.000000,0.000000,0.000000,0.000000,0.000000,0.000000],[0.055328,0.016016,0.009712,0.003265,0.915679,0.000000],[0.948532,0.019592,0.004893,0.002791,0.024192,0.000000],[0.945082,0.024040,0.000000,0.003265,0.027614,0.000000],[0.909956,0.046904,0.000000,0.006100,0.037040,0.000000],[0.151732,0.078435,0.000000,0.012572,0.757261,0.000000],[0.608735,0.103318,0.000000,0.021459,0.266488,0.000000],[0.844585,0.077083,0.000000,0.011633,0.066699,0.000000],[0.908679,0.048217,0.000000,0.006209,0.036895,0.000000],[0.067564,0.028513,0.000000,0.004020,0.899902,0.000000],[0.906476,0.049180,0.000000,0.006405,0.037939,0.000000],[0.155356,0.078626,0.000000,0.013503,0.752515,0.000000],[0.833706,0.078248,0.000000,0.013155,0.074891,0.000000],[0.161820,0.078100,0.000000,0.014362,0.745718,0.000000],[0.887290,0.054875,0.000000,0.007898,0.049937,0.000000],[0.896432,0.052338,0.000000,0.007093,0.044137,0.000000],[0.912412,0.044703,0.000000,0.005940,0.036945,0.000000],[0.898933,0.051298,0.000000,0.006886,0.042883,0.000000],[0.896329,0.052973,0.000000,0.007145,0.043554,0.000000],[0.842484,0.074033,0.000000,0.012199,0.071284,0.000000],[0.841022,0.074601,0.000000,0.012344,0.072033,0.000000],[0.848188,0.067993,0.000000,0.011947,0.071872,0.000000],[0.895314,0.053564,0.000000,0.007263,0.043860,0.000000],[0.088906,0.053556,0.000000,0.007366,0.850172,0.000000],[0.087341,0.052885,0.000000,0.007230,0.852544,0.000000],[0.909083,0.048111,0.000000,0.006191,0.036614,0.000000],[0.944352,0.024272,0.000000,0.003309,0.028067,0.000000],[0.944499,0.024779,0.000000,0.003310,0.027413,0.000000],[0.951696,0.012804,0.010926,0.002663,0.021911,0.000000],[1.000000,0.000000,0.000000,0.000000,0.000000,0.000000]],
  [[1.000000,0.000000,0.000000,0.000000,0.000000,0.000000],[0.952419,0.012505,0.010466,0.002662,0.021947,0.000000],[0.945716,0.023783,0.000000,0.003219,0.027283,0.000000],[0.942530,0.026083,0.000000,0.003475,0.027913,0.000000],[0.940549,0.027023,0.000000,0.003645,0.028783,0.000000],[0.911225,0.040199,0.008875,0.005755,0.033947,0.000000],[0.833482,0.040672,0.051213,0.011441,0.063192,0.000000],[1.000000,0.000000,0.000000,0.000000,0.000000,0.000000],[1.000000,0.000000,0.000000,0.000000,0.000000,0.000000],[1.000000,0.000000,0.000000,0.000000,0.000000,0.000000],[0.947292,0.014698,0.010529,0.002943,0.024539,0.000000],[0.947806,0.020053,0.005054,0.002819,0.024268,0.000000],[0.944013,0.025003,0.000000,0.003352,0.027631,0.000000],[0.944859,0.024088,0.000000,0.003274,0.027779,0.000000],[0.909300,0.047907,0.000000,0.006149,0.036643,0.000000],[0.843786,0.077704,0.000000,0.011741,0.066769,0.000000],[0.842304,0.078208,0.000000,0.011867,0.067621,0.000000],[0.846142,0.076547,0.000000,0.011498,0.065813,0.000000],[0.085650,0.051764,0.000000,0.006993,0.855593,0.000000],[0.942245,0.026291,0.000000,0.003463,0.028001,0.000000],[0.906193,0.050043,0.000000,0.006366,0.037398,0.000000],[0.841596,0.078269,0.000000,0.011946,0.068189,0.000000],[0.605616,0.105518,0.000000,0.022163,0.266703,0.000000],[0.838636,0.075614,0.000000,0.012615,0.073135,0.000000],[0.157547,0.078901,0.000000,0.013560,0.749992,0.000000],[0.841592,0.078186,0.000000,0.011922,0.068300,0.000000],[0.847845,0.075853,0.000000,0.011306,0.064996,0.000000],[0.912238,0.044763,0.000000,0.005951,0.037047,0.000000],[0.908080,0.047665,0.000000,0.006253,0.038002,0.000000],[0.153390,0.079307,0.000000,0.012807,0.754497,0.000000],[0.607553,0.104505,0.000000,0.021876,0.266066,0.000000],[0.842966,0.073495,0.000000,0.012164,0.071376,0.000000],[0.841738,0.074429,0.000000,0.012303,0.071531,0.000000],[0.835484,0.083290,0.000000,0.012179,0.069046,0.000000],[0.840032,0.079921,0.000000,0.012121,0.067925,0.000000],[0.906242,0.050050,0.000000,0.006369,0.037338,0.000000],[0.942842,0.025416,0.000000,0.003429,0.028313,0.000000],[0.944214,0.024897,0.000000,0.003332,0.027557,0.000000],[0.952025,0.012625,0.010526,0.002687,0.022137,0.000000],[1.000000,0.000000,0.000000,0.000000,0.000000,0.000000]],
  [[1.000000,0.000000,0.000000,0.000000,0.000000,0.000000],[0.952324,0.012559,0.010476,0.002670,0.021970,0.000000],[0.912800,0.044706,0.000000,0.005937,0.036557,0.000000],[0.904308,0.049761,0.000000,0.006678,0.039253,0.000000],[0.097378,0.056722,0.000000,0.008533,0.837366,0.000000],[0.880461,0.060473,0.000000,0.008740,0.050325,0.000000],[0.822937,0.065222,0.026894,0.012971,0.071976,0.000000],[0.614999,0.041202,0.063713,0.021123,0.258963,0.000000],[0.825160,0.037165,0.063639,0.011321,0.062716,0.000000],[0.908917,0.027628,0.020369,0.006174,0.036913,0.000000],[0.082091,0.042313,0.008970,0.006006,0.860621,0.000000],[0.909738,0.047124,0.000000,0.006143,0.036995,0.000000],[0.913424,0.044319,0.000000,0.005862,0.036395,0.000000],[0.911012,0.046534,0.000000,0.006029,0.036424,0.000000],[0.908419,0.049153,0.000000,0.006190,0.036237,0.000000],[0.086110,0.052479,0.000000,0.007117,0.854293,0.000000],[0.907233,0.049631,0.000000,0.006282,0.036854,0.000000],[0.909473,0.047898,0.000000,0.006147,0.036483,0.000000],[0.909184,0.048819,0.000000,0.006123,0.035874,0.000000],[0.066946,0.028800,0.000000,0.003949,0.900305,0.000000],[0.909492,0.047884,0.000000,0.006143,0.036480,0.000000],[0.845352,0.076877,0.000000,0.011585,0.066186,0.000000],[0.842446,0.077941,0.000000,0.011856,0.067756,0.000000],[0.842330,0.074176,0.000000,0.012237,0.071257,0.000000],[0.843413,0.073325,0.000000,0.012120,0.071142,0.000000],[0.606617,0.104381,0.000000,0.021757,0.267245,0.000000],[0.843681,0.077374,0.000000,0.011710,0.067235,0.000000],[0.909017,0.047272,0.000000,0.006175,0.037536,0.000000],[0.909589,0.047056,0.000000,0.006133,0.037223,0.000000],[0.845459,0.076757,0.000000,0.011554,0.066230,0.000000],[0.840734,0.078817,0.000000,0.012024,0.068424,0.000000],[0.842858,0.073969,0.000000,0.012182,0.070991,0.000000],[0.156937,0.078560,0.000000,0.013458,0.751045,0.000000],[0.606000,0.105132,0.000000,0.022023,0.266845,0.000000],[0.155911,0.078174,0.000000,0.013364,0.752550,0.000000],[0.893029,0.055094,0.000000,0.007389,0.044487,0.000000],[0.089173,0.053155,0.000000,0.007281,0.850391,0.000000],[0.908101,0.049267,0.000000,0.006208,0.036424,0.000000],[0.918622,0.024160,0.022964,0.005094,0.029160,0.000000],[1.000000,0.000000,0.000000,0.000000,0.000000,0.000000]],
