[
  [[1.000000,0.000000,0.000000,0.000000,0.000000,0.000000],[1.000000,0.000000,0.000000,0.000000,0.000000,0.000000],[1.000000,0.000000,0.000000,0.000000,0.000000,0.000000],[1.000000,0.000000,0.000000,0.000000,0.000000,0.000000],[1.000000,0.000000,0.000000,0.000000,0.000000,0.000000],[1.000000,0.000000,0.000000,0.000000,0.000000,0.000000],[1.000000,0.000000,0.000000,0.000000,0.000000,0.000000],[1.000000,0.000000,0.000000,0.000000,0.000000,0.000000],[1.000000,0.000000,0.000000,0.000000,0.000000,0.000000],[1.000000,0.000000,0.000000,0.000000,0.000000,0.000000],[1.000000,0.000000,0.000000,0.000000,0.000000,0.000000],[1.000000,0.000000,0.000000,0.000000,0.000000,0.000000],[1.000000,0.000000,0.000000,0.000000,0.000000,0.000000],[1.000000,0.000000,0.000000,0.000000,0.000000,0.000000],[1.000000,0.000000,0.000000,0.000000,0.000000,0.000000],[1.000000,0.000000,0.000000,0.000000,0.000000,0.000000],[1.000000,0.000000,0.000000,0.000000,0.000000,0.000000],[1.000000,0.000000,0.000000,0.000000,0.000000,0.000000],[1.000000,0.000000,0.000000,0.000000,0.000000,0.000000],[1.000000,0.000000,0.000000,0.000000,0.000000,0.000000],[1.000000,0.000000,0.000000,0.000000,0.000000,0.000000],[1.000000,0.000000,0.000000,0.000000,0.000000,0.000000],[1.000000,0.000000,0.000000,0.000000,0.000000,0.000000],[1.000000,0.000000,0.000000,0.000000,0.000000,0.000000],[1.000000,0.000000,0.000000,0.000000,0.000000,0.000000],[1.000000,0.000000,0.000000,0.000000,0.000000,0.000000],[1.000000,0.000000,0.000000,0.000000,0.000000,0.000000],[1.000000,0.000000,0.000000,0.000000,0.000000,0.000000],[1.000000,0.000000,0.000000,0.000000,0.000000,0.000000],[1.000000,0.000000,0.000000,0.000000,0.000000,0.000000],[1.000000,0.000000,0.000000,0.000000,0.000000,0.000000],[1.000000,0.000000,0.000000,0.000000,0.000000,0.000000],[1.000000,0.000000,0.000000,0.000000,0.000000,0.000000],[1.000000,0.000000,0.000000,0.000000,0.000000,0.000000],[1.000000,0.000000,0.000000,0.000000,0.000000,0.000000],[1.000000,0.000000,0.000000,0.000000,0.000000,0.000000],[1.000000,0.000000,0.000000,0.000000,0.000000,0.000000],[1.000000,0.000000,0.000000,0.000000,0.000000,0.000000],[1.000000,0.000000,0.000000,0.000000,0.000000,0.000000],[1.000000,0.000000,0.000000,0.000000,0.000000,0.000000]],
  [[1.000000,0.000000,0.000000,0.000000,0.000000,0.000000],[0.961327,0.016539,0.009816,0.000677,0.011641,0.000000],[0.955283,0.014135,0.015490,0.001989,0.013104,0.000000],[0.135224,0.028377,0.027994,0.005508,0.802896,0.000000],[0.884580,0.029688,0.028186,0.005169,0.052377,0.000000],[0.136054,0.027915,0.026724,0.005429,0.803878,0.000000],[0.954465,0.014506,0.015695,0.002035,0.013298,0.000000],[0.956316,0.019625,0.010604,0.000783,0.012673,0.000000],[0.954008,0.014838,0.015583,0.002068,0.013504,0.000000],[0.889518,0.028482,0.024540,0.004937,0.052523,0.000000],[0.882778,0.030241,0.027991,0.005238,0.053752,0.000000],[0.895243,0.025917,0.023686,0.004627,0.050527,0.000000],[0.039773,0.012552,0.014576,0.002041,0.931057,0.000000],[1.000000,0.000000,0.000000,0.000000,0.000000,0.000000],[1.000000,0.000000,0.000000,0.000000,0.000000,0.000000],[1.000000,0.000000,0.000000,0.000000,0.000000,0.000000],[0.960015,0.012024,0.013943,0.001739,0.012280,0.000000],[0.956100,0.013961,0.014869,0.001952,0.013117,0.000000],[0.952647,0.015656,0.015832,0.002143,0.013722,0.000000],[0.953836,0.015107,0.015459,0.002084,0.013515,0.000000],[0.955415,0.013951,0.015722,0.001981,0.012931,0.000000],[0.020182,0.012769,0.007333,0.000580,0.959136,0.000000],[0.976256,0.006133,0.007466,0.001193,0.008952,0.000000],[0.018062,0.004709,0.005660,0.001035,0.970533,0.000000],[0.976101,0.006199,0.007457,0.001207,0.009037,0.000000],[0.975867,0.006291,0.007470,0.001227,0.009145,0.000000],[0.975780,0.006322,0.007492,0.001233,0.009173,0.000000],[0.975875,0.006297,0.007462,0.001227,0.009140,0.000000],[0.976167,0.006190,0.007410,0.001205,0.009027,0.000000],[0.976868,0.005889,0.007270,0.001156,0.008817,0.000000],[0.977330,0.005695,0.007194,0.001123,0.008658,0.000000],[0.015311,0.003366,0.004281,0.000804,0.976239,0.000000],[0.013962,0.002763,0.003511,0.000710,0.979053,0.000000],[0.987184,0.002794,0.003595,0.000681,0.005746,0.000000],[0.987237,0.002773,0.003586,0.000677,0.005726,0.000000],[0.987309,0.002746,0.003565,0.000673,0.005707,0.000000],[0.989116,0.002219,0.002921,0.000591,0.005152,0.000000],[1.000000,0.000000,0.000000,0.000000,0.000000,0.000000],[0.990623,0.001778,0.002409,0.000519,0.004670,0.000000],[1.000000,0.000000,0.000000,0.000000,0.000000,0.000000]],
  [[1.000000,0.000000,0.000000,0.000000,0.000000,0.000000],[0.958617,0.018265,0.010279,0.000734,0.012105,0.000000],[0.954620,0.026996,0.000000,0.002596,0.015788,0.000000],[0.143303,0.070150,0.000000,0.006701,0.779846,0.000000],[0.566732,0.083737,0.000000,0.005933,0.343598,0.000000],[0.867976,0.066755,0.000000,0.006236,0.059033,0.000000],[0.953786,0.027355,0.000000,0.002668,0.016191,0.000000],[0.025304,0.025290,0.000000,0.000819,0.948587,0.000000],[0.953390,0.027548,0.000000,0.002702,0.016360,0.000000],[0.866485,0.067067,0.000000,0.006380,0.060067,0.000000],[0.566642,0.059105,0.018882,0.006027,0.349344,0.000000],[0.136324,0.030874,0.025302,0.005643,0.801858,0.000000],[1.000000,0.000000,0.000000,0.000000,0.000000,0.000000],[0.959543,0.017600,0.010140,0.000713,0.012003,0.000000],[0.958738,0.018219,0.010175,0.000734,0.012135,0.000000],[0.957628,0.018836,0.010371,0.000757,0.012407,0.000000],[1.000000,0.000000,0.000000,0.000000,0.000000,0.000000],[0.136380,0.033060,0.021939,0.005783,0.802839,0.000000],[0.877915,0.045885,0.015474,0.005962,0.054764,0.000000],[0.143741,0.069349,0.000000,0.006704,0.780207,0.000000],[0.954518,0.027107,0.000000,0.002613,0.015762,0.000000],[0.023173,0.022502,0.000000,0.000713,0.953611,0.000000],[0.977998,0.010464,0.000000,0.001406,0.010133,0.000000],[0.022249,0.021178,0.000000,0.000666,0.955907,0.000000],[0.956090,0.029698,0.000000,0.000839,0.013373,0.000000],[0.954956,0.030432,0.000000,0.000870,0.013742,0.000000],[0.954778,0.030577,0.000000,0.000875,0.013770,0.000000],[0.954822,0.030501,0.000000,0.000875,0.013801,0.000000],[0.957289,0.019569,0.010051,0.000765,0.012327,0.000000],[0.019959,0.012389,0.007215,0.000566,0.959870,0.000000],[1.000000,0.000000,0.000000,0.000000,0.000000,0.000000],[0.981464,0.004489,0.005654,0.000940,0.007453,0.000000],[0.984392,0.003667,0.004531,0.000816,0.006594,0.000000],[0.015075,0.004593,0.000000,0.000787,0.979544,0.000000],[0.986581,0.005658,0.000000,0.000846,0.006914,0.000000],[0.013648,0.003701,0.000000,0.000681,0.981969,0.000000],[0.988795,0.002332,0.002983,0.000614,0.005275,0.000000],[0.988969,0.002275,0.002951,0.000602,0.005204,0.000000],[1.000000,0.000000,0.000000,0.000000,0.000000,0.000000],[1.000000,0.000000,0.000000,0.000000,0.000000,0.000000]],
  [[1.000000,0.000000,0.000000,0.000000,0.000000,0.000000],[0.020640,0.013388,0.007466,0.000603,0.957904,0.000000],[0.049467,0.028579,0.000000,0.003010,0.918944,0.000000],[0.868893,0.066812,0.000000,0.006174,0.058121,0.000000],[0.866771,0.067379,0.000000,0.006312,0.059539,0.000000],[0.869619,0.065775,0.000000,0.006135,0.058471,0.000000],[0.954052,0.027176,0.000000,0.002652,0.016120,0.000000],[0.950381,0.033761,0.000000,0.000981,0.014877,0.000000],[0.953971,0.027237,0.000000,0.002659,0.016133,0.000000],[0.876591,0.058770,0.000000,0.005816,0.058823,0.000000],[0.885812,0.035845,0.018601,0.005458,0.054284,0.000000],[1.000000,0.000000,0.000000,0.000000,0.000000,0.000000],[0.000000,0.000000,0.000000,0.000000,0.000000,1.000000],[0.957690,0.013717,0.013806,0.001905,0.012882,0.000000],[0.957844,0.024633,0.000000,0.002401,0.015122,0.000000],[0.953502,0.021909,0.010500,0.000847,0.013241,0.000000],[0.953516,0.015695,0.014955,0.002142,0.013692,0.000000],[1.000000,0.000000,0.000000,0.000000,0.000000,0.000000],[0.572926,0.044387,0.025384,0.005794,0.351509,0.000000],[0.877395,0.046107,0.015540,0.005991,0.054967,0.000000],[0.051672,0.030223,0.000000,0.003197,0.914909,0.000000],[0.954176,0.030992,0.000000,0.000889,0.013943,0.000000],[0.977297,0.010779,0.000000,0.001469,0.010454,0.000000],[0.955391,0.030142,0.000000,0.000858,0.013609,0.000000],[0.046593,0.026914,0.000000,0.002821,0.923672,0.000000],[0.049986,0.029166,0.000000,0.003086,0.917763,0.000000],[0.952757,0.028036,0.000000,0.002741,0.016466,0.000000],[0.045629,0.020070,0.013328,0.002732,0.918241,0.000000],[0.955163,0.014762,0.014848,0.002042,0.013185,0.000000],[1.000000,0.000000,0.000000,0.000000,0.000000,0.000000],[1.000000,0.000000,0.000000,0.000000,0.000000,0.000000],[1.000000,0.000000,0.000000,0.000000,0.000000,0.000000],[0.980950,0.004728,0.005750,0.000974,0.007599,0.000000],[0.983524,0.007363,0.000000,0.001031,0.008082,0.000000],[0.986394,0.005774,0.000000,0.000859,0.006973,0.000000],[0.988490,0.004610,0.000000,0.000737,0.006163,0.000000],[0.013554,0.003708,0.000000,0.000675,0.982063,0.000000],[0.987022,0.002861,0.003634,0.000691,0.005792,0.000000],[0.012746,0.002201,0.002868,0.000617,0.981569,0.000000],[1.000000,0.000000,0.000000,0.000000,0.000000,0.000000]],
  [[1.000000,0.000000,0.000000,0.000000,0.000000,0.000000],[0.959053,0.017954,0.010248,0.000725,0.012020,0.000000],[0.957199,0.025291,0.000000,0.002430,0.015079,0.000000],[0.954677,0.026781,0.000000,0.002607,0.015935,0.000000],[0.953604,0.027377,0.000000,0.002684,0.016335,0.000000],[0.954715,0.026681,0.000000,0.002610,0.015993,0.000000],[0.047560,0.026670,0.000000,0.002834,0.922936,0.000000],[0.952424,0.032218,0.000000,0.000933,0.014425,0.000000],[0.956749,0.025391,0.000000,0.002470,0.015389,0.000000],[0.046552,0.023245,0.000000,0.002568,0.927635,0.000000],[0.000000,0.000000,0.000000,0.000000,0.000000,1.000000],[0.913431,0.021484,0.015019,0.003709,0.046357,0.000000],[0.000000,0.000000,0.000000,0.000000,0.000000,1.000000],[0.891390,0.047771,0.000000,0.004975,0.055864,0.000000],[0.955300,0.026398,0.000000,0.002564,0.015738,0.000000],[0.951147,0.033228,0.000000,0.000963,0.014663,0.000000],[0.953059,0.017439,0.013492,0.002211,0.013799,0.000000],[0.892975,0.026769,0.024171,0.004766,0.051318,0.000000],[1.000000,0.000000,0.000000,0.000000,0.000000,0.000000],[0.888266,0.028569,0.026560,0.005012,0.051593,0.000000],[0.952046,0.018135,0.013575,0.002270,0.013974,0.000000],[0.954610,0.030687,0.000000,0.000879,0.013824,0.000000],[0.977188,0.010818,0.000000,0.001482,0.010512,0.000000],[0.954335,0.030913,0.000000,0.000883,0.013870,0.000000],[0.049726,0.029272,0.000000,0.003085,0.917917,0.000000],[0.863342,0.070467,0.000000,0.006534,0.059657,0.000000],[0.873707,0.048169,0.015556,0.006191,0.056376,0.000000],[0.884544,0.029867,0.026566,0.005161,0.053862,0.000000],[1.000000,0.000000,0.000000,0.000000,0.000000,0.000000],[0.961929,0.016015,0.009819,0.000665,0.011571,0.000000],[1.000000,0.000000,0.000000,0.000000,0.000000,0.000000],[0.017288,0.004337,0.005464,0.000963,0.971948,0.000000],[0.017990,0.004845,0.005589,0.001042,0.970534,0.000000],[0.016972,0.005849,0.000000,0.000934,0.976246,0.000000],[0.986136,0.005868,0.000000,0.000884,0.007112,0.000000],[0.015075,0.004604,0.000000,0.000787,0.979535,0.000000],[0.014985,0.004587,0.000000,0.000780,0.979648,0.000000],[0.015002,0.004602,0.000000,0.000782,0.979614,0.000000],[0.984821,0.003486,0.004454,0.000786,0.006453,0.000000],[1.000000,0.000000,0.000000,0.000000,0.000000,0.000000]],
  [[1.000000,0.000000,0.000000,0.000000,0.000000,0.000000],[0.959986,0.017372,0.010046,0.000707,0.011889,0.000000],[0.955618,0.029894,0.000000,0.000855,0.013633,0.000000],[0.023677,0.022833,0.000000,0.000731,0.952759,0.000000],[0.953870,0.031150,0.000000,0.000897,0.014083,0.000000],[0.954160,0.030939,0.000000,0.000890,0.014012,0.000000],[0.954924,0.030380,0.000000,0.000872,0.013824,0.000000],[0.955373,0.030053,0.000000,0.000861,0.013713,0.000000],[0.956674,0.029022,0.000000,0.000829,0.013475,0.000000],[0.958101,0.027849,0.000000,0.000791,0.013259,0.000000],[0.000000,0.000000,0.000000,0.000000,0.000000,1.000000],[0.897583,0.042273,0.000000,0.004624,0.055520,0.000000],[0.574171,0.069954,0.000000,0.005265,0.350610,0.000000],[0.879316,0.057102,0.000000,0.005628,0.057954,0.000000],[0.050818,0.029145,0.000000,0.003088,0.916949,0.000000],[0.024569,0.024364,0.000000,0.000784,0.950284,0.000000],[0.956904,0.025325,0.000000,0.002462,0.015309,0.000000],[0.954946,0.014980,0.014584,0.002065,0.013424,0.000000],[1.000000,0.000000,0.000000,0.000000,0.000000,0.000000],[1.000000,0.000000,0.000000,0.000000,0.000000,0.000000],[0.041017,0.015249,0.015252,0.002354,0.926129,0.000000],[0.956863,0.019798,0.010167,0.000773,0.012399,0.000000],[0.977676,0.010618,0.000000,0.001436,0.010270,0.000000],[0.023300,0.022716,0.000000,0.000721,0.953263,0.000000],[0.952895,0.027961,0.000000,0.002731,0.016413,0.000000],[0.874703,0.047394,0.015241,0.006114,0.056548,0.000000],[0.563484,0.034915,0.034057,0.005572,0.361972,0.000000],[1.000000,0.000000,0.000000,0.000000,0.000000,0.000000],[1.000000,0.000000,0.000000,0.000000,0.000000,0.000000],[0.958072,0.018455,0.010399,0.000746,0.012328,0.000000],[1.000000,0.000000,0.000000,0.000000,0.000000,0.000000],[0.019463,0.012538,0.007302,0.000565,0.960132,0.000000],[0.019377,0.007719,0.000000,0.001143,0.971761,0.000000],[0.982986,0.007654,0.000000,0.001075,0.008285,0.000000],[0.983019,0.007596,0.000000,0.001075,0.008309,0.000000],[0.983052,0.007579,0.000000,0.001072,0.008297,0.000000],[0.983140,0.007573,0.000000,0.001061,0.008226,0.000000],[0.983284,0.007489,0.000000,0.001052,0.008175,0.000000],[0.981408,0.004510,0.005665,0.000943,0.007473,0.000000],[1.000000,0.000000,0.000000,0.000000,0.000000,0.000000]],
  [[1.000000,0.000000,0.000000,0.000000,0.000000,0.000000],[0.976014,0.006216,0.007450,0.001215,0.009104,0.000000],[0.977985,0.010392,0.000000,0.001412,0.010212,0.000000],[0.977615,0.010575,0.000000,0.001442,0.010368,0.000000],[0.977595,0.010587,0.000000,0.001444,0.010374,0.000000],[0.977633,0.010544,0.000000,0.001443,0.010379,0.000000],[0.977808,0.010477,0.000000,0.001425,0.010290,0.000000],[0.978435,0.010130,0.000000,0.001370,0.010064,0.000000],[0.979300,0.009650,0.000000,0.001295,0.009756,0.000000],[0.000000,0.000000,0.000000,0.000000,0.000000,1.000000],[0.963271,0.020546,0.000000,0.002035,0.014147,0.000000],[0.137415,0.056494,0.000000,0.005802,0.800288,0.000000],[0.868220,0.067177,0.000000,0.006205,0.058397,0.000000],[0.870048,0.066174,0.000000,0.006100,0.057678,0.000000],[0.955006,0.026578,0.000000,0.002584,0.015832,0.000000],[0.952770,0.032051,0.000000,0.000920,0.014260,0.000000],[0.954757,0.030580,0.000000,0.000875,0.013788,0.000000],[0.956309,0.020058,0.010231,0.000786,0.012617,0.000000],[0.958071,0.018573,0.010313,0.000749,0.012293,0.000000],[0.019739,0.012240,0.007195,0.000561,0.960265,0.000000],[1.000000,0.000000,0.000000,0.000000,0.000000,0.000000],[0.019608,0.012171,0.007210,0.000557,0.960454,0.000000],[0.018195,0.004821,0.005718,0.001056,0.970210,0.000000],[0.958357,0.018292,0.010412,0.000740,0.012199,0.000000],[0.953189,0.015262,0.015729,0.002113,0.013708,0.000000],[0.883683,0.030139,0.026830,0.005202,0.054146,0.000000],[1.000000,0.000000,0.000000,0.000000,0.000000,0.000000],[0.877688,0.031618,0.029940,0.005475,0.055279,0.000000],[0.944646,0.019437,0.017139,0.002605,0.016173,0.000000],[0.951866,0.016513,0.015390,0.002232,0.013999,0.000000],[0.042201,0.018720,0.012840,0.002545,0.923693,0.000000],[0.020363,0.014349,0.007084,0.000613,0.957590,0.000000],[0.019694,0.007861,0.000000,0.001174,0.971271,0.000000],[0.978692,0.010055,0.000000,0.001346,0.009906,0.000000],[0.978532,0.010091,0.000000,0.001364,0.010014,0.000000],[0.978336,0.010195,0.000000,0.001380,0.010088,0.000000],[0.978350,0.010212,0.000000,0.001377,0.010060,0.000000],[0.020092,0.007916,0.000000,0.001199,0.970794,0.000000],[0.976546,0.006007,0.007371,0.001176,0.008900,0.000000],[1.000000,0.000000,0.000000,0.000000,0.000000,0.000000]],
  [[1.000000,0.000000,0.000000,0.000000,0.000000,0.000000],[0.976042,0.006209,0.007441,0.001214,0.009094,0.000000],[0.977938,0.010393,0.000000,0.001418,0.010251,0.000000],[0.977704,0.010506,0.000000,0.001437,0.010354,0.000000],[0.977800,0.010479,0.000000,0.001426,0.010295,0.000000],[0.977922,0.010415,0.000000,0.001415,0.010247,0.000000],[0.978605,0.010059,0.000000,0.001354,0.009982,0.000000],[0.019329,0.007370,0.000000,0.001111,0.972190,0.000000],[0.000000,0.000000,0.000000,0.000000,0.000000,1.000000],[0.000000,0.000000,0.000000,0.000000,0.000000,1.000000],[0.962149,0.021519,0.000000,0.002117,0.014215,0.000000],[0.955084,0.026673,0.000000,0.002563,0.015679,0.000000],[0.050690,0.029308,0.000000,0.003091,0.916911,0.000000],[0.954940,0.026609,0.000000,0.002587,0.015864,0.000000],[0.957255,0.024973,0.000000,0.002439,0.015332,0.000000],[0.954579,0.030634,0.000000,0.000880,0.013907,0.000000],[0.020854,0.008314,0.000000,0.001277,0.969555,0.000000],[0.977922,0.010424,0.000000,0.001417,0.010237,0.000000],[0.977865,0.010458,0.000000,0.001423,0.010254,0.000000],[0.974708,0.006856,0.007636,0.001310,0.009490,0.000000],[0.975737,0.006334,0.007545,0.001232,0.009152,0.000000],[1.000000,0.000000,0.000000,0.000000,0.000000,0.000000],[1.000000,0.000000,0.000000,0.000000,0.000000,0.000000],[1.000000,0.000000,0.000000,0.000000,0.000000,0.000000],[1.000000,0.000000,0.000000,0.000000,0.000000,0.000000],[1.000000,0.000000,0.000000,0.000000,0.000000,0.000000],[0.049401,0.020463,0.018123,0.003049,0.908964,0.000000],[0.135909,0.047823,0.013304,0.006536,0.796428,0.000000],[0.146746,0.068160,0.000000,0.006844,0.778250,0.000000],[0.868353,0.067210,0.000000,0.006221,0.058216,0.000000],[0.954613,0.026938,0.000000,0.002609,0.015840,0.000000],[0.022895,0.022394,0.000000,0.000706,0.954005,0.000000],[0.020023,0.008011,0.000000,0.001207,0.970759,0.000000],[0.978229,0.010326,0.000000,0.001384,0.010061,0.000000],[0.956696,0.029179,0.000000,0.000825,0.013300,0.000000],[0.023109,0.022185,0.000000,0.000704,0.954002,0.000000],[0.954476,0.030752,0.000000,0.000879,0.013893,0.000000],[0.955266,0.030248,0.000000,0.000859,0.013627,0.000000],[0.019991,0.012638,0.007330,0.000574,0.959467,0.000000],[1.000000,0.000000,0.000000,0.000000,0.000000,0.000000]],
  [[1.000000,0.000000,0.000000,0.000000,0.000000,0.000000],[0.959954,0.017415,0.010070,0.000707,0.011854,0.000000],[0.955747,0.029858,0.000000,0.000850,0.013544,0.000000],[0.955381,0.030113,0.000000,0.000859,0.013648,0.000000],[0.957088,0.028768,0.000000,0.000817,0.013327,0.000000],[0.022501,0.020789,0.000000,0.000661,0.956049,0.000000],[0.958536,0.027682,0.000000,0.000779,0.013003,0.000000],[0.000000,0.000000,0.000000,0.000000,0.000000,1.000000],[0.021004,0.019000,0.000000,0.000594,0.959401,0.000000],[0.022247,0.020725,0.000000,0.000655,0.956373,0.000000],[0.023449,0.022323,0.000000,0.000713,0.953515,0.000000],[0.953461,0.031548,0.000000,0.000902,0.014089,0.000000],[0.023422,0.022819,0.000000,0.000726,0.953034,0.000000],[0.954573,0.030780,0.000000,0.000874,0.013773,0.000000],[0.955251,0.030192,0.000000,0.000861,0.013695,0.000000],[0.956537,0.029297,0.000000,0.000828,0.013338,0.000000],[0.978135,0.010324,0.000000,0.001395,0.010146,0.000000],[0.982270,0.007977,0.000000,0.001141,0.008613,0.000000],[0.977971,0.010366,0.000000,0.001414,0.010249,0.000000],[0.956384,0.029285,0.000000,0.000839,0.013492,0.000000],[0.957571,0.018973,0.010325,0.000760,0.012371,0.000000],[1.000000,0.000000,0.000000,0.000000,0.000000,0.000000],[1.000000,0.000000,0.000000,0.000000,0.000000,0.000000],[0.958327,0.018306,0.010359,0.000741,0.012267,0.000000],[0.957527,0.018828,0.010480,0.000760,0.012405,0.000000],[0.954515,0.020834,0.010808,0.000825,0.013019,0.000000],[0.045840,0.021248,0.013663,0.002844,0.916405,0.000000],[0.141743,0.071402,0.000000,0.006822,0.780033,0.000000],[0.565570,0.084484,0.000000,0.006009,0.343936,0.000000],[0.866018,0.067833,0.000000,0.006367,0.059782,0.000000],[0.953362,0.027545,0.000000,0.002705,0.016389,0.000000],[0.953268,0.031654,0.000000,0.000911,0.014167,0.000000],[0.977304,0.010801,0.000000,0.001467,0.010428,0.000000],[0.020667,0.008298,0.000000,0.001267,0.969768,0.000000],[0.023188,0.022473,0.000000,0.000713,0.953626,0.000000],[0.956411,0.025762,0.000000,0.002485,0.015343,0.000000],[0.954578,0.026828,0.000000,0.002612,0.015981,0.000000],[0.954307,0.027094,0.000000,0.002622,0.015977,0.000000],[0.041922,0.014818,0.016362,0.002333,0.924565,0.000000],[1.000000,0.000000,0.000000,0.000000,0.000000,0.000000]],
  [[1.000000,0.000000,0.000000,0.000000,0.000000,0.000000],[0.959985,0.011984,0.014134,0.001744,0.012152,0.000000],[0.042819,0.018285,0.012795,0.002514,0.923587,0.000000],[0.044087,0.019036,0.013111,0.002601,0.921165,0.000000],[0.961309,0.021973,0.000000,0.002171,0.014547,0.000000],[0.000000,0.000000,0.000000,0.000000,0.000000,1.000000],[0.963290,0.020567,0.000000,0.002033,0.014111,0.000000],[0.047498,0.025939,0.000000,0.002782,0.923781,0.000000],[0.048774,0.027153,0.000000,0.002906,0.921168,0.000000],[0.953565,0.027819,0.000000,0.002657,0.015959,0.000000],[0.956225,0.025863,0.000000,0.002493,0.015419,0.000000],[0.954760,0.030604,0.000000,0.000872,0.013765,0.000000],[0.977553,0.010664,0.000000,0.001444,0.010339,0.000000],[0.020008,0.007947,0.000000,0.001200,0.970845,0.000000],[0.020040,0.007918,0.000000,0.001197,0.970845,0.000000],[0.978515,0.010124,0.000000,0.001363,0.009998,0.000000],[0.019842,0.007754,0.000000,0.001173,0.971230,0.000000],[0.978425,0.010169,0.000000,0.001371,0.010035,0.000000],[0.977701,0.010537,0.000000,0.001436,0.010327,0.000000],[0.954567,0.030614,0.000000,0.000883,0.013936,0.000000],[0.953936,0.016999,0.013326,0.002163,0.013575,0.000000],[0.043982,0.017149,0.015607,0.002576,0.920687,0.000000],[0.950874,0.016899,0.015929,0.002276,0.014022,0.000000],[0.044835,0.020133,0.013338,0.002722,0.918972,0.000000],[0.956758,0.025498,0.000000,0.002472,0.015273,0.000000],[0.951994,0.032615,0.000000,0.000943,0.014448,0.000000],[0.954437,0.027125,0.000000,0.002619,0.015818,0.000000],[0.868704,0.068112,0.000000,0.006219,0.056966,0.000000],[0.865960,0.068918,0.000000,0.006377,0.058745,0.000000],[0.868319,0.067183,0.000000,0.006219,0.058279,0.000000],[0.953535,0.027439,0.000000,0.002697,0.016329,0.000000],[0.951469,0.032972,0.000000,0.000956,0.014604,0.000000],[0.953205,0.031705,0.000000,0.000913,0.014177,0.000000],[0.953404,0.031606,0.000000,0.000906,0.014084,0.000000],[0.951508,0.032944,0.000000,0.000953,0.014595,0.000000],[0.953568,0.027484,0.000000,0.002687,0.016261,0.000000],[0.141400,0.065917,0.000000,0.006434,0.786249,0.000000],[0.867095,0.067909,0.000000,0.006287,0.058709,0.000000],[0.890871,0.027455,0.025327,0.004862,0.051485,0.000000],[1.000000,0.000000,0.000000,0.000000,0.000000,0.000000]],
  [[1.000000,0.000000,0.000000,0.000000,0.000000,0.000000],[0.962657,0.010808,0.013214,0.001597,0.011724,0.000000],[1.000000,0.000000,0.000000,0.000000,0.000000,0.000000],[0.887422,0.032119,0.022866,0.005260,0.052334,0.000000],[0.889978,0.049199,0.000000,0.005078,0.055745,0.000000],[0.000000,0.000000,0.000000,0.000000,0.000000,1.000000],[0.959750,0.022969,0.000000,0.002276,0.015005,0.000000],[0.866564,0.068531,0.000000,0.006309,0.058596,0.000000],[0.151037,0.074105,0.000000,0.007105,0.767753,0.000000],[0.866008,0.068857,0.000000,0.006347,0.058788,0.000000],[0.050442,0.028682,0.000000,0.003047,0.917829,0.000000],[0.954919,0.030418,0.000000,0.000872,0.013791,0.000000],[0.978139,0.010335,0.000000,0.001397,0.010130,0.000000],[0.017325,0.006059,0.000000,0.000971,0.975645,0.000000],[0.982944,0.007690,0.000000,0.001077,0.008290,0.000000],[0.982971,0.007676,0.000000,0.001074,0.008278,0.000000],[0.982747,0.007772,0.000000,0.001095,0.008386,0.000000],[0.020009,0.007899,0.000000,0.001195,0.970898,0.000000],[0.955735,0.029791,0.000000,0.000852,0.013622,0.000000],[0.952244,0.032348,0.000000,0.000937,0.014471,0.000000],[0.953015,0.027849,0.000000,0.002726,0.016409,0.000000],[0.866507,0.068613,0.000000,0.006349,0.058532,0.000000],[0.143503,0.071709,0.000000,0.006881,0.777907,0.000000],[0.140048,0.068857,0.000000,0.006585,0.784509,0.000000],[0.953900,0.027272,0.000000,0.002664,0.016163,0.000000],[0.951501,0.032947,0.000000,0.000954,0.014599,0.000000],[0.046907,0.026853,0.000000,0.002826,0.923414,0.000000],[0.048774,0.028433,0.000000,0.002989,0.919805,0.000000],[0.050698,0.029469,0.000000,0.003116,0.916716,0.000000],[0.953335,0.027814,0.000000,0.002694,0.016156,0.000000],[0.052569,0.030806,0.000000,0.003280,0.913346,0.000000],[0.953243,0.027794,0.000000,0.002709,0.016254,0.000000],[0.051439,0.029748,0.000000,0.003170,0.915642,0.000000],[0.953713,0.027405,0.000000,0.002682,0.016200,0.000000],[0.954066,0.027192,0.000000,0.002661,0.016080,0.000000],[0.951559,0.028770,0.000000,0.002830,0.016841,0.000000],[0.865323,0.068876,0.000000,0.006406,0.059395,0.000000],[0.567420,0.080296,0.000000,0.005801,0.346484,0.000000],[0.888625,0.028502,0.024890,0.004957,0.053025,0.000000],[1.000000,0.000000,0.000000,0.000000,0.000000,0.000000]],
  [[1.000000,0.000000,0.000000,0.000000,0.000000,0.000000],[1.000000,0.000000,0.000000,0.000000,0.000000,0.000000],[1.000000,0.000000,0.000000,0.000000,0.000000,0.000000],[0.584800,0.031130,0.028569,0.004918,0.350583,0.000000],[0.899883,0.024515,0.021698,0.004391,0.049513,0.000000],[0.040680,0.013683,0.014828,0.002160,0.928649,0.000000],[0.955642,0.014135,0.014960,0.001971,0.013292,0.000000],[0.883928,0.029771,0.027092,0.005168,0.054041,0.000000],[0.572306,0.031109,0.031871,0.005239,0.359475,0.000000],[0.882587,0.030263,0.028056,0.005242,0.053852,0.000000],[0.954046,0.014761,0.015614,0.002061,0.013518,0.000000],[0.957692,0.018848,0.010339,0.000757,0.012363,0.000000],[0.975112,0.006654,0.007584,0.001280,0.009371,0.000000],[0.982728,0.007768,0.000000,0.001100,0.008405,0.000000],[0.017139,0.005958,0.000000,0.000952,0.975952,0.000000],[0.017146,0.005962,0.000000,0.000953,0.975939,0.000000],[0.017421,0.006072,0.000000,0.000977,0.975530,0.000000],[0.978069,0.010386,0.000000,0.001400,0.010145,0.000000],[0.954522,0.030730,0.000000,0.000880,0.013869,0.000000],[0.954818,0.026693,0.000000,0.002602,0.015886,0.000000],[0.060498,0.035699,0.000000,0.003846,0.899957,0.000000],[0.865742,0.066601,0.000000,0.006580,0.061077,0.000000],[0.569248,0.080373,0.000000,0.006046,0.344333,0.000000],[0.870484,0.063944,0.000000,0.006284,0.059288,0.000000],[0.952236,0.028301,0.000000,0.002778,0.016685,0.000000],[0.952293,0.032365,0.000000,0.000935,0.014408,0.000000],[0.022978,0.022229,0.000000,0.000707,0.954086,0.000000],[0.954756,0.030651,0.000000,0.000871,0.013722,0.000000],[0.953844,0.031280,0.000000,0.000896,0.013980,0.000000],[0.023881,0.023734,0.000000,0.000760,0.951625,0.000000],[0.050390,0.029459,0.000000,0.003128,0.917022,0.000000],[0.866779,0.068433,0.000000,0.006330,0.058459,0.000000],[0.863345,0.070393,0.000000,0.006549,0.059713,0.000000],[0.140497,0.069451,0.000000,0.006668,0.783384,0.000000],[0.950480,0.029536,0.000000,0.002906,0.017078,0.000000],[0.052063,0.030591,0.000000,0.003284,0.914062,0.000000],[0.867430,0.067675,0.000000,0.006276,0.058619,0.000000],[0.867451,0.067085,0.000000,0.006274,0.059189,0.000000],[0.892026,0.027177,0.024261,0.004802,0.051734,0.000000],[1.000000,0.000000,0.000000,0.000000,0.000000,0.000000]],
  [[1.000000,0.000000,0.000000,0.000000,0.000000,0.000000],[0.037874,0.011800,0.014592,0.001954,0.933781,0.000000],[0.130119,0.027870,0.030392,0.005493,0.806126,0.000000],[1.000000,0.000000,0.000000,0.000000,0.000000,0.000000],[1.000000,0.000000,0.000000,0.000000,0.000000,0.000000],[1.000000,0.000000,0.000000,0.000000,0.000000,0.000000],[1.000000,0.000000,0.000000,0.000000,0.000000,0.000000],[1.000000,0.000000,0.000000,0.000000,0.000000,0.000000],[1.000000,0.000000,0.000000,0.000000,0.000000,0.000000],[1.000000,0.000000,0.000000,0.000000,0.000000,0.000000],[1.000000,0.000000,0.000000,0.000000,0.000000,0.000000],[1.000000,0.000000,0.000000,0.000000,0.000000,0.000000],[0.975614,0.006381,0.007548,0.001243,0.009214,0.000000],[0.978671,0.010073,0.000000,0.001349,0.009907,0.000000],[0.019903,0.007835,0.000000,0.001182,0.971080,0.000000],[0.978515,0.010201,0.000000,0.001357,0.009927,0.000000],[0.978129,0.010357,0.000000,0.001395,0.010119,0.000000],[0.977478,0.010706,0.000000,0.001452,0.010365,0.000000],[0.024026,0.023409,0.000000,0.000753,0.951812,0.000000],[0.952529,0.028142,0.000000,0.002760,0.016569,0.000000],[0.870466,0.063559,0.000000,0.006289,0.059686,0.000000],[0.205068,0.093842,0.000000,0.009024,0.692066,0.000000],[0.813517,0.093403,0.000000,0.008693,0.084387,0.000000],[0.146110,0.066677,0.000000,0.006745,0.780468,0.000000],[0.953028,0.027731,0.000000,0.002729,0.016511,0.000000],[0.953224,0.031632,0.000000,0.000914,0.014231,0.000000],[0.977343,0.010727,0.000000,0.001467,0.010462,0.000000],[0.977756,0.010505,0.000000,0.001432,0.010308,0.000000],[0.977337,0.010733,0.000000,0.001469,0.010462,0.000000],[0.953247,0.031669,0.000000,0.000912,0.014172,0.000000],[0.952260,0.028312,0.000000,0.002776,0.016652,0.000000],[0.872590,0.061929,0.000000,0.006168,0.059312,0.000000],[0.569852,0.077967,0.000000,0.005931,0.346250,0.000000],[0.151267,0.070888,0.000000,0.007172,0.770673,0.000000],[0.943147,0.033990,0.000000,0.003361,0.019502,0.000000],[0.947849,0.030955,0.000000,0.003047,0.018150,0.000000],[0.050741,0.029516,0.000000,0.003158,0.916585,0.000000],[0.953628,0.027388,0.000000,0.002686,0.016298,0.000000],[0.954857,0.014511,0.015214,0.002025,0.013393,0.000000],[1.000000,0.000000,0.000000,0.000000,0.000000,0.000000]],
  [[1.000000,0.000000,0.000000,0.000000,0.000000,0.000000],[0.039186,0.013697,0.016797,0.002205,0.928115,0.000000],[0.041499,0.018448,0.012786,0.002499,0.924768,0.000000],[0.955302,0.014597,0.015021,0.002030,0.013051,0.000000],[0.957290,0.013109,0.015024,0.001889,0.012688,0.000000],[0.956878,0.013197,0.015324,0.001905,0.012696,0.000000],[0.956458,0.013248,0.015661,0.001919,0.012714,0.000000],[0.038314,0.013064,0.016112,0.002138,0.930372,0.000000],[0.038343,0.013099,0.016121,0.002143,0.930294,0.000000],[0.956312,0.013330,0.015688,0.001928,0.012743,0.000000],[0.960352,0.011715,0.013990,0.001720,0.012223,0.000000],[1.000000,0.000000,0.000000,0.000000,0.000000,0.000000],[0.018073,0.004717,0.005660,0.001039,0.970511,0.000000],[0.978198,0.010356,0.000000,0.001388,0.010058,0.000000],[0.956691,0.029197,0.000000,0.000825,0.013288,0.000000],[0.955798,0.029892,0.000000,0.000845,0.013466,0.000000],[0.023060,0.022317,0.000000,0.000708,0.953915,0.000000],[0.953771,0.031379,0.000000,0.000895,0.013955,0.000000],[0.950709,0.033532,0.000000,0.000974,0.014784,0.000000],[0.950684,0.029230,0.000000,0.002893,0.017192,0.000000],[0.870584,0.062979,0.000000,0.006291,0.060146,0.000000],[0.569498,0.078526,0.000000,0.005980,0.345996,0.000000],[0.152607,0.071293,0.000000,0.007209,0.768891,0.000000],[0.944920,0.032639,0.000000,0.003237,0.019204,0.000000],[0.954984,0.026502,0.000000,0.002596,0.015917,0.000000],[0.954336,0.030758,0.000000,0.000888,0.014018,0.000000],[0.977783,0.010462,0.000000,0.001430,0.010325,0.000000],[0.982180,0.007983,0.000000,0.001152,0.008685,0.000000],[0.977772,0.010471,0.000000,0.001432,0.010326,0.000000],[0.953562,0.031329,0.000000,0.000907,0.014203,0.000000],[0.953202,0.027534,0.000000,0.002723,0.016541,0.000000],[0.872548,0.061924,0.000000,0.006173,0.059355,0.000000],[0.815827,0.090968,0.000000,0.008603,0.084602,0.000000],[0.812652,0.094028,0.000000,0.008775,0.084545,0.000000],[0.147221,0.067927,0.000000,0.006908,0.777943,0.000000],[0.949529,0.030051,0.000000,0.002979,0.017441,0.000000],[0.947571,0.035778,0.000000,0.001054,0.015597,0.000000],[0.951448,0.032971,0.000000,0.000959,0.014622,0.000000],[0.957230,0.019077,0.010431,0.000765,0.012497,0.000000],[1.000000,0.000000,0.000000,0.000000,0.000000,0.000000]],
  [[1.000000,0.000000,0.000000,0.000000,0.000000,0.000000],[0.960533,0.017062,0.010059,0.000694,0.011653,0.000000],[0.022897,0.022108,0.000000,0.000696,0.954299,0.000000],[0.955721,0.029878,0.000000,0.000851,0.013550,0.000000],[0.955556,0.029951,0.000000,0.000856,0.013637,0.000000],[0.023303,0.022491,0.000000,0.000712,0.953493,0.000000],[0.023151,0.022437,0.000000,0.000709,0.953704,0.000000],[0.955013,0.030503,0.000000,0.000864,0.013620,0.000000],[0.023756,0.023460,0.000000,0.000744,0.952040,0.000000],[0.024462,0.024369,0.000000,0.000778,0.950392,0.000000],[0.955255,0.020557,0.010536,0.000809,0.012843,0.000000],[1.000000,0.000000,0.000000,0.000000,0.000000,0.000000],[0.959376,0.017657,0.010309,0.000718,0.011940,0.000000],[0.020519,0.014135,0.007042,0.000611,0.957693,0.000000],[0.023240,0.022564,0.000000,0.000715,0.953482,0.000000],[0.956769,0.025635,0.000000,0.002456,0.015140,0.000000],[0.048966,0.028514,0.000000,0.002997,0.919522,0.000000],[0.050582,0.029676,0.000000,0.003131,0.916611,0.000000],[0.952661,0.027993,0.000000,0.002759,0.016587,0.000000],[0.947306,0.030994,0.000000,0.003090,0.018610,0.000000],[0.867679,0.066094,0.000000,0.006294,0.059933,0.000000],[0.862928,0.070275,0.000000,0.006568,0.060229,0.000000],[0.866120,0.068425,0.000000,0.006363,0.059092,0.000000],[0.952685,0.028036,0.000000,0.002749,0.016530,0.000000],[0.951915,0.032526,0.000000,0.000947,0.014613,0.000000],[0.955677,0.029777,0.000000,0.000855,0.013691,0.000000],[0.978168,0.010255,0.000000,0.001397,0.010180,0.000000],[0.982415,0.007882,0.000000,0.001129,0.008573,0.000000],[0.978038,0.010352,0.000000,0.001406,0.010204,0.000000],[0.954567,0.030692,0.000000,0.000878,0.013862,0.000000],[0.954865,0.026586,0.000000,0.002603,0.015945,0.000000],[0.944711,0.032809,0.000000,0.003256,0.019224,0.000000],[0.153687,0.069418,0.000000,0.007165,0.769730,0.000000],[0.574143,0.073547,0.000000,0.005865,0.346446,0.000000],[0.873069,0.060331,0.000000,0.006317,0.060282,0.000000],[0.942213,0.034465,0.000000,0.003429,0.019892,0.000000],[0.951834,0.028582,0.000000,0.002815,0.016768,0.000000],[0.956494,0.025579,0.000000,0.002494,0.015432,0.000000],[0.958100,0.018558,0.010302,0.000748,0.012292,0.000000],[1.000000,0.000000,0.000000,0.000000,0.000000,0.000000]],
  [[1.000000,0.000000,0.000000,0.000000,0.000000,0.000000],[0.976533,0.006014,0.007353,0.001179,0.008921,0.000000],[0.978419,0.010161,0.000000,0.001374,0.010045,0.000000],[0.977848,0.010454,0.000000,0.001422,0.010276,0.000000],[0.977582,0.010621,0.000000,0.001443,0.010354,0.000000],[0.977355,0.010767,0.000000,0.001461,0.010416,0.000000],[0.976993,0.010965,0.000000,0.001494,0.010549,0.000000],[0.953616,0.031395,0.000000,0.000902,0.014087,0.000000],[0.955977,0.025967,0.000000,0.002522,0.015534,0.000000],[0.954120,0.027164,0.000000,0.002650,0.016065,0.000000],[0.950143,0.019178,0.013835,0.002381,0.014464,0.000000],[0.952817,0.016023,0.015228,0.002178,0.013754,0.000000],[1.000000,0.000000,0.000000,0.000000,0.000000,0.000000],[0.020397,0.013510,0.007379,0.000604,0.958110,0.000000],[0.954827,0.021101,0.010416,0.000816,0.012840,0.000000],[0.954765,0.026816,0.000000,0.002597,0.015821,0.000000],[0.138804,0.067932,0.000000,0.006474,0.786789,0.000000],[0.865433,0.069203,0.000000,0.006410,0.058955,0.000000],[0.867848,0.066797,0.000000,0.006256,0.059100,0.000000],[0.947818,0.030689,0.000000,0.003057,0.018436,0.000000],[0.952273,0.028250,0.000000,0.002788,0.016688,0.000000],[0.952629,0.028102,0.000000,0.002755,0.016514,0.000000],[0.049974,0.028790,0.000000,0.003060,0.918175,0.000000],[0.956645,0.025471,0.000000,0.002481,0.015404,0.000000],[0.954443,0.030738,0.000000,0.000883,0.013936,0.000000],[0.977708,0.010530,0.000000,0.001434,0.010328,0.000000],[0.978575,0.010063,0.000000,0.001360,0.010002,0.000000],[0.982581,0.007798,0.000000,0.001115,0.008506,0.000000],[0.020137,0.007879,0.000000,0.001201,0.970783,0.000000],[0.955850,0.029752,0.000000,0.000847,0.013550,0.000000],[0.024541,0.024116,0.000000,0.000778,0.950565,0.000000],[0.952231,0.028345,0.000000,0.002785,0.016639,0.000000],[0.864168,0.069562,0.000000,0.006497,0.059774,0.000000],[0.866216,0.066137,0.000000,0.006586,0.061060,0.000000],[0.818203,0.089551,0.000000,0.008445,0.083801,0.000000],[0.150612,0.069381,0.000000,0.007052,0.772955,0.000000],[0.141443,0.068062,0.000000,0.006596,0.783899,0.000000],[0.954695,0.026794,0.000000,0.002610,0.015902,0.000000],[0.957776,0.018761,0.010378,0.000753,0.012333,0.000000],[1.000000,0.000000,0.000000,0.000000,0.000000,0.000000]],
  [[1.000000,0.000000,0.000000,0.000000,0.000000,0.000000],[0.981278,0.004555,0.005683,0.000953,0.007530,0.000000],[0.983148,0.007512,0.000000,0.001066,0.008274,0.000000],[0.978719,0.009973,0.000000,0.001345,0.009962,0.000000],[0.957787,0.028204,0.000000,0.000802,0.013207,0.000000],[0.023322,0.022316,0.000000,0.000712,0.953650,0.000000],[0.953385,0.031504,0.000000,0.000909,0.014202,0.000000],[0.951076,0.033203,0.000000,0.000966,0.014755,0.000000],[0.952948,0.027800,0.000000,0.002736,0.016516,0.000000],[0.868374,0.066500,0.000000,0.006219,0.058908,0.000000],[0.865663,0.068723,0.000000,0.006385,0.059229,0.000000],[0.133900,0.047796,0.012863,0.006363,0.799077,0.000000],[0.042364,0.016646,0.016351,0.002520,0.922119,0.000000],[1.000000,0.000000,0.000000,0.000000,0.000000,0.000000],[0.955957,0.020108,0.010403,0.000794,0.012738,0.000000],[0.956833,0.024974,0.000000,0.002481,0.015712,0.000000],[0.867306,0.067106,0.000000,0.006282,0.059306,0.000000],[0.566416,0.080547,0.000000,0.005834,0.347202,0.000000],[0.867263,0.066358,0.000000,0.006316,0.060062,0.000000],[0.952092,0.028253,0.000000,0.002803,0.016852,0.000000],[0.950493,0.033686,0.000000,0.000979,0.014842,0.000000],[0.023549,0.023066,0.000000,0.000737,0.952647,0.000000],[0.954208,0.031005,0.000000,0.000886,0.013901,0.000000],[0.955224,0.030165,0.000000,0.000865,0.013746,0.000000],[0.956492,0.029233,0.000000,0.000833,0.013442,0.000000],[0.020220,0.007925,0.000000,0.001207,0.970648,0.000000],[0.982707,0.007734,0.000000,0.001104,0.008455,0.000000],[0.982807,0.007683,0.000000,0.001095,0.008415,0.000000],[0.978719,0.010012,0.000000,0.001345,0.009923,0.000000],[0.977936,0.010459,0.000000,0.001411,0.010194,0.000000],[0.954460,0.030778,0.000000,0.000881,0.013880,0.000000],[0.956085,0.025835,0.000000,0.002522,0.015558,0.000000],[0.952170,0.028317,0.000000,0.002797,0.016716,0.000000],[0.061582,0.036534,0.000000,0.003967,0.897917,0.000000],[0.867526,0.065722,0.000000,0.006488,0.060264,0.000000],[0.570456,0.077846,0.000000,0.005875,0.345823,0.000000],[0.864296,0.070141,0.000000,0.006492,0.059070,0.000000],[0.953951,0.027340,0.000000,0.002652,0.016056,0.000000],[0.020691,0.013486,0.007479,0.000607,0.957737,0.000000],[1.000000,0.000000,0.000000,0.000000,0.000000,0.000000]],
