[
  [[1.000000,0.000000,0.000000,0.000000,0.000000,0.000000],[1.000000,0.000000,0.000000,0.000000,0.000000,0.000000],[1.000000,0.000000,0.000000,0.000000,0.000000,0.000000],[1.000000,0.000000,0.000000,0.000000,0.000000,0.000000],[1.000000,0.000000,0.000000,0.000000,0.000000,0.000000],[1.000000,0.000000,0.000000,0.000000,0.000000,0.000000],[1.000000,0.000000,0.000000,0.000000,0.000000,0.000000],[1.000000,0.000000,0.000000,0.000000,0.000000,0.000000],[1.000000,0.000000,0.000000,0.000000,0.000000,0.000000],[1.000000,0.000000,0.000000,0.000000,0.000000,0.000000],[1.000000,0.000000,0.000000,0.000000,0.000000,0.000000],[1.000000,0.000000,0.000000,0.000000,0.000000,0.000000],[1.000000,0.000000,0.000000,0.000000,0.000000,0.000000],[1.000000,0.000000,0.000000,0.000000,0.000000,0.000000],[1.000000,0.000000,0.000000,0.000000,0.000000,0.000000],[1.000000,0.000000,0.000000,0.000000,0.000000,0.000000],[1.000000,0.000000,0.000000,0.000000,0.000000,0.000000],[1.000000,0.000000,0.000000,0.000000,0.000000,0.000000],[1.000000,0.000000,0.000000,0.000000,0.000000,0.000000],[1.000000,0.000000,0.000000,0.000000,0.000000,0.000000],[1.000000,0.000000,0.000000,0.000000,0.000000,0.000000],[1.000000,0.000000,0.000000,0.000000,0.000000,0.000000],[1.000000,0.000000,0.000000,0.000000,0.000000,0.000000],[1.000000,0.000000,0.000000,0.000000,0.000000,0.000000],[1.000000,0.000000,0.000000,0.000000,0.000000,0.000000],[1.000000,0.000000,0.000000,0.000000,0.000000,0.000000],[1.000000,0.000000,0.000000,0.000000,0.000000,0.000000],[1.000000,0.000000,0.000000,0.000000,0.000000,0.000000],[1.000000,0.000000,0.000000,0.000000,0.000000,0.000000],[1.000000,0.000000,0.000000,0.000000,0.000000,0.000000],[1.000000,0.000000,0.000000,0.000000,0.000000,0.000000],[1.000000,0.000000,0.000000,0.000000,0.000000,0.000000],[1.000000,0.000000,0.000000,0.000000,0.000000,0.000000],[1.000000,0.000000,0.000000,0.000000,0.000000,0.000000],[1.000000,0.000000,0.000000,0.000000,0.000000,0.000000],[1.000000,0.000000,0.000000,0.000000,0.000000,0.000000],[1.000000,0.000000,0.000000,0.000000,0.000000,0.000000],[1.000000,0.000000,0.000000,0.000000,0.000000,0.000000],[1.000000,0.000000,0.000000,0.000000,0.000000,0.000000],[1.000000,0.000000,0.000000,0.000000,0.000000,0.000000]],
  [[1.000000,0.000000,0.000000,0.000000,0.000000,0.000000],[0.976808,0.005886,0.007283,0.001162,0.008861,0.000000],[0.958695,0.018185,0.010228,0.000736,0.012157,0.000000],[0.955332,0.014054,0.015495,0.002004,0.013115,0.000000],[0.043485,0.015916,0.017094,0.002501,0.921004,0.000000],[0.951976,0.015725,0.016256,0.002181,0.013862,0.000000],[0.953336,0.015129,0.015798,0.002114,0.013623,0.000000],[0.955607,0.014026,0.015226,0.001995,0.013146,0.000000],[0.957254,0.019047,0.010489,0.000766,0.012444,0.000000],[0.021225,0.014114,0.007611,0.000635,0.956416,0.000000],[0.952205,0.015633,0.016067,0.002173,0.013921,0.000000],[0.885825,0.029651,0.026554,0.005170,0.052800,0.000000],[0.141770,0.031905,0.028474,0.005952,0.791898,0.000000],[0.894065,0.026143,0.023764,0.004710,0.051318,0.000000],[0.957893,0.012956,0.014382,0.001852,0.012916,0.000000],[0.962474,0.015755,0.009682,0.000653,0.011435,0.000000],[1.000000,0.000000,0.000000,0.000000,0.000000,0.000000],[1.000000,0.000000,0.000000,0.000000,0.000000,0.000000],[0.957439,0.013238,0.014436,0.001880,0.013007,0.000000],[0.953577,0.015059,0.015706,0.002098,0.013560,0.000000],[0.041117,0.014572,0.016908,0.002346,0.925058,0.000000],[0.019991,0.012642,0.007372,0.000578,0.959418,0.000000],[0.976534,0.006011,0.007397,0.001177,0.008882,0.000000],[0.981160,0.004601,0.005709,0.000962,0.007568,0.000000],[0.981304,0.004545,0.005692,0.000951,0.007508,0.000000],[0.981239,0.004574,0.005703,0.000955,0.007529,0.000000],[0.015845,0.003625,0.004434,0.000858,0.975239,0.000000],[0.976192,0.006150,0.007431,0.001203,0.009025,0.000000],[0.959651,0.017559,0.010117,0.000716,0.011957,0.000000],[0.958018,0.018597,0.010329,0.000751,0.012305,0.000000],[0.955777,0.019979,0.010634,0.000797,0.012813,0.000000],[0.952433,0.015500,0.016038,0.002161,0.013869,0.000000],[0.137044,0.030058,0.029164,0.005771,0.797963,0.000000],[0.138918,0.031848,0.030860,0.005995,0.792379,0.000000],[0.135107,0.029937,0.030474,0.005781,0.798701,0.000000],[0.954015,0.014481,0.016200,0.002057,0.013246,0.000000],[0.959383,0.017698,0.010245,0.000720,0.011954,0.000000],[0.976577,0.006006,0.007358,0.001176,0.008882,0.000000],[0.015356,0.003346,0.004263,0.000803,0.976232,0.000000],[1.000000,0.000000,0.000000,0.000000,0.000000,0.000000]],
  [[1.000000,0.000000,0.000000,0.000000,0.000000,0.000000],[0.958781,0.018138,0.010211,0.000734,0.012136,0.000000],[0.952102,0.032434,0.000000,0.000944,0.014520,0.000000],[0.952523,0.028155,0.000000,0.002772,0.016550,0.000000],[0.864671,0.069540,0.000000,0.006502,0.059288,0.000000],[0.146726,0.072147,0.000000,0.007009,0.774118,0.000000],[0.865986,0.068821,0.000000,0.006422,0.058771,0.000000],[0.953583,0.027594,0.000000,0.002698,0.016125,0.000000],[0.951123,0.033328,0.000000,0.000965,0.014583,0.000000],[0.952698,0.028220,0.000000,0.002756,0.016327,0.000000],[0.943380,0.033768,0.000000,0.003360,0.019491,0.000000],[0.864649,0.067198,0.000000,0.006750,0.061402,0.000000],[0.572170,0.079014,0.000000,0.006093,0.342723,0.000000],[0.879654,0.034558,0.024889,0.005641,0.055258,0.000000],[1.000000,0.000000,0.000000,0.000000,0.000000,0.000000],[1.000000,0.000000,0.000000,0.000000,0.000000,0.000000],[0.960112,0.011711,0.014156,0.001736,0.012286,0.000000],[1.000000,0.000000,0.000000,0.000000,0.000000,0.000000],[0.881062,0.030665,0.028073,0.005341,0.054859,0.000000],[0.863790,0.069385,0.000000,0.006548,0.060277,0.000000],[0.953078,0.027979,0.000000,0.002720,0.016223,0.000000],[0.023257,0.022702,0.000000,0.000722,0.953319,0.000000],[0.978361,0.010246,0.000000,0.001378,0.010015,0.000000],[0.017502,0.006100,0.000000,0.000986,0.975413,0.000000],[0.982903,0.007682,0.000000,0.001086,0.008329,0.000000],[0.019670,0.007728,0.000000,0.001165,0.971438,0.000000],[0.978515,0.010162,0.000000,0.001365,0.009958,0.000000],[0.977834,0.010529,0.000000,0.001424,0.010213,0.000000],[0.954455,0.030823,0.000000,0.000885,0.013838,0.000000],[0.955417,0.026355,0.000000,0.002579,0.015648,0.000000],[0.951922,0.028467,0.000000,0.002829,0.016782,0.000000],[0.943399,0.033642,0.000000,0.003364,0.019595,0.000000],[0.868047,0.065139,0.000000,0.006520,0.060295,0.000000],[0.572439,0.079093,0.000000,0.006025,0.342443,0.000000],[0.862988,0.071191,0.000000,0.006627,0.059195,0.000000],[0.051161,0.030383,0.000000,0.003199,0.915257,0.000000],[0.023425,0.022782,0.000000,0.000726,0.953067,0.000000],[0.978606,0.010097,0.000000,0.001360,0.009937,0.000000],[0.981172,0.004608,0.005697,0.000962,0.007561,0.000000],[1.000000,0.000000,0.000000,0.000000,0.000000,0.000000]],
  [[1.000000,0.000000,0.000000,0.000000,0.000000,0.000000],[0.955087,0.014063,0.015765,0.002011,0.013075,0.000000],[0.952213,0.028516,0.000000,0.002784,0.016487,0.000000],[0.942616,0.034214,0.000000,0.003395,0.019776,0.000000],[0.864512,0.067741,0.000000,0.006728,0.061018,0.000000],[0.570984,0.080046,0.000000,0.006119,0.342851,0.000000],[0.860186,0.072725,0.000000,0.006809,0.060280,0.000000],[0.052341,0.031528,0.000000,0.003355,0.912777,0.000000],[0.025564,0.026218,0.000000,0.000856,0.947361,0.000000],[0.948060,0.031143,0.000000,0.003082,0.017716,0.000000],[0.158796,0.072936,0.000000,0.007574,0.760694,0.000000],[0.819485,0.067656,0.016374,0.008853,0.087632,0.000000],[0.820551,0.051328,0.033389,0.008187,0.086545,0.000000],[0.138231,0.027036,0.025299,0.005385,0.804049,0.000000],[1.000000,0.000000,0.000000,0.000000,0.000000,0.000000],[0.958051,0.018371,0.010502,0.000746,0.012330,0.000000],[0.041131,0.013803,0.015451,0.002232,0.927384,0.000000],[1.000000,0.000000,0.000000,0.000000,0.000000,0.000000],[0.562880,0.035469,0.034540,0.005672,0.361440,0.000000],[0.859953,0.070964,0.000000,0.006826,0.062257,0.000000],[0.951195,0.028977,0.000000,0.002863,0.016966,0.000000],[0.952981,0.031877,0.000000,0.000920,0.014222,0.000000],[0.977460,0.010717,0.000000,0.001455,0.010368,0.000000],[0.977996,0.010429,0.000000,0.001408,0.010168,0.000000],[0.020217,0.008040,0.000000,0.001223,0.970520,0.000000],[0.977629,0.010602,0.000000,0.001442,0.010327,0.000000],[0.955431,0.030081,0.000000,0.000860,0.013628,0.000000],[0.023514,0.022917,0.000000,0.000735,0.952834,0.000000],[0.024907,0.024985,0.000000,0.000811,0.949297,0.000000],[0.950311,0.029582,0.000000,0.002939,0.017167,0.000000],[0.862767,0.069241,0.000000,0.006667,0.061325,0.000000],[0.865892,0.065305,0.000000,0.006698,0.062106,0.000000],[0.818009,0.088081,0.000000,0.008546,0.085364,0.000000],[0.866333,0.066065,0.000000,0.006632,0.060969,0.000000],[0.141853,0.070918,0.000000,0.006839,0.780390,0.000000],[0.953193,0.027993,0.000000,0.002711,0.016103,0.000000],[0.954229,0.030958,0.000000,0.000889,0.013924,0.000000],[0.978223,0.010292,0.000000,0.001392,0.010093,0.000000],[0.980917,0.004693,0.005761,0.000979,0.007650,0.000000],[1.000000,0.000000,0.000000,0.000000,0.000000,0.000000]],
  [[1.000000,0.000000,0.000000,0.000000,0.000000,0.000000],[0.043403,0.015837,0.017076,0.002491,0.921193,0.000000],[0.142114,0.070958,0.000000,0.006835,0.780094,0.000000],[0.151496,0.072001,0.000000,0.007305,0.769198,0.000000],[0.200731,0.096997,0.000000,0.009070,0.693202,0.000000],[0.150565,0.072369,0.000000,0.007337,0.769729,0.000000],[0.143175,0.067754,0.000000,0.006838,0.782233,0.000000],[0.945508,0.032711,0.000000,0.003197,0.018584,0.000000],[0.053625,0.032611,0.000000,0.003485,0.910280,0.000000],[0.940714,0.035669,0.000000,0.003548,0.020069,0.000000],[0.866723,0.064252,0.000000,0.006815,0.062211,0.000000],[0.562777,0.038508,0.035539,0.005882,0.357294,0.000000],[1.000000,0.000000,0.000000,0.000000,0.000000,0.000000],[1.000000,0.000000,0.000000,0.000000,0.000000,0.000000],[0.045264,0.016137,0.018827,0.002641,0.917132,0.000000],[0.951943,0.015536,0.016444,0.002175,0.013902,0.000000],[1.000000,0.000000,0.000000,0.000000,0.000000,0.000000],[0.876564,0.036219,0.025082,0.005824,0.056311,0.000000],[0.870060,0.050435,0.015443,0.006428,0.057635,0.000000],[0.861206,0.070879,0.000000,0.006727,0.061188,0.000000],[0.952342,0.028145,0.000000,0.002793,0.016721,0.000000],[0.951750,0.032728,0.000000,0.000952,0.014570,0.000000],[0.023689,0.022971,0.000000,0.000739,0.952601,0.000000],[0.953727,0.031326,0.000000,0.000901,0.014046,0.000000],[0.953369,0.031540,0.000000,0.000912,0.014180,0.000000],[0.952930,0.031871,0.000000,0.000923,0.014275,0.000000],[0.951685,0.032789,0.000000,0.000955,0.014572,0.000000],[0.953757,0.027487,0.000000,0.002693,0.016063,0.000000],[0.949527,0.030168,0.000000,0.002989,0.017315,0.000000],[0.939000,0.036541,0.000000,0.003686,0.020773,0.000000],[0.860295,0.069116,0.000000,0.007075,0.063514,0.000000],[0.573482,0.075816,0.000000,0.006172,0.344530,0.000000],[0.862218,0.067981,0.000000,0.006939,0.062862,0.000000],[0.940875,0.035431,0.000000,0.003541,0.020152,0.000000],[0.052243,0.030948,0.000000,0.003324,0.913485,0.000000],[0.955029,0.026644,0.000000,0.002600,0.015727,0.000000],[0.953881,0.031114,0.000000,0.000902,0.014103,0.000000],[0.977591,0.010612,0.000000,0.001449,0.010349,0.000000],[0.018158,0.004743,0.005672,0.001046,0.970381,0.000000],[1.000000,0.000000,0.000000,0.000000,0.000000,0.000000]],
  [[1.000000,0.000000,0.000000,0.000000,0.000000,0.000000],[0.951714,0.015716,0.016566,0.002187,0.013817,0.000000],[0.862068,0.071715,0.000000,0.006689,0.059528,0.000000],[0.570925,0.081041,0.000000,0.006162,0.341873,0.000000],[0.151586,0.072195,0.000000,0.007332,0.768888,0.000000],[0.941279,0.035291,0.000000,0.003480,0.019950,0.000000],[0.054704,0.030739,0.000000,0.003394,0.911162,0.000000],[0.879459,0.056605,0.000000,0.005810,0.058126,0.000000],[0.872369,0.061746,0.000000,0.006150,0.059734,0.000000],[0.148799,0.069114,0.000000,0.007083,0.775005,0.000000],[0.862891,0.067646,0.000000,0.006874,0.062589,0.000000],[0.873658,0.038347,0.024240,0.006028,0.057727,0.000000],[1.000000,0.000000,0.000000,0.000000,0.000000,0.000000],[0.043506,0.014486,0.017515,0.002442,0.922051,0.000000],[0.882498,0.030185,0.029302,0.005301,0.052715,0.000000],[1.000000,0.000000,0.000000,0.000000,0.000000,0.000000],[0.879644,0.035402,0.022904,0.005660,0.056391,0.000000],[0.937062,0.024844,0.017447,0.003068,0.017580,0.000000],[0.055443,0.033226,0.000000,0.003602,0.907729,0.000000],[0.951942,0.028547,0.000000,0.002820,0.016691,0.000000],[0.954744,0.026613,0.000000,0.002625,0.016017,0.000000],[0.951428,0.032966,0.000000,0.000960,0.014646,0.000000],[0.955315,0.026382,0.000000,0.002581,0.015722,0.000000],[0.953411,0.027590,0.000000,0.002712,0.016287,0.000000],[0.952402,0.028121,0.000000,0.002788,0.016689,0.000000],[0.952770,0.027898,0.000000,0.002767,0.016564,0.000000],[0.952345,0.028281,0.000000,0.002797,0.016578,0.000000],[0.949310,0.030231,0.000000,0.003015,0.017443,0.000000],[0.859172,0.072063,0.000000,0.006895,0.061871,0.000000],[0.865918,0.064204,0.000000,0.006888,0.062989,0.000000],[0.211922,0.091226,0.000000,0.009603,0.687249,0.000000],[0.859584,0.068358,0.000000,0.007332,0.064727,0.000000],[0.152467,0.070817,0.000000,0.007401,0.769315,0.000000],[0.944160,0.033301,0.000000,0.003331,0.019209,0.000000],[0.947618,0.035816,0.000000,0.001055,0.015511,0.000000],[0.950843,0.033458,0.000000,0.000975,0.014724,0.000000],[0.951726,0.032747,0.000000,0.000953,0.014574,0.000000],[0.953413,0.031533,0.000000,0.000911,0.014143,0.000000],[0.958515,0.018225,0.010337,0.000739,0.012185,0.000000],[1.000000,0.000000,0.000000,0.000000,0.000000,0.000000]],
  [[1.000000,0.000000,0.000000,0.000000,0.000000,0.000000],[0.953393,0.015087,0.015797,0.002109,0.013614,0.000000],[0.143385,0.068685,0.000000,0.006678,0.781253,0.000000],[0.861468,0.071321,0.000000,0.006703,0.060508,0.000000],[0.863372,0.070239,0.000000,0.006585,0.059804,0.000000],[0.950471,0.029627,0.000000,0.002908,0.016994,0.000000],[0.954741,0.026469,0.000000,0.002625,0.016165,0.000000],[0.000000,0.000000,0.000000,0.000000,0.000000,1.000000],[0.573723,0.073328,0.000000,0.005589,0.347361,0.000000],[0.869156,0.064398,0.000000,0.006440,0.060007,0.000000],[0.942535,0.034365,0.000000,0.003433,0.019666,0.000000],[0.947079,0.020920,0.014254,0.002576,0.015171,0.000000],[0.950900,0.016940,0.015692,0.002302,0.014166,0.000000],[0.045831,0.016599,0.018968,0.002696,0.915906,0.000000],[1.000000,0.000000,0.000000,0.000000,0.000000,0.000000],[0.562521,0.036068,0.035620,0.005772,0.360019,0.000000],[0.871053,0.049766,0.015044,0.006359,0.057779,0.000000],[0.948690,0.030661,0.000000,0.003055,0.017594,0.000000],[0.949662,0.034306,0.000000,0.001007,0.015025,0.000000],[0.952574,0.032135,0.000000,0.000934,0.014357,0.000000],[0.953502,0.031392,0.000000,0.000912,0.014194,0.000000],[0.951911,0.032550,0.000000,0.000950,0.014590,0.000000],[0.953473,0.027441,0.000000,0.002714,0.016372,0.000000],[0.867924,0.066272,0.000000,0.006319,0.059485,0.000000],[0.863055,0.069807,0.000000,0.006623,0.060516,0.000000],[0.864109,0.069174,0.000000,0.006559,0.060157,0.000000],[0.944213,0.033356,0.000000,0.003320,0.019111,0.000000],[0.063030,0.038939,0.000000,0.004249,0.893782,0.000000],[0.856845,0.071967,0.000000,0.007282,0.063906,0.000000],[0.576110,0.075235,0.000000,0.006352,0.342302,0.000000],[0.819947,0.084721,0.000000,0.009122,0.086210,0.000000],[0.857478,0.069864,0.000000,0.007470,0.065189,0.000000],[0.862896,0.068202,0.000000,0.006906,0.061996,0.000000],[0.944344,0.033188,0.000000,0.003322,0.019146,0.000000],[0.946264,0.036760,0.000000,0.001091,0.015885,0.000000],[0.050076,0.029122,0.000000,0.003137,0.917665,0.000000],[0.951378,0.028862,0.000000,0.002856,0.016904,0.000000],[0.951918,0.028421,0.000000,0.002817,0.016844,0.000000],[0.953699,0.014947,0.015597,0.002093,0.013664,0.000000],[1.000000,0.000000,0.000000,0.000000,0.000000,0.000000]],
  [[1.000000,0.000000,0.000000,0.000000,0.000000,0.000000],[0.955659,0.013918,0.015398,0.001986,0.013039,0.000000],[0.954142,0.027146,0.000000,0.002662,0.016050,0.000000],[0.952284,0.028305,0.000000,0.002791,0.016620,0.000000],[0.952871,0.028035,0.000000,0.002748,0.016346,0.000000],[0.049615,0.028968,0.000000,0.003084,0.918333,0.000000],[0.959979,0.022873,0.000000,0.002278,0.014870,0.000000],[0.135604,0.041093,0.000000,0.004865,0.818438,0.000000],[0.894960,0.043818,0.000000,0.004846,0.056376,0.000000],[0.876080,0.059711,0.000000,0.005918,0.058291,0.000000],[0.056688,0.034260,0.000000,0.003682,0.905370,0.000000],[0.948925,0.019877,0.014128,0.002469,0.014602,0.000000],[0.952217,0.015381,0.016435,0.002168,0.013799,0.000000],[1.000000,0.000000,0.000000,0.000000,0.000000,0.000000],[0.138836,0.030925,0.029417,0.005903,0.794920,0.000000],[0.870884,0.050147,0.015735,0.006388,0.056846,0.000000],[0.861121,0.070965,0.000000,0.006734,0.061180,0.000000],[0.952306,0.028317,0.000000,0.002793,0.016584,0.000000],[0.953118,0.031739,0.000000,0.000920,0.014223,0.000000],[0.977653,0.010530,0.000000,0.001444,0.010373,0.000000],[0.977690,0.010505,0.000000,0.001439,0.010366,0.000000],[0.954788,0.030414,0.000000,0.000878,0.013920,0.000000],[0.952288,0.028283,0.000000,0.002786,0.016644,0.000000],[0.862553,0.070055,0.000000,0.006646,0.060746,0.000000],[0.565722,0.083070,0.000000,0.006147,0.345062,0.000000],[0.148670,0.074237,0.000000,0.007290,0.769803,0.000000],[0.939262,0.036620,0.000000,0.003666,0.020452,0.000000],[0.149356,0.072352,0.000000,0.007404,0.770888,0.000000],[0.209627,0.101940,0.000000,0.009860,0.678573,0.000000],[0.810861,0.091589,0.000000,0.009440,0.088111,0.000000],[0.812249,0.090810,0.000000,0.009352,0.087588,0.000000],[0.566657,0.083262,0.000000,0.006503,0.343578,0.000000],[0.150538,0.075886,0.000000,0.007497,0.766079,0.000000],[0.943018,0.033955,0.000000,0.003420,0.019607,0.000000],[0.948153,0.030952,0.000000,0.003096,0.017799,0.000000],[0.941699,0.034769,0.000000,0.003484,0.020048,0.000000],[0.867197,0.065508,0.000000,0.006577,0.060718,0.000000],[0.869470,0.063774,0.000000,0.006437,0.060320,0.000000],[0.887219,0.029250,0.025428,0.005095,0.053007,0.000000],[1.000000,0.000000,0.000000,0.000000,0.000000,0.000000]],
  [[1.000000,0.000000,0.000000,0.000000,0.000000,0.000000],[0.960637,0.016896,0.009968,0.000693,0.011805,0.000000],[0.955616,0.020242,0.010519,0.000804,0.012819,0.000000],[0.953194,0.022093,0.010559,0.000857,0.013297,0.000000],[0.952011,0.032610,0.000000,0.000945,0.014434,0.000000],[0.024281,0.024005,0.000000,0.000774,0.950940,0.000000],[0.958540,0.024097,0.000000,0.002369,0.014994,0.000000],[0.000000,0.000000,0.000000,0.000000,0.000000,1.000000],[0.000000,0.000000,0.000000,0.000000,0.000000,1.000000],[0.956741,0.025268,0.000000,0.002494,0.015496,0.000000],[0.047364,0.022316,0.013714,0.003016,0.913590,0.000000],[0.136049,0.036122,0.026476,0.006258,0.795094,0.000000],[1.000000,0.000000,0.000000,0.000000,0.000000,0.000000],[1.000000,0.000000,0.000000,0.000000,0.000000,0.000000],[0.049292,0.020310,0.017861,0.003072,0.909465,0.000000],[0.950140,0.029977,0.000000,0.002925,0.016958,0.000000],[0.951977,0.028798,0.000000,0.002796,0.016429,0.000000],[0.048000,0.028052,0.000000,0.002963,0.920985,0.000000],[0.956471,0.029238,0.000000,0.000835,0.013455,0.000000],[0.979163,0.009703,0.000000,0.001311,0.009824,0.000000],[0.000000,0.000000,0.000000,0.000000,0.000000,1.000000],[0.958293,0.027754,0.000000,0.000790,0.013162,0.000000],[0.049324,0.026474,0.000000,0.002901,0.921301,0.000000],[0.873913,0.061233,0.000000,0.006152,0.058702,0.000000],[0.866663,0.065450,0.000000,0.006636,0.061251,0.000000],[0.864149,0.067438,0.000000,0.006805,0.061609,0.000000],[0.070489,0.044335,0.000000,0.004895,0.880280,0.000000],[0.867707,0.064016,0.000000,0.006755,0.061522,0.000000],[0.566821,0.083957,0.000000,0.006515,0.342707,0.000000],[0.861821,0.067215,0.000000,0.007152,0.063812,0.000000],[0.866577,0.064197,0.000000,0.006839,0.062387,0.000000],[0.150738,0.072258,0.000000,0.007404,0.769601,0.000000],[0.859903,0.072309,0.000000,0.006838,0.060950,0.000000],[0.942915,0.034042,0.000000,0.003430,0.019612,0.000000],[0.861610,0.069912,0.000000,0.006747,0.061731,0.000000],[0.859543,0.069942,0.000000,0.007091,0.063424,0.000000],[0.212112,0.099121,0.000000,0.009672,0.679095,0.000000],[0.569324,0.082598,0.000000,0.006377,0.341702,0.000000],[0.876927,0.032555,0.029416,0.005584,0.055518,0.000000],[1.000000,0.000000,0.000000,0.000000,0.000000,0.000000]],
  [[1.000000,0.000000,0.000000,0.000000,0.000000,0.000000],[1.000000,0.000000,0.000000,0.000000,0.000000,0.000000],[1.000000,0.000000,0.000000,0.000000,0.000000,0.000000],[0.954100,0.021529,0.010443,0.000838,0.013090,0.000000],[0.951875,0.032667,0.000000,0.000951,0.014507,0.000000],[0.951307,0.033053,0.000000,0.000963,0.014676,0.000000],[0.952709,0.031901,0.000000,0.000927,0.014462,0.000000],[0.954439,0.030534,0.000000,0.000886,0.014141,0.000000],[0.955879,0.019861,0.010595,0.000796,0.012869,0.000000],[0.955768,0.019844,0.010796,0.000796,0.012795,0.000000],[0.043089,0.015877,0.017430,0.002507,0.921098,0.000000],[1.000000,0.000000,0.000000,0.000000,0.000000,0.000000],[0.570901,0.032378,0.032596,0.005388,0.358736,0.000000],[0.876114,0.036621,0.025188,0.005870,0.056206,0.000000],[0.948643,0.019942,0.014144,0.002480,0.014790,0.000000],[0.024656,0.024844,0.000000,0.000802,0.949698,0.000000],[0.023321,0.023112,0.000000,0.000735,0.952832,0.000000],[0.022889,0.022280,0.000000,0.000706,0.954125,0.000000],[0.958281,0.027964,0.000000,0.000790,0.012964,0.000000],[0.000000,0.000000,0.000000,0.000000,0.000000,1.000000],[0.000000,0.000000,0.000000,0.000000,0.000000,1.000000],[0.000000,0.000000,0.000000,0.000000,0.000000,1.000000],[0.962661,0.020994,0.000000,0.002095,0.014250,0.000000],[0.949134,0.029771,0.000000,0.002979,0.018116,0.000000],[0.867510,0.065476,0.000000,0.006569,0.060446,0.000000],[0.862769,0.068247,0.000000,0.006894,0.062090,0.000000],[0.871978,0.060695,0.000000,0.006476,0.060851,0.000000],[0.862464,0.068748,0.000000,0.006917,0.061870,0.000000],[0.151540,0.076667,0.000000,0.007590,0.764204,0.000000],[0.864798,0.067417,0.000000,0.006765,0.061020,0.000000],[0.061424,0.038218,0.000000,0.004172,0.896186,0.000000],[0.946909,0.032022,0.000000,0.003166,0.017903,0.000000],[0.949030,0.030686,0.000000,0.003020,0.017264,0.000000],[0.944228,0.033309,0.000000,0.003328,0.019135,0.000000],[0.856950,0.073376,0.000000,0.007040,0.062634,0.000000],[0.573442,0.076738,0.000000,0.006246,0.343574,0.000000],[0.216661,0.094941,0.000000,0.009870,0.678528,0.000000],[0.861432,0.067560,0.000000,0.007174,0.063833,0.000000],[0.143771,0.033187,0.027203,0.006098,0.789741,0.000000],[1.000000,0.000000,0.000000,0.000000,0.000000,0.000000]],
  [[1.000000,0.000000,0.000000,0.000000,0.000000,0.000000],[0.976960,0.005806,0.007302,0.001148,0.008784,0.000000],[0.957382,0.019093,0.010395,0.000765,0.012365,0.000000],[0.952922,0.017596,0.013451,0.002234,0.013798,0.000000],[0.953508,0.027437,0.000000,0.002714,0.016340,0.000000],[0.952017,0.028464,0.000000,0.002810,0.016710,0.000000],[0.952787,0.027990,0.000000,0.002759,0.016465,0.000000],[0.949782,0.029593,0.000000,0.002919,0.017706,0.000000],[0.952677,0.016006,0.015126,0.002201,0.013990,0.000000],[1.000000,0.000000,0.000000,0.000000,0.000000,0.000000],[1.000000,0.000000,0.000000,0.000000,0.000000,0.000000],[0.877041,0.035404,0.026226,0.005770,0.055559,0.000000],[0.869825,0.050984,0.016060,0.006462,0.056670,0.000000],[0.860695,0.071853,0.000000,0.006743,0.060709,0.000000],[0.951756,0.028753,0.000000,0.002824,0.016667,0.000000],[0.951960,0.032662,0.000000,0.000946,0.014432,0.000000],[0.954826,0.030625,0.000000,0.000872,0.013678,0.000000],[0.020415,0.008200,0.000000,0.001245,0.970139,0.000000],[0.979029,0.009867,0.000000,0.001318,0.009785,0.000000],[0.980304,0.009116,0.000000,0.001211,0.009369,0.000000],[0.000000,0.000000,0.000000,0.000000,0.000000,1.000000],[0.000000,0.000000,0.000000,0.000000,0.000000,1.000000],[0.000000,0.000000,0.000000,0.000000,0.000000,1.000000],[0.049061,0.025504,0.000000,0.002826,0.922609,0.000000],[0.146520,0.073574,0.000000,0.007135,0.772772,0.000000],[0.564515,0.085718,0.000000,0.006300,0.343466,0.000000],[0.867133,0.064612,0.000000,0.006621,0.061634,0.000000],[0.934367,0.039138,0.000000,0.003966,0.022529,0.000000],[0.062551,0.038674,0.000000,0.004243,0.894532,0.000000],[0.941338,0.035312,0.000000,0.003517,0.019832,0.000000],[0.944706,0.033054,0.000000,0.003283,0.018957,0.000000],[0.049732,0.030263,0.000000,0.003222,0.916783,0.000000],[0.025502,0.026357,0.000000,0.000862,0.947280,0.000000],[0.052733,0.032017,0.000000,0.003448,0.911802,0.000000],[0.857713,0.073568,0.000000,0.006980,0.061739,0.000000],[0.864903,0.065394,0.000000,0.006953,0.062749,0.000000],[0.813179,0.091773,0.000000,0.009210,0.085838,0.000000],[0.862325,0.067150,0.000000,0.007138,0.063387,0.000000],[0.877972,0.032715,0.027858,0.005547,0.055908,0.000000],[1.000000,0.000000,0.000000,0.000000,0.000000,0.000000]],
  [[1.000000,0.000000,0.000000,0.000000,0.000000,0.000000],[0.018075,0.004765,0.005700,0.001046,0.970414,0.000000],[0.023440,0.022985,0.000000,0.000731,0.952844,0.000000],[0.953192,0.027920,0.000000,0.002718,0.016170,0.000000],[0.866362,0.067899,0.000000,0.006408,0.059331,0.000000],[0.861035,0.071982,0.000000,0.006752,0.060231,0.000000],[0.143820,0.070917,0.000000,0.006900,0.778363,0.000000],[0.942636,0.022855,0.015041,0.002815,0.016654,0.000000],[0.884014,0.030215,0.026134,0.005235,0.054402,0.000000],[1.000000,0.000000,0.000000,0.000000,0.000000,0.000000],[0.887443,0.028948,0.024464,0.005017,0.054129,0.000000],[0.054717,0.023971,0.016428,0.003449,0.901436,0.000000],[0.053857,0.028587,0.000000,0.003219,0.914338,0.000000],[0.055964,0.031227,0.000000,0.003455,0.909354,0.000000],[0.952077,0.027644,0.000000,0.002781,0.017498,0.000000],[0.955239,0.026316,0.000000,0.002590,0.015855,0.000000],[0.954029,0.031102,0.000000,0.000893,0.013975,0.000000],[0.977774,0.010549,0.000000,0.001426,0.010250,0.000000],[0.019841,0.007812,0.000000,0.001178,0.971169,0.000000],[0.983607,0.007270,0.000000,0.001026,0.008097,0.000000],[0.000000,0.000000,0.000000,0.000000,0.000000,1.000000],[0.980714,0.008864,0.000000,0.001177,0.009245,0.000000],[0.000000,0.000000,0.000000,0.000000,0.000000,1.000000],[0.959350,0.023277,0.000000,0.002321,0.015053,0.000000],[0.140031,0.070420,0.000000,0.006761,0.782787,0.000000],[0.860724,0.072175,0.000000,0.006771,0.060331,0.000000],[0.862634,0.070010,0.000000,0.006653,0.060704,0.000000],[0.942599,0.034199,0.000000,0.003442,0.019760,0.000000],[0.862002,0.070367,0.000000,0.006695,0.060935,0.000000],[0.859512,0.072878,0.000000,0.006854,0.060756,0.000000],[0.140945,0.071274,0.000000,0.006873,0.780908,0.000000],[0.950218,0.030095,0.000000,0.002916,0.016771,0.000000],[0.049392,0.030016,0.000000,0.003190,0.917402,0.000000],[0.944965,0.033015,0.000000,0.003263,0.018757,0.000000],[0.938772,0.036864,0.000000,0.003715,0.020649,0.000000],[0.074155,0.047471,0.000000,0.005280,0.873094,0.000000],[0.158130,0.070477,0.000000,0.007786,0.763606,0.000000],[0.568933,0.080658,0.000000,0.006314,0.344094,0.000000],[0.876880,0.033161,0.028243,0.005613,0.056104,0.000000],[1.000000,0.000000,0.000000,0.000000,0.000000,0.000000]],
  [[1.000000,0.000000,0.000000,0.000000,0.000000,0.000000],[0.976038,0.006214,0.007522,0.001210,0.009016,0.000000],[0.023362,0.022995,0.000000,0.000731,0.952912,0.000000],[0.950918,0.029429,0.000000,0.002866,0.016787,0.000000],[0.147899,0.073070,0.000000,0.007134,0.771898,0.000000],[0.564204,0.088335,0.000000,0.006392,0.341069,0.000000],[0.148464,0.075487,0.000000,0.007379,0.768670,0.000000],[0.935412,0.025711,0.017842,0.003161,0.017874,0.000000],[1.000000,0.000000,0.000000,0.000000,0.000000,0.000000],[0.562191,0.037389,0.037723,0.005970,0.356728,0.000000],[0.142747,0.044100,0.018201,0.006710,0.788243,0.000000],[0.000000,0.000000,0.000000,0.000000,0.000000,1.000000],[0.884386,0.052819,0.000000,0.005499,0.057296,0.000000],[0.000000,0.000000,0.000000,0.000000,0.000000,1.000000],[0.876601,0.059307,0.000000,0.005873,0.058219,0.000000],[0.953150,0.027691,0.000000,0.002717,0.016441,0.000000],[0.952831,0.031955,0.000000,0.000921,0.014294,0.000000],[0.022898,0.021964,0.000000,0.000697,0.954441,0.000000],[0.978240,0.010274,0.000000,0.001387,0.010099,0.000000],[0.979760,0.009406,0.000000,0.001256,0.009578,0.000000],[0.000000,0.000000,0.000000,0.000000,0.000000,1.000000],[0.979972,0.009266,0.000000,0.001240,0.009522,0.000000],[0.957538,0.028397,0.000000,0.000809,0.013256,0.000000],[0.959242,0.023575,0.000000,0.002324,0.014860,0.000000],[0.953765,0.027533,0.000000,0.002675,0.016027,0.000000],[0.051932,0.030804,0.000000,0.003275,0.913990,0.000000],[0.951320,0.029023,0.000000,0.002860,0.016797,0.000000],[0.945553,0.032308,0.000000,0.003223,0.018915,0.000000],[0.863569,0.068768,0.000000,0.006601,0.061063,0.000000],[0.566061,0.085637,0.000000,0.006207,0.342095,0.000000],[0.144494,0.073018,0.000000,0.007054,0.775434,0.000000],[0.052967,0.032295,0.000000,0.003438,0.911300,0.000000],[0.949804,0.030022,0.000000,0.002976,0.017198,0.000000],[0.860888,0.071754,0.000000,0.006771,0.060588,0.000000],[0.151909,0.071735,0.000000,0.007414,0.768942,0.000000],[0.864824,0.065842,0.000000,0.006975,0.062359,0.000000],[0.862845,0.067031,0.000000,0.007113,0.063012,0.000000],[0.859974,0.070470,0.000000,0.007109,0.062447,0.000000],[0.881661,0.030732,0.027709,0.005343,0.054554,0.000000],[1.000000,0.000000,0.000000,0.000000,0.000000,0.000000]],
  [[1.000000,0.000000,0.000000,0.000000,0.000000,0.000000],[0.975834,0.006307,0.007538,0.001226,0.009095,0.000000],[0.023806,0.023487,0.000000,0.000751,0.951955,0.000000],[0.947280,0.031375,0.000000,0.003087,0.018258,0.000000],[0.868333,0.064993,0.000000,0.006521,0.060153,0.000000],[0.155192,0.074482,0.000000,0.007635,0.762691,0.000000],[0.864623,0.067595,0.000000,0.006782,0.061000,0.000000],[0.931564,0.027388,0.018380,0.003381,0.019287,0.000000],[0.867980,0.051713,0.016423,0.006586,0.057297,0.000000],[0.144408,0.057420,0.014000,0.007360,0.776812,0.000000],[0.143948,0.067575,0.000000,0.006847,0.781630,0.000000],[0.946496,0.031500,0.000000,0.003152,0.018852,0.000000],[0.883105,0.051721,0.000000,0.005568,0.059607,0.000000],[0.578692,0.068539,0.000000,0.005477,0.347293,0.000000],[0.883874,0.051652,0.000000,0.005522,0.058951,0.000000],[0.055147,0.029702,0.000000,0.003249,0.911902,0.000000],[0.959504,0.023503,0.000000,0.002302,0.014691,0.000000],[0.955538,0.030018,0.000000,0.000855,0.013588,0.000000],[0.958351,0.027870,0.000000,0.000788,0.012990,0.000000],[0.961132,0.025652,0.000000,0.000723,0.012494,0.000000],[0.000000,0.000000,0.000000,0.000000,0.000000,1.000000],[0.979211,0.009682,0.000000,0.001305,0.009801,0.000000],[0.956920,0.028932,0.000000,0.000824,0.013324,0.000000],[0.023355,0.022426,0.000000,0.000717,0.953503,0.000000],[0.954112,0.031040,0.000000,0.000892,0.013956,0.000000],[0.953066,0.031816,0.000000,0.000919,0.014200,0.000000],[0.024352,0.024326,0.000000,0.000785,0.950537,0.000000],[0.952105,0.028605,0.000000,0.002795,0.016494,0.000000],[0.865146,0.069264,0.000000,0.006473,0.059116,0.000000],[0.862231,0.071305,0.000000,0.006669,0.059795,0.000000],[0.141658,0.070702,0.000000,0.006816,0.780823,0.000000],[0.949648,0.030265,0.000000,0.002970,0.017118,0.000000],[0.947713,0.031438,0.000000,0.003118,0.017731,0.000000],[0.855843,0.075062,0.000000,0.007112,0.061983,0.000000],[0.567258,0.083524,0.000000,0.006477,0.342741,0.000000],[0.813360,0.091773,0.000000,0.009203,0.085664,0.000000],[0.161538,0.073380,0.000000,0.008015,0.757067,0.000000],[0.152238,0.073220,0.000000,0.007500,0.767043,0.000000],[0.943855,0.018938,0.018443,0.002606,0.016158,0.000000],[1.000000,0.000000,0.000000,0.000000,0.000000,0.000000]],
  [[1.000000,0.000000,0.000000,0.000000,0.000000,0.000000],[0.019927,0.012598,0.007350,0.000576,0.959549,0.000000],[0.952093,0.032629,0.000000,0.000938,0.014340,0.000000],[0.945913,0.032236,0.000000,0.003182,0.018668,0.000000],[0.866510,0.066052,0.000000,0.006644,0.060794,0.000000],[0.860565,0.069602,0.000000,0.007053,0.062780,0.000000],[0.863564,0.068174,0.000000,0.006852,0.061410,0.000000],[0.070705,0.043314,0.000000,0.004816,0.881165,0.000000],[0.940716,0.035665,0.000000,0.003579,0.020041,0.000000],[0.062661,0.039259,0.000000,0.004259,0.893820,0.000000],[0.058294,0.036283,0.000000,0.003913,0.901510,0.000000],[0.061588,0.037578,0.000000,0.004080,0.896753,0.000000],[0.866885,0.066274,0.000000,0.006558,0.060283,0.000000],[0.205325,0.097488,0.000000,0.009058,0.688129,0.000000],[0.194613,0.067150,0.000000,0.007255,0.730983,0.000000],[0.000000,0.000000,0.000000,0.000000,0.000000,1.000000],[0.963945,0.019631,0.000000,0.001970,0.014454,0.000000],[0.041570,0.019010,0.000000,0.002117,0.937303,0.000000],[0.967917,0.017600,0.000000,0.001734,0.012749,0.000000],[0.000000,0.000000,0.000000,0.000000,0.000000,1.000000],[0.979817,0.009350,0.000000,0.001253,0.009580,0.000000],[0.979037,0.009783,0.000000,0.001321,0.009859,0.000000],[0.978353,0.010187,0.000000,0.001380,0.010081,0.000000],[0.977748,0.010510,0.000000,0.001432,0.010310,0.000000],[0.977264,0.010771,0.000000,0.001475,0.010490,0.000000],[0.976735,0.011058,0.000000,0.001522,0.010685,0.000000],[0.953517,0.031537,0.000000,0.000906,0.014040,0.000000],[0.047149,0.028043,0.000000,0.002945,0.921863,0.000000],[0.049915,0.029754,0.000000,0.003145,0.917186,0.000000],[0.951614,0.029000,0.000000,0.002821,0.016566,0.000000],[0.951684,0.028768,0.000000,0.002832,0.016716,0.000000],[0.947309,0.031376,0.000000,0.003094,0.018221,0.000000],[0.059599,0.036622,0.000000,0.003977,0.899801,0.000000],[0.151372,0.072818,0.000000,0.007466,0.768344,0.000000],[0.861856,0.067204,0.000000,0.007152,0.063789,0.000000],[0.212371,0.092637,0.000000,0.009611,0.685382,0.000000],[0.567235,0.084316,0.000000,0.006502,0.341947,0.000000],[0.147168,0.075434,0.000000,0.007346,0.770052,0.000000],[0.950130,0.016555,0.016842,0.002282,0.014191,0.000000],[1.000000,0.000000,0.000000,0.000000,0.000000,0.000000]],
  [[1.000000,0.000000,0.000000,0.000000,0.000000,0.000000],[0.958456,0.018299,0.010366,0.000740,0.012139,0.000000],[0.048535,0.028856,0.000000,0.003048,0.919560,0.000000],[0.060394,0.036698,0.000000,0.003963,0.898945,0.000000],[0.860938,0.069473,0.000000,0.006980,0.062609,0.000000],[0.568625,0.081210,0.000000,0.006318,0.343847,0.000000],[0.151989,0.072854,0.000000,0.007475,0.767681,0.000000],[0.939454,0.036306,0.000000,0.003669,0.020571,0.000000],[0.859985,0.072263,0.000000,0.006830,0.060923,0.000000],[0.859441,0.072628,0.000000,0.006862,0.061069,0.000000],[0.861689,0.071641,0.000000,0.006721,0.059948,0.000000],[0.944486,0.033166,0.000000,0.003292,0.019057,0.000000],[0.061426,0.037453,0.000000,0.004032,0.897089,0.000000],[0.153417,0.071876,0.000000,0.007251,0.767456,0.000000],[0.592009,0.051877,0.000000,0.004498,0.351615,0.000000],[0.000000,0.000000,0.000000,0.000000,0.000000,1.000000],[0.000000,0.000000,0.000000,0.000000,0.000000,1.000000],[0.000000,0.000000,0.000000,0.000000,0.000000,1.000000],[0.000000,0.000000,0.000000,0.000000,0.000000,1.000000],[0.000000,0.000000,0.000000,0.000000,0.000000,1.000000],[0.979579,0.009509,0.000000,0.001272,0.009640,0.000000],[0.982717,0.007731,0.000000,0.001103,0.008448,0.000000],[0.982608,0.007805,0.000000,0.001111,0.008475,0.000000],[0.978096,0.010323,0.000000,0.001402,0.010179,0.000000],[0.955860,0.029708,0.000000,0.000851,0.013581,0.000000],[0.954004,0.031018,0.000000,0.000898,0.014079,0.000000],[0.952352,0.032333,0.000000,0.000935,0.014380,0.000000],[0.024142,0.024156,0.000000,0.000776,0.950926,0.000000],[0.024452,0.024608,0.000000,0.000792,0.950148,0.000000],[0.950819,0.033569,0.000000,0.000970,0.014642,0.000000],[0.024995,0.025273,0.000000,0.000820,0.948912,0.000000],[0.950626,0.029642,0.000000,0.002897,0.016834,0.000000],[0.869098,0.065305,0.000000,0.006468,0.059130,0.000000],[0.153527,0.073795,0.000000,0.007565,0.765112,0.000000],[0.866207,0.064613,0.000000,0.006850,0.062330,0.000000],[0.869224,0.062222,0.000000,0.006649,0.061905,0.000000],[0.865063,0.066757,0.000000,0.006723,0.061457,0.000000],[0.864069,0.070330,0.000000,0.006564,0.059037,0.000000],[0.043088,0.015911,0.017417,0.002504,0.921080,0.000000],[1.000000,0.000000,0.000000,0.000000,0.000000,0.000000]],
  [[1.000000,0.000000,0.000000,0.000000,0.000000,0.000000],[0.957507,0.018898,0.010492,0.000760,0.012344,0.000000],[0.952184,0.028654,0.000000,0.002785,0.016377,0.000000],[0.146700,0.069061,0.000000,0.007010,0.777229,0.000000],[0.808491,0.097121,0.000000,0.009082,0.085306,0.000000],[0.208840,0.096725,0.000000,0.009385,0.685049,0.000000],[0.864775,0.066914,0.000000,0.006749,0.061562,0.000000],[0.940729,0.035395,0.000000,0.003578,0.020298,0.000000],[0.862138,0.069659,0.000000,0.006710,0.061494,0.000000],[0.567288,0.080479,0.000000,0.005987,0.346246,0.000000],[0.863720,0.068724,0.000000,0.006599,0.060957,0.000000],[0.948986,0.030421,0.000000,0.003030,0.017563,0.000000],[0.949884,0.029887,0.000000,0.002953,0.017275,0.000000],[0.876117,0.059637,0.000000,0.005907,0.058339,0.000000],[0.896268,0.042337,0.000000,0.004759,0.056637,0.000000],[0.000000,0.000000,0.000000,0.000000,0.000000,1.000000],[0.595148,0.041153,0.000000,0.003635,0.360064,0.000000],[0.000000,0.000000,0.000000,0.000000,0.000000,1.000000],[0.000000,0.000000,0.000000,0.000000,0.000000,1.000000],[0.961957,0.025058,0.000000,0.000701,0.012284,0.000000],[0.978983,0.009862,0.000000,0.001322,0.009833,0.000000],[0.017486,0.006080,0.000000,0.000983,0.975451,0.000000],[0.982506,0.007856,0.000000,0.001120,0.008517,0.000000],[0.020434,0.008068,0.000000,0.001236,0.970262,0.000000],[0.954556,0.030665,0.000000,0.000882,0.013897,0.000000],[0.956000,0.025838,0.000000,0.002538,0.015625,0.000000],[0.953388,0.027602,0.000000,0.002713,0.016298,0.000000],[0.951793,0.028781,0.000000,0.002812,0.016614,0.000000],[0.952774,0.028169,0.000000,0.002747,0.016309,0.000000],[0.954381,0.027253,0.000000,0.002635,0.015731,0.000000],[0.024591,0.024698,0.000000,0.000799,0.949911,0.000000],[0.052284,0.031173,0.000000,0.003323,0.913220,0.000000],[0.860585,0.071902,0.000000,0.006774,0.060739,0.000000],[0.564668,0.085584,0.000000,0.006289,0.343459,0.000000],[0.864638,0.067480,0.000000,0.006757,0.061124,0.000000],[0.941284,0.035089,0.000000,0.003519,0.020108,0.000000],[0.949079,0.030328,0.000000,0.003018,0.017576,0.000000],[0.953313,0.027752,0.000000,0.002714,0.016222,0.000000],[0.041131,0.014380,0.016481,0.002320,0.925689,0.000000],[1.000000,0.000000,0.000000,0.000000,0.000000,0.000000]],
