[
  [[1.000000,0.000000,0.000000,0.000000,0.000000,0.000000],[1.000000,0.000000,0.000000,0.000000,0.000000,0.000000],[1.000000,0.000000,0.000000,0.000000,0.000000,0.000000],[1.000000,0.000000,0.000000,0.000000,0.000000,0.000000],[1.000000,0.000000,0.000000,0.000000,0.000000,0.000000],[1.000000,0.000000,0.000000,0.000000,0.000000,0.000000],[1.000000,0.000000,0.000000,0.000000,0.000000,0.000000],[1.000000,0.000000,0.000000,0.000000,0.000000,0.000000],[1.000000,0.000000,0.000000,0.000000,0.000000,0.000000],[1.000000,0.000000,0.000000,0.000000,0.000000,0.000000],[1.000000,0.000000,0.000000,0.000000,0.000000,0.000000],[1.000000,0.000000,0.000000,0.000000,0.000000,0.000000],[1.000000,0.000000,0.000000,0.000000,0.000000,0.000000],[1.000000,0.000000,0.000000,0.000000,0.000000,0.000000],[1.000000,0.000000,0.000000,0.000000,0.000000,0.000000],[1.000000,0.000000,0.000000,0.000000,0.000000,0.000000],[1.000000,0.000000,0.000000,0.000000,0.000000,0.000000],[1.000000,0.000000,0.000000,0.000000,0.000000,0.000000],[1.000000,0.000000,0.000000,0.000000,0.000000,0.000000],[1.000000,0.000000,0.000000,0.000000,0.000000,0.000000],[1.000000,0.000000,0.000000,0.000000,0.000000,0.000000],[1.000000,0.000000,0.000000,0.000000,0.000000,0.000000],[1.000000,0.000000,0.000000,0.000000,0.000000,0.000000],[1.000000,0.000000,0.000000,0.000000,0.000000,0.000000],[1.000000,0.000000,0.000000,0.000000,0.000000,0.000000],[1.000000,0.000000,0.000000,0.000000,0.000000,0.000000],[1.000000,0.000000,0.000000,0.000000,0.000000,0.000000],[1.000000,0.000000,0.000000,0.000000,0.000000,0.000000],[1.000000,0.000000,0.000000,0.000000,0.000000,0.000000],[1.000000,0.000000,0.000000,0.000000,0.000000,0.000000],[1.000000,0.000000,0.000000,0.000000,0.000000,0.000000],[1.000000,0.000000,0.000000,0.000000,0.000000,0.000000],[1.000000,0.000000,0.000000,0.000000,0.000000,0.000000],[1.000000,0.000000,0.000000,0.000000,0.000000,0.000000],[1.000000,0.000000,0.000000,0.000000,0.000000,0.000000],[1.000000,0.000000,0.000000,0.000000,0.000000,0.000000],[1.000000,0.000000,0.000000,0.000000,0.000000,0.000000],[1.000000,0.000000,0.000000,0.000000,0.000000,0.000000],[1.000000,0.000000,0.000000,0.000000,0.000000,0.000000],[1.000000,0.000000,0.000000,0.000000,0.000000,0.000000]],
  [[1.000000,0.000000,0.000000,0.000000,0.000000,0.000000],[0.987503,0.002678,0.003527,0.000659,0.005633,0.000000],[0.013904,0.002739,0.003498,0.000705,0.979154,0.000000],[0.015531,0.003495,0.004368,0.000829,0.975776,0.000000],[0.976495,0.006034,0.007379,0.001180,0.008912,0.000000],[0.960009,0.017374,0.010038,0.000708,0.011871,0.000000],[0.959869,0.017463,0.010035,0.000710,0.011923,0.000000],[1.000000,0.000000,0.000000,0.000000,0.000000,0.000000],[0.019659,0.011906,0.007003,0.000548,0.960884,0.000000],[0.959329,0.017704,0.010245,0.000720,0.012002,0.000000],[0.957407,0.018991,0.010439,0.000763,0.012401,0.000000],[0.957174,0.019099,0.010495,0.000767,0.012465,0.000000],[0.957207,0.019111,0.010428,0.000767,0.012486,0.000000],[0.957547,0.018897,0.010381,0.000759,0.012416,0.000000],[0.958742,0.018130,0.010309,0.000733,0.012086,0.000000],[0.019848,0.012445,0.007313,0.000569,0.959825,0.000000],[0.018146,0.004792,0.005717,0.001049,0.970296,0.000000],[0.962407,0.015926,0.009681,0.000656,0.011330,0.000000],[0.963146,0.015442,0.009567,0.000640,0.011205,0.000000],[0.018130,0.009868,0.006394,0.000468,0.965141,0.000000],[1.000000,0.000000,0.000000,0.000000,0.000000,0.000000],[0.019424,0.011658,0.006978,0.000537,0.961402,0.000000],[0.020456,0.013119,0.007440,0.000594,0.958391,0.000000],[0.959973,0.017362,0.010102,0.000708,0.011855,0.000000],[0.976059,0.006205,0.007437,0.001213,0.009085,0.000000],[0.976311,0.006098,0.007407,0.001194,0.008990,0.000000],[0.018088,0.004723,0.005675,0.001039,0.970474,0.000000],[0.018215,0.004792,0.005710,0.001051,0.970232,0.000000],[0.976091,0.006205,0.007460,0.001208,0.009036,0.000000],[0.976034,0.006223,0.007475,0.001212,0.009055,0.000000],[0.018087,0.004758,0.005699,0.001044,0.970412,0.000000],[0.018218,0.004794,0.005711,0.001052,0.970225,0.000000],[0.976156,0.006167,0.007435,0.001205,0.009038,0.000000],[0.976000,0.006226,0.007469,0.001215,0.009089,0.000000],[0.020073,0.012480,0.007273,0.000571,0.959603,0.000000],[0.959962,0.017425,0.010101,0.000707,0.011805,0.000000],[0.959231,0.017857,0.010174,0.000722,0.012016,0.000000],[0.959578,0.017689,0.010094,0.000714,0.011925,0.000000],[0.962150,0.016074,0.009668,0.000660,0.011447,0.000000],[1.000000,0.000000,0.000000,0.000000,0.000000,0.000000]],
  [[1.000000,0.000000,0.000000,0.000000,0.000000,0.000000],[0.987229,0.002777,0.003579,0.000679,0.005737,0.000000],[0.986491,0.005719,0.000000,0.000853,0.006937,0.000000],[0.016952,0.005877,0.000000,0.000935,0.976236,0.000000],[0.978577,0.010131,0.000000,0.001358,0.009934,0.000000],[0.955743,0.029877,0.000000,0.000852,0.013528,0.000000],[0.953901,0.017168,0.013205,0.002175,0.013551,0.000000],[0.951930,0.016414,0.015603,0.002232,0.013821,0.000000],[1.000000,0.000000,0.000000,0.000000,0.000000,0.000000],[0.950221,0.019223,0.013864,0.002388,0.014303,0.000000],[0.053798,0.031303,0.000000,0.003366,0.911533,0.000000],[0.953546,0.027493,0.000000,0.002702,0.016258,0.000000],[0.953488,0.027427,0.000000,0.002708,0.016376,0.000000],[0.954723,0.026640,0.000000,0.002622,0.016015,0.000000],[0.956647,0.025611,0.000000,0.002479,0.015263,0.000000],[0.023021,0.022324,0.000000,0.000706,0.953949,0.000000],[0.975019,0.006765,0.007582,0.001286,0.009348,0.000000],[0.960770,0.016847,0.010002,0.000691,0.011690,0.000000],[1.000000,0.000000,0.000000,0.000000,0.000000,0.000000],[1.000000,0.000000,0.000000,0.000000,0.000000,0.000000],[1.000000,0.000000,0.000000,0.000000,0.000000,0.000000],[0.951630,0.016326,0.016165,0.002233,0.013647,0.000000],[0.955984,0.026230,0.000000,0.002520,0.015265,0.000000],[0.955031,0.030396,0.000000,0.000870,0.013703,0.000000],[0.977674,0.010540,0.000000,0.001443,0.010343,0.000000],[0.978117,0.010351,0.000000,0.001400,0.010132,0.000000],[0.957127,0.028945,0.000000,0.000815,0.013114,0.000000],[0.956023,0.029757,0.000000,0.000841,0.013379,0.000000],[0.955399,0.030215,0.000000,0.000856,0.013530,0.000000],[0.022966,0.022414,0.000000,0.000709,0.953912,0.000000],[0.955379,0.030271,0.000000,0.000855,0.013496,0.000000],[0.956023,0.029756,0.000000,0.000841,0.013380,0.000000],[0.956850,0.029049,0.000000,0.000825,0.013277,0.000000],[0.977821,0.010506,0.000000,0.001424,0.010248,0.000000],[0.956151,0.029515,0.000000,0.000843,0.013492,0.000000],[0.961582,0.022115,0.000000,0.002162,0.014141,0.000000],[0.042925,0.020767,0.000000,0.002294,0.934014,0.000000],[0.963012,0.020853,0.000000,0.002066,0.014069,0.000000],[0.959726,0.012248,0.013950,0.001762,0.012314,0.000000],[1.000000,0.000000,0.000000,0.000000,0.000000,0.000000]],
  [[1.000000,0.000000,0.000000,0.000000,0.000000,0.000000],[0.987137,0.002803,0.003601,0.000685,0.005773,0.000000],[0.986331,0.005778,0.000000,0.000868,0.007023,0.000000],[0.983086,0.007581,0.000000,0.001068,0.008265,0.000000],[0.020181,0.007963,0.000000,0.001211,0.970645,0.000000],[0.954349,0.030875,0.000000,0.000885,0.013890,0.000000],[0.050902,0.029362,0.000000,0.003137,0.916599,0.000000],[0.878160,0.045617,0.015773,0.005963,0.054486,0.000000],[0.141735,0.049996,0.012516,0.006631,0.789121,0.000000],[0.875332,0.047425,0.016193,0.006152,0.054899,0.000000],[0.945204,0.032641,0.000000,0.003244,0.018910,0.000000],[0.864806,0.069358,0.000000,0.006481,0.059355,0.000000],[0.866160,0.067250,0.000000,0.006404,0.060186,0.000000],[0.867868,0.066973,0.000000,0.006279,0.058880,0.000000],[0.954144,0.027182,0.000000,0.002651,0.016022,0.000000],[0.954558,0.030784,0.000000,0.000879,0.013779,0.000000],[0.975058,0.006641,0.007659,0.001282,0.009360,0.000000],[1.000000,0.000000,0.000000,0.000000,0.000000,0.000000],[1.000000,0.000000,0.000000,0.000000,0.000000,0.000000],[1.000000,0.000000,0.000000,0.000000,0.000000,0.000000],[0.140275,0.033738,0.030786,0.006187,0.789013,0.000000],[0.138384,0.052401,0.013297,0.006850,0.789068,0.000000],[0.051959,0.031000,0.000000,0.003312,0.913729,0.000000],[0.951209,0.033111,0.000000,0.000965,0.014715,0.000000],[0.954616,0.030624,0.000000,0.000882,0.013878,0.000000],[0.977152,0.010858,0.000000,0.001483,0.010507,0.000000],[0.022745,0.022067,0.000000,0.000699,0.954489,0.000000],[0.047193,0.027245,0.000000,0.002865,0.922697,0.000000],[0.954281,0.027270,0.000000,0.002630,0.015819,0.000000],[0.050734,0.029927,0.000000,0.003152,0.916187,0.000000],[0.049359,0.029022,0.000000,0.003053,0.918567,0.000000],[0.956196,0.026048,0.000000,0.002499,0.015256,0.000000],[0.023157,0.022302,0.000000,0.000710,0.953832,0.000000],[0.977285,0.010781,0.000000,0.001470,0.010464,0.000000],[0.954766,0.030443,0.000000,0.000877,0.013914,0.000000],[0.959496,0.023375,0.000000,0.002298,0.014831,0.000000],[0.000000,0.000000,0.000000,0.000000,0.000000,1.000000],[0.000000,0.000000,0.000000,0.000000,0.000000,1.000000],[0.902828,0.023053,0.021031,0.004249,0.048840,0.000000],[1.000000,0.000000,0.000000,0.000000,0.000000,0.000000]],
  [[1.000000,0.000000,0.000000,0.000000,0.000000,0.000000],[0.984792,0.003488,0.004456,0.000789,0.006475,0.000000],[0.015279,0.004658,0.000000,0.000804,0.979258,0.000000],[0.982974,0.007619,0.000000,0.001080,0.008328,0.000000],[0.978149,0.010298,0.000000,0.001398,0.010155,0.000000],[0.954264,0.030981,0.000000,0.000886,0.013869,0.000000],[0.952846,0.028021,0.000000,0.002743,0.016390,0.000000],[0.863094,0.070820,0.000000,0.006605,0.059482,0.000000],[0.566572,0.082265,0.000000,0.006036,0.345128,0.000000],[0.860719,0.071806,0.000000,0.006756,0.060719,0.000000],[0.062563,0.037804,0.000000,0.004124,0.895510,0.000000],[0.862459,0.070088,0.000000,0.006634,0.060820,0.000000],[0.566854,0.081344,0.000000,0.005959,0.345843,0.000000],[0.864015,0.069797,0.000000,0.006521,0.059667,0.000000],[0.051664,0.030073,0.000000,0.003201,0.915062,0.000000],[0.955058,0.020937,0.010370,0.000814,0.012822,0.000000],[0.018070,0.004686,0.005616,0.001037,0.970591,0.000000],[1.000000,0.000000,0.000000,0.000000,0.000000,0.000000],[0.956377,0.013669,0.014923,0.001932,0.013099,0.000000],[0.874480,0.036813,0.027182,0.005922,0.055603,0.000000],[0.567496,0.064759,0.019892,0.006729,0.341125,0.000000],[0.157883,0.078025,0.000000,0.007926,0.756166,0.000000],[0.940482,0.035724,0.000000,0.003555,0.020239,0.000000],[0.951809,0.028581,0.000000,0.002829,0.016781,0.000000],[0.950730,0.033472,0.000000,0.000977,0.014821,0.000000],[0.023681,0.023138,0.000000,0.000743,0.952438,0.000000],[0.952866,0.032048,0.000000,0.000918,0.014168,0.000000],[0.049526,0.029188,0.000000,0.003075,0.918211,0.000000],[0.867053,0.068750,0.000000,0.006351,0.057846,0.000000],[0.864163,0.070371,0.000000,0.006528,0.058938,0.000000],[0.140068,0.069176,0.000000,0.006620,0.784136,0.000000],[0.953690,0.027729,0.000000,0.002664,0.015917,0.000000],[0.023324,0.022703,0.000000,0.000723,0.953250,0.000000],[0.977213,0.010843,0.000000,0.001474,0.010469,0.000000],[0.954567,0.030651,0.000000,0.000881,0.013901,0.000000],[0.958329,0.024110,0.000000,0.002377,0.015184,0.000000],[0.136954,0.049159,0.000000,0.005409,0.808478,0.000000],[0.581532,0.062533,0.000000,0.004940,0.350995,0.000000],[0.898894,0.024679,0.022208,0.004453,0.049767,0.000000],[1.000000,0.000000,0.000000,0.000000,0.000000,0.000000]],
  [[1.000000,0.000000,0.000000,0.000000,0.000000,0.000000],[0.984698,0.003523,0.004474,0.000795,0.006508,0.000000],[0.983446,0.007385,0.000000,0.001040,0.008129,0.000000],[0.982830,0.007693,0.000000,0.001092,0.008385,0.000000],[0.978064,0.010345,0.000000,0.001405,0.010186,0.000000],[0.954413,0.030818,0.000000,0.000884,0.013885,0.000000],[0.050000,0.028983,0.000000,0.003080,0.917937,0.000000],[0.866666,0.068318,0.000000,0.006360,0.058655,0.000000],[0.865748,0.067518,0.000000,0.006437,0.060297,0.000000],[0.865182,0.068521,0.000000,0.006462,0.059835,0.000000],[0.945056,0.032603,0.000000,0.003257,0.019083,0.000000],[0.865445,0.068361,0.000000,0.006442,0.059753,0.000000],[0.863550,0.070091,0.000000,0.006556,0.059803,0.000000],[0.140097,0.069373,0.000000,0.006651,0.783879,0.000000],[0.953884,0.027441,0.000000,0.002668,0.016007,0.000000],[0.955136,0.020910,0.010346,0.000812,0.012796,0.000000],[1.000000,0.000000,0.000000,0.000000,0.000000,0.000000],[1.000000,0.000000,0.000000,0.000000,0.000000,0.000000],[0.043348,0.016230,0.017324,0.002528,0.920571,0.000000],[0.143688,0.053447,0.013607,0.007114,0.782145,0.000000],[0.209511,0.107477,0.000000,0.009999,0.673013,0.000000],[0.213255,0.096766,0.000000,0.009808,0.680171,0.000000],[0.868301,0.063036,0.000000,0.006679,0.061984,0.000000],[0.940987,0.035039,0.000000,0.003547,0.020427,0.000000],[0.950870,0.029197,0.000000,0.002895,0.017037,0.000000],[0.954859,0.026657,0.000000,0.002615,0.015869,0.000000],[0.951008,0.033326,0.000000,0.000968,0.014698,0.000000],[0.952680,0.028166,0.000000,0.002746,0.016408,0.000000],[0.144181,0.071378,0.000000,0.006861,0.777580,0.000000],[0.566570,0.084524,0.000000,0.006069,0.342838,0.000000],[0.865620,0.068227,0.000000,0.006413,0.059740,0.000000],[0.952960,0.027998,0.000000,0.002723,0.016319,0.000000],[0.023594,0.022961,0.000000,0.000734,0.952711,0.000000],[0.977191,0.010857,0.000000,0.001477,0.010475,0.000000],[0.954645,0.030652,0.000000,0.000878,0.013826,0.000000],[0.049487,0.028726,0.000000,0.003023,0.918764,0.000000],[0.869001,0.066895,0.000000,0.006191,0.057914,0.000000],[0.867437,0.067813,0.000000,0.006284,0.058465,0.000000],[0.136420,0.028067,0.027363,0.005485,0.802664,0.000000],[1.000000,0.000000,0.000000,0.000000,0.000000,0.000000]],
  [[1.000000,0.000000,0.000000,0.000000,0.000000,0.000000],[0.984633,0.003545,0.004479,0.000801,0.006542,0.000000],[0.983287,0.007447,0.000000,0.001055,0.008210,0.000000],[0.019693,0.007676,0.000000,0.001161,0.971469,0.000000],[0.977861,0.010477,0.000000,0.001420,0.010242,0.000000],[0.954725,0.030641,0.000000,0.000875,0.013758,0.000000],[0.047660,0.027349,0.000000,0.002899,0.922093,0.000000],[0.953250,0.027842,0.000000,0.002712,0.016196,0.000000],[0.952139,0.028376,0.000000,0.002800,0.016685,0.000000],[0.952310,0.028260,0.000000,0.002790,0.016640,0.000000],[0.949501,0.029651,0.000000,0.002946,0.017902,0.000000],[0.952607,0.027967,0.000000,0.002775,0.016651,0.000000],[0.952086,0.028477,0.000000,0.002798,0.016639,0.000000],[0.050383,0.029272,0.000000,0.003121,0.917223,0.000000],[0.955557,0.026377,0.000000,0.002554,0.015512,0.000000],[0.955195,0.020819,0.010342,0.000812,0.012832,0.000000],[0.974517,0.006874,0.007763,0.001321,0.009526,0.000000],[0.958782,0.017987,0.010430,0.000733,0.012067,0.000000],[1.000000,0.000000,0.000000,0.000000,0.000000,0.000000],[0.050891,0.022218,0.020202,0.003274,0.903415,0.000000],[0.149009,0.057839,0.013984,0.007583,0.771586,0.000000],[0.572885,0.079056,0.000000,0.006339,0.341720,0.000000],[0.818866,0.086849,0.000000,0.008858,0.085427,0.000000],[0.863059,0.067202,0.000000,0.006881,0.062858,0.000000],[0.864069,0.068634,0.000000,0.006566,0.060731,0.000000],[0.952548,0.028137,0.000000,0.002777,0.016537,0.000000],[0.950022,0.034002,0.000000,0.000994,0.014982,0.000000],[0.953440,0.027788,0.000000,0.002690,0.016081,0.000000],[0.139270,0.069459,0.000000,0.006637,0.784634,0.000000],[0.864215,0.070782,0.000000,0.006526,0.058476,0.000000],[0.867506,0.067806,0.000000,0.006297,0.058392,0.000000],[0.954090,0.027208,0.000000,0.002654,0.016048,0.000000],[0.953476,0.031504,0.000000,0.000906,0.014113,0.000000],[0.977063,0.010953,0.000000,0.001487,0.010497,0.000000],[0.022914,0.022313,0.000000,0.000708,0.954065,0.000000],[0.955897,0.026151,0.000000,0.002525,0.015427,0.000000],[0.954220,0.027021,0.000000,0.002647,0.016113,0.000000],[0.954014,0.027157,0.000000,0.002657,0.016173,0.000000],[0.954869,0.014312,0.015510,0.002019,0.013290,0.000000],[1.000000,0.000000,0.000000,0.000000,0.000000,0.000000]],
  [[1.000000,0.000000,0.000000,0.000000,0.000000,0.000000],[0.984639,0.003546,0.004486,0.000799,0.006529,0.000000],[0.983268,0.007495,0.000000,0.001054,0.008184,0.000000],[0.978603,0.010102,0.000000,0.001355,0.009940,0.000000],[0.022593,0.021661,0.000000,0.000684,0.955062,0.000000],[0.953622,0.031397,0.000000,0.000903,0.014078,0.000000],[0.951162,0.033152,0.000000,0.000965,0.014720,0.000000],[0.950053,0.034025,0.000000,0.000991,0.014931,0.000000],[0.025056,0.025157,0.000000,0.000816,0.948971,0.000000],[0.950401,0.033755,0.000000,0.000982,0.014862,0.000000],[0.950380,0.033715,0.000000,0.000985,0.014920,0.000000],[0.950059,0.033903,0.000000,0.000995,0.015042,0.000000],[0.949718,0.034219,0.000000,0.001002,0.015061,0.000000],[0.949780,0.034171,0.000000,0.001000,0.015049,0.000000],[0.951235,0.033161,0.000000,0.000962,0.014642,0.000000],[0.024090,0.023528,0.000000,0.000757,0.951625,0.000000],[0.955200,0.030269,0.000000,0.000866,0.013665,0.000000],[0.020902,0.014440,0.007087,0.000628,0.956943,0.000000],[0.020789,0.013951,0.007449,0.000624,0.957188,0.000000],[1.000000,0.000000,0.000000,0.000000,0.000000,0.000000],[0.136579,0.031402,0.030186,0.005926,0.795907,0.000000],[0.874151,0.034250,0.029044,0.005732,0.056823,0.000000],[0.822267,0.050745,0.033292,0.008121,0.085574,0.000000],[0.567501,0.057822,0.018647,0.006128,0.349901,0.000000],[0.859328,0.072753,0.000000,0.006856,0.061064,0.000000],[0.951462,0.028904,0.000000,0.002846,0.016788,0.000000],[0.024481,0.024469,0.000000,0.000789,0.950262,0.000000],[0.955203,0.026776,0.000000,0.002566,0.015456,0.000000],[0.048666,0.029071,0.000000,0.003040,0.919224,0.000000],[0.049465,0.029855,0.000000,0.003113,0.917567,0.000000],[0.049053,0.029144,0.000000,0.003059,0.918745,0.000000],[0.955351,0.026501,0.000000,0.002564,0.015584,0.000000],[0.952705,0.032119,0.000000,0.000924,0.014253,0.000000],[0.023400,0.023015,0.000000,0.000733,0.952852,0.000000],[0.023696,0.023436,0.000000,0.000748,0.952120,0.000000],[0.951699,0.032861,0.000000,0.000948,0.014493,0.000000],[0.951557,0.032908,0.000000,0.000953,0.014582,0.000000],[0.953334,0.031629,0.000000,0.000910,0.014127,0.000000],[0.958590,0.018202,0.010305,0.000736,0.012166,0.000000],[1.000000,0.000000,0.000000,0.000000,0.000000,0.000000]],
  [[1.000000,0.000000,0.000000,0.000000,0.000000,0.000000],[0.014150,0.002812,0.003536,0.000725,0.978777,0.000000],[0.983226,0.007516,0.000000,0.001057,0.008201,0.000000],[0.019972,0.007886,0.000000,0.001193,0.970948,0.000000],[0.955044,0.030404,0.000000,0.000866,0.013687,0.000000],[0.955947,0.026022,0.000000,0.002527,0.015504,0.000000],[0.953606,0.027419,0.000000,0.002694,0.016281,0.000000],[0.952299,0.028329,0.000000,0.002779,0.016593,0.000000],[0.953517,0.027666,0.000000,0.002691,0.016126,0.000000],[0.045752,0.024680,0.000000,0.002673,0.926895,0.000000],[0.953692,0.031250,0.000000,0.000902,0.014156,0.000000],[0.958802,0.023667,0.000000,0.002360,0.015171,0.000000],[0.953950,0.027104,0.000000,0.002675,0.016270,0.000000],[0.952842,0.027805,0.000000,0.002751,0.016601,0.000000],[0.953532,0.027563,0.000000,0.002695,0.016210,0.000000],[0.955836,0.026104,0.000000,0.002537,0.015523,0.000000],[0.954180,0.031048,0.000000,0.000888,0.013883,0.000000],[0.976939,0.010987,0.000000,0.001504,0.010570,0.000000],[0.955742,0.020464,0.010316,0.000800,0.012678,0.000000],[0.954662,0.014928,0.015052,0.002083,0.013274,0.000000],[1.000000,0.000000,0.000000,0.000000,0.000000,0.000000],[1.000000,0.000000,0.000000,0.000000,0.000000,0.000000],[1.000000,0.000000,0.000000,0.000000,0.000000,0.000000],[0.142674,0.036830,0.022320,0.006279,0.791897,0.000000],[0.863623,0.070233,0.000000,0.006574,0.059570,0.000000],[0.050649,0.029626,0.000000,0.003166,0.916558,0.000000],[0.952025,0.032631,0.000000,0.000941,0.014402,0.000000],[0.023207,0.022732,0.000000,0.000722,0.953340,0.000000],[0.023143,0.022779,0.000000,0.000721,0.953357,0.000000],[0.022904,0.022622,0.000000,0.000714,0.953759,0.000000],[0.023214,0.022909,0.000000,0.000726,0.953151,0.000000],[0.024028,0.023755,0.000000,0.000761,0.951455,0.000000],[0.954980,0.026829,0.000000,0.002587,0.015603,0.000000],[0.049790,0.029430,0.000000,0.003107,0.917674,0.000000],[0.952311,0.028516,0.000000,0.002767,0.016406,0.000000],[0.953576,0.027634,0.000000,0.002688,0.016102,0.000000],[0.047445,0.027506,0.000000,0.002902,0.922147,0.000000],[0.023009,0.022352,0.000000,0.000710,0.953929,0.000000],[0.975636,0.006383,0.007542,0.001242,0.009198,0.000000],[1.000000,0.000000,0.000000,0.000000,0.000000,0.000000]],
  [[1.000000,0.000000,0.000000,0.000000,0.000000,0.000000],[0.984551,0.003578,0.004505,0.000806,0.006561,0.000000],[0.983127,0.007566,0.000000,0.001066,0.008241,0.000000],[0.020170,0.007958,0.000000,0.001211,0.970661,0.000000],[0.954119,0.031031,0.000000,0.000890,0.013961,0.000000],[0.954081,0.027117,0.000000,0.002659,0.016143,0.000000],[0.142493,0.067832,0.000000,0.006579,0.783095,0.000000],[0.865024,0.068582,0.000000,0.006456,0.059937,0.000000],[0.867306,0.067924,0.000000,0.006312,0.058457,0.000000],[0.048200,0.025974,0.000000,0.002828,0.922998,0.000000],[0.000000,0.000000,0.000000,0.000000,0.000000,1.000000],[0.959880,0.022732,0.000000,0.002283,0.015106,0.000000],[0.878606,0.057113,0.000000,0.005698,0.058583,0.000000],[0.867152,0.066628,0.000000,0.006327,0.059892,0.000000],[0.868085,0.066830,0.000000,0.006260,0.058825,0.000000],[0.050418,0.028891,0.000000,0.003085,0.917605,0.000000],[0.953034,0.031782,0.000000,0.000920,0.014264,0.000000],[0.954304,0.030814,0.000000,0.000892,0.013990,0.000000],[0.953287,0.031624,0.000000,0.000915,0.014174,0.000000],[0.953189,0.022138,0.010560,0.000855,0.013257,0.000000],[0.955607,0.019961,0.010782,0.000801,0.012850,0.000000],[0.959966,0.011780,0.014002,0.001742,0.012509,0.000000],[1.000000,0.000000,0.000000,0.000000,0.000000,0.000000],[0.951401,0.015972,0.016276,0.002221,0.014130,0.000000],[0.951676,0.028881,0.000000,0.002830,0.016613,0.000000],[0.953616,0.027629,0.000000,0.002693,0.016062,0.000000],[0.952449,0.032376,0.000000,0.000929,0.014246,0.000000],[0.955903,0.029701,0.000000,0.000846,0.013550,0.000000],[0.956792,0.029048,0.000000,0.000824,0.013336,0.000000],[0.957174,0.028780,0.000000,0.000816,0.013230,0.000000],[0.954943,0.030544,0.000000,0.000868,0.013645,0.000000],[0.952207,0.032535,0.000000,0.000934,0.014323,0.000000],[0.951862,0.028987,0.000000,0.002791,0.016360,0.000000],[0.140078,0.070410,0.000000,0.006762,0.782751,0.000000],[0.862088,0.071264,0.000000,0.006657,0.059991,0.000000],[0.866030,0.068655,0.000000,0.006396,0.058919,0.000000],[0.050092,0.029363,0.000000,0.003109,0.917436,0.000000],[0.954734,0.030650,0.000000,0.000875,0.013741,0.000000],[0.975857,0.006290,0.007497,0.001226,0.009129,0.000000],[1.000000,0.000000,0.000000,0.000000,0.000000,0.000000]],
  [[1.000000,0.000000,0.000000,0.000000,0.000000,0.000000],[0.981253,0.004563,0.005690,0.000956,0.007538,0.000000],[0.982841,0.007694,0.000000,0.001093,0.008372,0.000000],[0.977986,0.010409,0.000000,0.001410,0.010195,0.000000],[0.953996,0.031124,0.000000,0.000894,0.013986,0.000000],[0.952921,0.027931,0.000000,0.002734,0.016415,0.000000],[0.864009,0.069791,0.000000,0.006519,0.059681,0.000000],[0.566716,0.082974,0.000000,0.006018,0.344292,0.000000],[0.864364,0.069590,0.000000,0.006495,0.059551,0.000000],[0.955744,0.025751,0.000000,0.002558,0.015946,0.000000],[0.954138,0.030784,0.000000,0.000890,0.014188,0.000000],[0.000000,0.000000,0.000000,0.000000,0.000000,1.000000],[0.876623,0.058730,0.000000,0.005829,0.058818,0.000000],[0.567656,0.082090,0.000000,0.005935,0.344319,0.000000],[0.864887,0.069617,0.000000,0.006464,0.059032,0.000000],[0.953032,0.027945,0.000000,0.002718,0.016306,0.000000],[0.952399,0.032302,0.000000,0.000934,0.014365,0.000000],[0.952665,0.032057,0.000000,0.000930,0.014348,0.000000],[0.955473,0.026341,0.000000,0.002567,0.015619,0.000000],[0.051021,0.029893,0.000000,0.003189,0.915898,0.000000],[0.949090,0.019912,0.013949,0.002456,0.014593,0.000000],[1.000000,0.000000,0.000000,0.000000,0.000000,0.000000],[1.000000,0.000000,0.000000,0.000000,0.000000,0.000000],[0.950482,0.023538,0.011129,0.000917,0.013935,0.000000],[0.952112,0.028517,0.000000,0.002809,0.016562,0.000000],[0.051683,0.030661,0.000000,0.003271,0.914385,0.000000],[0.048246,0.026312,0.000000,0.002853,0.922589,0.000000],[0.963690,0.020277,0.000000,0.002018,0.014015,0.000000],[0.000000,0.000000,0.000000,0.000000,0.000000,1.000000],[0.958247,0.027781,0.000000,0.000794,0.013178,0.000000],[0.954085,0.031023,0.000000,0.000894,0.013998,0.000000],[0.048695,0.028165,0.000000,0.002996,0.920143,0.000000],[0.058756,0.035453,0.000000,0.003797,0.901994,0.000000],[0.151768,0.071350,0.000000,0.007231,0.769651,0.000000],[0.570689,0.078227,0.000000,0.006011,0.345073,0.000000],[0.871783,0.062396,0.000000,0.006257,0.059564,0.000000],[0.952057,0.028393,0.000000,0.002798,0.016751,0.000000],[0.954189,0.030955,0.000000,0.000892,0.013964,0.000000],[0.975758,0.006332,0.007498,0.001235,0.009178,0.000000],[1.000000,0.000000,0.000000,0.000000,0.000000,0.000000]],
  [[1.000000,0.000000,0.000000,0.000000,0.000000,0.000000],[0.976523,0.006017,0.007378,0.001178,0.008905,0.000000],[0.020227,0.008004,0.000000,0.001217,0.970552,0.000000],[0.977486,0.010679,0.000000,0.001454,0.010381,0.000000],[0.953681,0.031358,0.000000,0.000903,0.014058,0.000000],[0.050116,0.029094,0.000000,0.003095,0.917695,0.000000],[0.866708,0.068272,0.000000,0.006353,0.058668,0.000000],[0.864863,0.068677,0.000000,0.006467,0.059992,0.000000],[0.142471,0.067796,0.000000,0.006574,0.783160,0.000000],[0.953812,0.027371,0.000000,0.002673,0.016144,0.000000],[0.952918,0.031748,0.000000,0.000920,0.014414,0.000000],[0.957779,0.024460,0.000000,0.002415,0.015346,0.000000],[0.888436,0.050063,0.000000,0.005206,0.056295,0.000000],[0.139693,0.052024,0.000000,0.005683,0.802600,0.000000],[0.137747,0.049737,0.000000,0.005483,0.807033,0.000000],[0.956403,0.025312,0.000000,0.002509,0.015776,0.000000],[0.025126,0.025001,0.000000,0.000811,0.949062,0.000000],[0.950090,0.033936,0.000000,0.000992,0.014982,0.000000],[0.952258,0.028369,0.000000,0.002788,0.016584,0.000000],[0.142555,0.069826,0.000000,0.006761,0.780859,0.000000],[0.872758,0.049012,0.016147,0.006299,0.055783,0.000000],[0.138641,0.035821,0.022729,0.006154,0.796655,0.000000],[0.942775,0.020506,0.017285,0.002745,0.016688,0.000000],[0.944190,0.021721,0.015560,0.002708,0.015822,0.000000],[0.942527,0.034253,0.000000,0.003422,0.019798,0.000000],[0.145805,0.068096,0.000000,0.006871,0.779228,0.000000],[0.878573,0.057035,0.000000,0.005823,0.058569,0.000000],[0.000000,0.000000,0.000000,0.000000,0.000000,1.000000],[0.000000,0.000000,0.000000,0.000000,0.000000,1.000000],[0.958918,0.027237,0.000000,0.000776,0.013069,0.000000],[0.953088,0.031751,0.000000,0.000918,0.014243,0.000000],[0.952476,0.028221,0.000000,0.002769,0.016533,0.000000],[0.869978,0.064318,0.000000,0.006367,0.059336,0.000000],[0.814369,0.092255,0.000000,0.008705,0.084671,0.000000],[0.816175,0.090065,0.000000,0.008617,0.085144,0.000000],[0.872898,0.061203,0.000000,0.006196,0.059703,0.000000],[0.952464,0.028159,0.000000,0.002774,0.016603,0.000000],[0.954111,0.031027,0.000000,0.000894,0.013969,0.000000],[0.975927,0.006274,0.007474,0.001222,0.009103,0.000000],[1.000000,0.000000,0.000000,0.000000,0.000000,0.000000]],
  [[1.000000,0.000000,0.000000,0.000000,0.000000,0.000000],[0.960185,0.017230,0.010109,0.000703,0.011774,0.000000],[0.022902,0.022148,0.000000,0.000701,0.954249,0.000000],[0.953891,0.031253,0.000000,0.000895,0.013962,0.000000],[0.952291,0.032475,0.000000,0.000933,0.014301,0.000000],[0.048846,0.028641,0.000000,0.003037,0.919476,0.000000],[0.952455,0.028347,0.000000,0.002767,0.016431,0.000000],[0.951973,0.028539,0.000000,0.002801,0.016688,0.000000],[0.953618,0.027493,0.000000,0.002687,0.016202,0.000000],[0.955750,0.026239,0.000000,0.002536,0.015474,0.000000],[0.024471,0.023995,0.000000,0.000773,0.950761,0.000000],[0.956629,0.025586,0.000000,0.002476,0.015309,0.000000],[0.047158,0.025361,0.000000,0.002733,0.924749,0.000000],[0.000000,0.000000,0.000000,0.000000,0.000000,1.000000],[0.000000,0.000000,0.000000,0.000000,0.000000,1.000000],[0.953027,0.027233,0.000000,0.002693,0.017047,0.000000],[0.952372,0.028336,0.000000,0.002760,0.016532,0.000000],[0.952399,0.028267,0.000000,0.002773,0.016561,0.000000],[0.946129,0.032051,0.000000,0.003162,0.018658,0.000000],[0.860703,0.071739,0.000000,0.006746,0.060813,0.000000],[0.570692,0.079268,0.000000,0.006056,0.343983,0.000000],[0.864900,0.066475,0.000000,0.006730,0.061895,0.000000],[0.931342,0.040944,0.000000,0.004156,0.023558,0.000000],[0.864765,0.066443,0.000000,0.006738,0.062054,0.000000],[0.868790,0.062731,0.000000,0.006631,0.061847,0.000000],[0.815209,0.090562,0.000000,0.008671,0.085558,0.000000],[0.577920,0.067188,0.000000,0.005375,0.349517,0.000000],[0.895434,0.043567,0.000000,0.004798,0.056200,0.000000],[0.000000,0.000000,0.000000,0.000000,0.000000,1.000000],[0.957572,0.028308,0.000000,0.000808,0.013311,0.000000],[0.952692,0.032001,0.000000,0.000931,0.014377,0.000000],[0.951593,0.028603,0.000000,0.002842,0.016961,0.000000],[0.870509,0.063142,0.000000,0.006349,0.060000,0.000000],[0.570506,0.077437,0.000000,0.005996,0.346061,0.000000],[0.866256,0.065559,0.000000,0.006623,0.061562,0.000000],[0.944108,0.033167,0.000000,0.003312,0.019414,0.000000],[0.950819,0.018698,0.013881,0.002350,0.014252,0.000000],[0.021277,0.015109,0.007219,0.000650,0.955745,0.000000],[0.976496,0.006016,0.007388,0.001180,0.008920,0.000000],[1.000000,0.000000,0.000000,0.000000,0.000000,0.000000]],
  [[1.000000,0.000000,0.000000,0.000000,0.000000,0.000000],[0.958947,0.018009,0.010275,0.000728,0.012041,0.000000],[0.956438,0.025913,0.000000,0.002484,0.015165,0.000000],[0.049920,0.029152,0.000000,0.003082,0.917846,0.000000],[0.951987,0.028796,0.000000,0.002783,0.016433,0.000000],[0.050936,0.030034,0.000000,0.003192,0.915838,0.000000],[0.953976,0.027371,0.000000,0.002663,0.015990,0.000000],[0.951351,0.033069,0.000000,0.000958,0.014622,0.000000],[0.023801,0.023262,0.000000,0.000745,0.952191,0.000000],[0.954696,0.030654,0.000000,0.000875,0.013775,0.000000],[0.954919,0.030387,0.000000,0.000872,0.013822,0.000000],[0.955285,0.030222,0.000000,0.000860,0.013633,0.000000],[0.956466,0.029261,0.000000,0.000831,0.013442,0.000000],[0.021774,0.020061,0.000000,0.000634,0.957531,0.000000],[0.963413,0.020530,0.000000,0.002032,0.014026,0.000000],[0.135429,0.048370,0.000000,0.005322,0.810879,0.000000],[0.876731,0.059705,0.000000,0.005851,0.057713,0.000000],[0.140727,0.069460,0.000000,0.006652,0.783160,0.000000],[0.945689,0.032443,0.000000,0.003186,0.018682,0.000000],[0.143251,0.070386,0.000000,0.006835,0.779528,0.000000],[0.866113,0.066227,0.000000,0.006635,0.061024,0.000000],[0.815138,0.090669,0.000000,0.008701,0.085491,0.000000],[0.863461,0.066084,0.000000,0.006990,0.063466,0.000000],[0.211143,0.101128,0.000000,0.009775,0.677953,0.000000],[0.572553,0.077721,0.000000,0.006262,0.343465,0.000000],[0.813615,0.091593,0.000000,0.008793,0.085999,0.000000],[0.870033,0.062774,0.000000,0.006360,0.060833,0.000000],[0.886935,0.050334,0.000000,0.005280,0.057451,0.000000],[0.044121,0.020654,0.000000,0.002304,0.932920,0.000000],[0.957316,0.028416,0.000000,0.000812,0.013457,0.000000],[0.951974,0.032390,0.000000,0.000946,0.014690,0.000000],[0.951030,0.028960,0.000000,0.002886,0.017124,0.000000],[0.862782,0.069845,0.000000,0.006615,0.060758,0.000000],[0.149298,0.072763,0.000000,0.007171,0.770768,0.000000],[0.861937,0.070327,0.000000,0.006671,0.061065,0.000000],[0.950141,0.029671,0.000000,0.002946,0.017242,0.000000],[0.022356,0.016036,0.007800,0.000702,0.953106,0.000000],[1.000000,0.000000,0.000000,0.000000,0.000000,0.000000],[0.018822,0.010904,0.006781,0.000509,0.962984,0.000000],[1.000000,0.000000,0.000000,0.000000,0.000000,0.000000]],
  [[1.000000,0.000000,0.000000,0.000000,0.000000,0.000000],[0.020750,0.013496,0.007524,0.000608,0.957621,0.000000],[0.954400,0.027200,0.000000,0.002621,0.015779,0.000000],[0.141252,0.068456,0.000000,0.006588,0.783704,0.000000],[0.863885,0.070538,0.000000,0.006548,0.059029,0.000000],[0.140306,0.069414,0.000000,0.006652,0.783627,0.000000],[0.953639,0.027576,0.000000,0.002683,0.016102,0.000000],[0.953451,0.031576,0.000000,0.000906,0.014067,0.000000],[0.020612,0.008274,0.000000,0.001264,0.969850,0.000000],[0.978037,0.010428,0.000000,0.001401,0.010134,0.000000],[0.977971,0.010416,0.000000,0.001410,0.010203,0.000000],[0.977811,0.010504,0.000000,0.001424,0.010261,0.000000],[0.020880,0.008375,0.000000,0.001282,0.969463,0.000000],[0.954561,0.030752,0.000000,0.000877,0.013810,0.000000],[0.046806,0.025061,0.000000,0.002697,0.925437,0.000000],[0.000000,0.000000,0.000000,0.000000,0.000000,1.000000],[0.581752,0.063622,0.000000,0.005009,0.349618,0.000000],[0.139910,0.060061,0.000000,0.006153,0.793876,0.000000],[0.055913,0.033693,0.000000,0.003585,0.906809,0.000000],[0.950179,0.029868,0.000000,0.002922,0.017031,0.000000],[0.942403,0.034620,0.000000,0.003408,0.019569,0.000000],[0.151881,0.072215,0.000000,0.007351,0.768554,0.000000],[0.573522,0.076790,0.000000,0.006153,0.343536,0.000000],[0.209880,0.099770,0.000000,0.009607,0.680743,0.000000],[0.157875,0.068791,0.000000,0.007464,0.765870,0.000000],[0.868245,0.064361,0.000000,0.006491,0.060903,0.000000],[0.944276,0.031938,0.000000,0.003265,0.020521,0.000000],[0.953896,0.026191,0.000000,0.002646,0.017266,0.000000],[0.000000,0.000000,0.000000,0.000000,0.000000,1.000000],[0.000000,0.000000,0.000000,0.000000,0.000000,1.000000],[0.950689,0.028516,0.000000,0.002876,0.017919,0.000000],[0.944510,0.033003,0.000000,0.003289,0.019198,0.000000],[0.942761,0.034233,0.000000,0.003415,0.019591,0.000000],[0.937950,0.036799,0.000000,0.003700,0.021551,0.000000],[0.943142,0.033811,0.000000,0.003397,0.019650,0.000000],[0.946083,0.031967,0.000000,0.003181,0.018769,0.000000],[0.952168,0.015640,0.016074,0.002175,0.013943,0.000000],[1.000000,0.000000,0.000000,0.000000,0.000000,0.000000],[0.964330,0.014591,0.009437,0.000615,0.011027,0.000000],[1.000000,0.000000,0.000000,0.000000,0.000000,0.000000]],
  [[1.000000,0.000000,0.000000,0.000000,0.000000,0.000000],[0.020551,0.013396,0.007520,0.000604,0.957928,0.000000],[0.953100,0.028105,0.000000,0.002703,0.016092,0.000000],[0.863975,0.070472,0.000000,0.006541,0.059012,0.000000],[0.566014,0.085982,0.000000,0.006140,0.341865,0.000000],[0.863937,0.070197,0.000000,0.006533,0.059333,0.000000],[0.051612,0.029983,0.000000,0.003190,0.915216,0.000000],[0.954051,0.031088,0.000000,0.000893,0.013969,0.000000],[0.977909,0.010450,0.000000,0.001417,0.010225,0.000000],[0.017430,0.006082,0.000000,0.000980,0.975508,0.000000],[0.017535,0.006103,0.000000,0.000988,0.975375,0.000000],[0.978160,0.010313,0.000000,0.001394,0.010133,0.000000],[0.955726,0.029798,0.000000,0.000853,0.013623,0.000000],[0.953855,0.031276,0.000000,0.000894,0.013976,0.000000],[0.958966,0.023724,0.000000,0.002335,0.014975,0.000000],[0.891214,0.048515,0.000000,0.005035,0.055235,0.000000],[0.000000,0.000000,0.000000,0.000000,0.000000,1.000000],[0.880316,0.057192,0.000000,0.005618,0.056873,0.000000],[0.953571,0.027600,0.000000,0.002681,0.016148,0.000000],[0.024859,0.025206,0.000000,0.000813,0.949122,0.000000],[0.049944,0.030222,0.000000,0.003189,0.916644,0.000000],[0.138273,0.071502,0.000000,0.006831,0.783393,0.000000],[0.865295,0.067759,0.000000,0.006645,0.060301,0.000000],[0.866848,0.066022,0.000000,0.006565,0.060565,0.000000],[0.942034,0.034482,0.000000,0.003447,0.020038,0.000000],[0.952754,0.027525,0.000000,0.002774,0.016947,0.000000],[0.954723,0.025547,0.000000,0.002604,0.017126,0.000000],[0.000000,0.000000,0.000000,0.000000,0.000000,1.000000],[0.140281,0.043790,0.000000,0.005159,0.810771,0.000000],[0.882077,0.051984,0.000000,0.005609,0.060330,0.000000],[0.873714,0.058707,0.000000,0.006143,0.061435,0.000000],[0.148533,0.075077,0.000000,0.007322,0.769068,0.000000],[0.143767,0.072465,0.000000,0.007042,0.776727,0.000000],[0.942209,0.034484,0.000000,0.003459,0.019848,0.000000],[0.864249,0.068309,0.000000,0.006537,0.060906,0.000000],[0.865037,0.067962,0.000000,0.006482,0.060519,0.000000],[0.888858,0.028435,0.025091,0.004991,0.052624,0.000000],[1.000000,0.000000,0.000000,0.000000,0.000000,0.000000],[1.000000,0.000000,0.000000,0.000000,0.000000,0.000000],[1.000000,0.000000,0.000000,0.000000,0.000000,0.000000]],
  [[1.000000,0.000000,0.000000,0.000000,0.000000,0.000000],[0.958073,0.018531,0.010452,0.000746,0.012197,0.000000],[0.049702,0.029335,0.000000,0.003087,0.917876,0.000000],[0.140684,0.069586,0.000000,0.006672,0.783058,0.000000],[0.144575,0.071800,0.000000,0.006917,0.776708,0.000000],[0.866244,0.068895,0.000000,0.006392,0.058468,0.000000],[0.953785,0.027496,0.000000,0.002672,0.016047,0.000000],[0.954227,0.030955,0.000000,0.000888,0.013930,0.000000],[0.978134,0.010353,0.000000,0.001395,0.010117,0.000000],[0.982751,0.007751,0.000000,0.001098,0.008401,0.000000],[0.982766,0.007744,0.000000,0.001096,0.008395,0.000000],[0.978073,0.010336,0.000000,0.001404,0.010187,0.000000],[0.954852,0.030385,0.000000,0.000876,0.013887,0.000000],[0.956467,0.025617,0.000000,0.002493,0.015423,0.000000],[0.051097,0.026997,0.000000,0.002966,0.918940,0.000000],[0.959725,0.022297,0.000000,0.002249,0.015729,0.000000],[0.961724,0.020859,0.000000,0.002105,0.015312,0.000000],[0.960996,0.021466,0.000000,0.002169,0.015369,0.000000],[0.959181,0.023593,0.000000,0.002322,0.014905,0.000000],[0.952938,0.032001,0.000000,0.000916,0.014145,0.000000],[0.046313,0.027488,0.000000,0.002872,0.923327,0.000000],[0.049185,0.029269,0.000000,0.003082,0.918465,0.000000],[0.052138,0.030782,0.000000,0.003272,0.913807,0.000000],[0.952401,0.028190,0.000000,0.002779,0.016631,0.000000],[0.954350,0.026852,0.000000,0.002650,0.016148,0.000000],[0.951885,0.032496,0.000000,0.000946,0.014674,0.000000],[0.000000,0.000000,0.000000,0.000000,0.000000,1.000000],[0.885181,0.051844,0.000000,0.005407,0.057568,0.000000],[0.577183,0.067378,0.000000,0.005397,0.350042,0.000000],[0.868679,0.062476,0.000000,0.006627,0.062217,0.000000],[0.864265,0.065385,0.000000,0.006928,0.063422,0.000000],[0.567595,0.084201,0.000000,0.006402,0.341801,0.000000],[0.148856,0.071704,0.000000,0.007281,0.772159,0.000000],[0.940544,0.035646,0.000000,0.003568,0.020242,0.000000],[0.862720,0.069234,0.000000,0.006637,0.061409,0.000000],[0.567071,0.081669,0.000000,0.005980,0.345280,0.000000],[0.884244,0.030142,0.026759,0.005216,0.053640,0.000000],[1.000000,0.000000,0.000000,0.000000,0.000000,0.000000],[0.964844,0.014223,0.009354,0.000605,0.010975,0.000000],[1.000000,0.000000,0.000000,0.000000,0.000000,0.000000]],
