[
  [[1.000000,0.000000,0.000000,0.000000,0.000000,0.000000],[1.000000,0.000000,0.000000,0.000000,0.000000,0.000000],[1.000000,0.000000,0.000000,0.000000,0.000000,0.000000],[1.000000,0.000000,0.000000,0.000000,0.000000,0.000000],[1.000000,0.000000,0.000000,0.000000,0.000000,0.000000],[1.000000,0.000000,0.000000,0.000000,0.000000,0.000000],[1.000000,0.000000,0.000000,0.000000,0.000000,0.000000],[1.000000,0.000000,0.000000,0.000000,0.000000,0.000000],[1.000000,0.000000,0.000000,0.000000,0.000000,0.000000],[1.000000,0.000000,0.000000,0.000000,0.000000,0.000000],[1.000000,0.000000,0.000000,0.000000,0.000000,0.000000],[1.000000,0.000000,0.000000,0.000000,0.000000,0.000000],[1.000000,0.000000,0.000000,0.000000,0.000000,0.000000],[1.000000,0.000000,0.000000,0.000000,0.000000,0.000000],[1.000000,0.000000,0.000000,0.000000,0.000000,0.000000],[1.000000,0.000000,0.000000,0.000000,0.000000,0.000000],[1.000000,0.000000,0.000000,0.000000,0.000000,0.000000],[1.000000,0.000000,0.000000,0.000000,0.000000,0.000000],[1.000000,0.000000,0.000000,0.000000,0.000000,0.000000],[1.000000,0.000000,0.000000,0.000000,0.000000,0.000000],[1.000000,0.000000,0.000000,0.000000,0.000000,0.000000],[1.000000,0.000000,0.000000,0.000000,0.000000,0.000000],[1.000000,0.000000,0.000000,0.000000,0.000000,0.000000],[1.000000,0.000000,0.000000,0.000000,0.000000,0.000000],[1.000000,0.000000,0.000000,0.000000,0.000000,0.000000],[1.000000,0.000000,0.000000,0.000000,0.000000,0.000000],[1.000000,0.000000,0.000000,0.000000,0.000000,0.000000],[1.000000,0.000000,0.000000,0.000000,0.000000,0.000000],[1.000000,0.000000,0.000000,0.000000,0.000000,0.000000],[1.000000,0.000000,0.000000,0.000000,0.000000,0.000000],[1.000000,0.000000,0.000000,0.000000,0.000000,0.000000],[1.000000,0.000000,0.000000,0.000000,0.000000,0.000000],[1.000000,0.000000,0.000000,0.000000,0.000000,0.000000],[1.000000,0.000000,0.000000,0.000000,0.000000,0.000000],[1.000000,0.000000,0.000000,0.000000,0.000000,0.000000],[1.000000,0.000000,0.000000,0.000000,0.000000,0.000000],[1.000000,0.000000,0.000000,0.000000,0.000000,0.000000],[1.000000,0.000000,0.000000,0.000000,0.000000,0.000000],[1.000000,0.000000,0.000000,0.000000,0.000000,0.000000],[1.000000,0.000000,0.000000,0.000000,0.000000,0.000000]],
  [[1.000000,0.000000,0.000000,0.000000,0.000000,0.000000],[0.985520,0.003216,0.004298,0.000739,0.006228,0.000000],[0.982060,0.004252,0.005516,0.000900,0.007272,0.000000],[0.981574,0.004445,0.005617,0.000934,0.007430,0.000000],[0.981178,0.004606,0.005695,0.000961,0.007559,0.000000],[0.981047,0.004647,0.005716,0.000971,0.007619,0.000000],[0.981016,0.004652,0.005741,0.000972,0.007619,0.000000],[0.015861,0.003611,0.004419,0.000857,0.975252,0.000000],[0.980976,0.004679,0.005741,0.000975,0.007629,0.000000],[0.977041,0.005808,0.007223,0.001146,0.008783,0.000000],[1.000000,0.000000,0.000000,0.000000,0.000000,0.000000],[1.000000,0.000000,0.000000,0.000000,0.000000,0.000000],[0.040595,0.012979,0.014553,0.002090,0.929783,0.000000],[0.953280,0.015340,0.015588,0.002108,0.013683,0.000000],[0.953848,0.015073,0.015370,0.002085,0.013623,0.000000],[0.955957,0.013955,0.015032,0.001970,0.013087,0.000000],[0.958471,0.018300,0.010306,0.000739,0.012185,0.000000],[0.018528,0.004942,0.005760,0.001082,0.969688,0.000000],[0.975837,0.006300,0.007519,0.001225,0.009119,0.000000],[0.018391,0.004864,0.005724,0.001067,0.969953,0.000000],[0.975730,0.006340,0.007524,0.001234,0.009171,0.000000],[0.975677,0.006360,0.007516,0.001240,0.009206,0.000000],[0.975714,0.006343,0.007510,0.001237,0.009196,0.000000],[0.975922,0.006265,0.007480,0.001220,0.009113,0.000000],[0.018202,0.004750,0.005676,0.001045,0.970327,0.000000],[0.976705,0.005942,0.007338,0.001165,0.008851,0.000000],[0.015652,0.003514,0.004368,0.000836,0.975630,0.000000],[0.984790,0.003492,0.004465,0.000788,0.006466,0.000000],[0.987116,0.002810,0.003606,0.000687,0.005782,0.000000],[0.984773,0.003496,0.004459,0.000790,0.006482,0.000000],[0.981503,0.004468,0.005636,0.000938,0.007455,0.000000],[0.981298,0.004552,0.005688,0.000951,0.007510,0.000000],[0.015754,0.003579,0.004408,0.000848,0.975411,0.000000],[0.981165,0.004606,0.005729,0.000959,0.007541,0.000000],[0.015767,0.003586,0.004410,0.000850,0.975387,0.000000],[0.981154,0.004611,0.005731,0.000960,0.007545,0.000000],[0.015691,0.003568,0.004406,0.000844,0.975491,0.000000],[0.015588,0.003540,0.004396,0.000836,0.975641,0.000000],[0.981980,0.004291,0.005553,0.000903,0.007273,0.000000],[1.000000,0.000000,0.000000,0.000000,0.000000,0.000000]],
  [[1.000000,0.000000,0.000000,0.000000,0.000000,0.000000],[1.000000,0.000000,0.000000,0.000000,0.000000,0.000000],[1.000000,0.000000,0.000000,0.000000,0.000000,0.000000],[0.017977,0.004689,0.005620,0.001028,0.970686,0.000000],[0.975854,0.006392,0.007397,0.001230,0.009126,0.000000],[0.978613,0.010047,0.000000,0.001362,0.009978,0.000000],[0.978445,0.010155,0.000000,0.001373,0.010027,0.000000],[0.978337,0.010208,0.000000,0.001382,0.010072,0.000000],[0.978329,0.010237,0.000000,0.001381,0.010054,0.000000],[0.975349,0.006617,0.007504,0.001264,0.009265,0.000000],[0.961533,0.016325,0.009927,0.000673,0.011542,0.000000],[1.000000,0.000000,0.000000,0.000000,0.000000,0.000000],[0.888948,0.028438,0.025581,0.004966,0.052067,0.000000],[0.866688,0.067772,0.000000,0.006331,0.059209,0.000000],[0.869814,0.065137,0.000000,0.006164,0.058885,0.000000],[0.954235,0.026928,0.000000,0.002654,0.016183,0.000000],[0.952369,0.032338,0.000000,0.000933,0.014360,0.000000],[0.954106,0.031063,0.000000,0.000891,0.013940,0.000000],[0.954542,0.030830,0.000000,0.000876,0.013752,0.000000],[0.953910,0.031184,0.000000,0.000895,0.014011,0.000000],[0.953742,0.031306,0.000000,0.000899,0.014053,0.000000],[0.953751,0.031201,0.000000,0.000902,0.014145,0.000000],[0.954297,0.030807,0.000000,0.000889,0.014007,0.000000],[0.955395,0.030058,0.000000,0.000860,0.013687,0.000000],[0.956981,0.028945,0.000000,0.000820,0.013254,0.000000],[0.978777,0.010019,0.000000,0.001340,0.009865,0.000000],[0.983242,0.007489,0.000000,0.001057,0.008212,0.000000],[0.986318,0.005784,0.000000,0.000869,0.007030,0.000000],[0.013931,0.003795,0.000000,0.000705,0.981569,0.000000],[0.986310,0.005774,0.000000,0.000871,0.007046,0.000000],[0.983389,0.007415,0.000000,0.001045,0.008152,0.000000],[0.019514,0.007621,0.000000,0.001143,0.971722,0.000000],[0.978810,0.010002,0.000000,0.001337,0.009852,0.000000],[0.978532,0.010150,0.000000,0.001360,0.009957,0.000000],[0.020200,0.007979,0.000000,0.001211,0.970610,0.000000],[0.978401,0.010220,0.000000,0.001372,0.010007,0.000000],[0.978557,0.010161,0.000000,0.001357,0.009924,0.000000],[0.019748,0.007860,0.000000,0.001175,0.971217,0.000000],[0.017679,0.004563,0.005608,0.001004,0.971147,0.000000],[1.000000,0.000000,0.000000,0.000000,0.000000,0.000000]],
  [[1.000000,0.000000,0.000000,0.000000,0.000000,0.000000],[0.013747,0.002642,0.003431,0.000685,0.979496,0.000000],[0.015225,0.003343,0.004271,0.000798,0.976363,0.000000],[1.000000,0.000000,0.000000,0.000000,0.000000,0.000000],[0.962113,0.016039,0.009766,0.000662,0.011420,0.000000],[0.959076,0.018051,0.010067,0.000729,0.012078,0.000000],[0.956976,0.019689,0.010109,0.000772,0.012454,0.000000],[0.954988,0.030365,0.000000,0.000871,0.013776,0.000000],[0.954866,0.030494,0.000000,0.000872,0.013768,0.000000],[0.023266,0.022463,0.000000,0.000712,0.953559,0.000000],[0.020066,0.012621,0.007300,0.000576,0.959438,0.000000],[1.000000,0.000000,0.000000,0.000000,0.000000,0.000000],[0.893565,0.026711,0.023214,0.004704,0.051806,0.000000],[0.566780,0.059948,0.019073,0.006115,0.348083,0.000000],[0.863431,0.070535,0.000000,0.006556,0.059478,0.000000],[0.951486,0.028907,0.000000,0.002830,0.016777,0.000000],[0.954236,0.027252,0.000000,0.002637,0.015875,0.000000],[0.049559,0.028763,0.000000,0.003044,0.918634,0.000000],[0.952706,0.028103,0.000000,0.002739,0.016452,0.000000],[0.054713,0.031887,0.000000,0.003415,0.909985,0.000000],[0.948945,0.030131,0.000000,0.002962,0.017962,0.000000],[0.952527,0.028057,0.000000,0.002763,0.016653,0.000000],[0.954452,0.026758,0.000000,0.002636,0.016154,0.000000],[0.956941,0.025180,0.000000,0.002463,0.015416,0.000000],[0.955102,0.030252,0.000000,0.000867,0.013779,0.000000],[0.020264,0.007953,0.000000,0.001213,0.970571,0.000000],[0.982968,0.007601,0.000000,0.001081,0.008349,0.000000],[0.986047,0.005895,0.000000,0.000893,0.007166,0.000000],[0.986149,0.005845,0.000000,0.000884,0.007122,0.000000],[0.986051,0.005893,0.000000,0.000892,0.007163,0.000000],[0.983131,0.007557,0.000000,0.001064,0.008248,0.000000],[0.019655,0.007737,0.000000,0.001161,0.971447,0.000000],[0.957023,0.028992,0.000000,0.000815,0.013170,0.000000],[0.955487,0.030020,0.000000,0.000855,0.013637,0.000000],[0.954361,0.030791,0.000000,0.000884,0.013963,0.000000],[0.954180,0.030927,0.000000,0.000889,0.014004,0.000000],[0.954729,0.030624,0.000000,0.000872,0.013775,0.000000],[0.022678,0.021922,0.000000,0.000689,0.954711,0.000000],[0.960612,0.016974,0.010112,0.000691,0.011610,0.000000],[1.000000,0.000000,0.000000,0.000000,0.000000,0.000000]],
  [[1.000000,0.000000,0.000000,0.000000,0.000000,0.000000],[0.984761,0.003517,0.004460,0.000790,0.006471,0.000000],[0.981258,0.004580,0.005687,0.000954,0.007520,0.000000],[1.000000,0.000000,0.000000,0.000000,0.000000,0.000000],[1.000000,0.000000,0.000000,0.000000,0.000000,0.000000],[1.000000,0.000000,0.000000,0.000000,0.000000,0.000000],[0.955927,0.013809,0.015280,0.001962,0.013022,0.000000],[0.044827,0.019365,0.013171,0.002651,0.919987,0.000000],[0.954927,0.026654,0.000000,0.002590,0.015829,0.000000],[0.956830,0.025444,0.000000,0.002461,0.015265,0.000000],[0.957890,0.018561,0.010486,0.000750,0.012314,0.000000],[1.000000,0.000000,0.000000,0.000000,0.000000,0.000000],[1.000000,0.000000,0.000000,0.000000,0.000000,0.000000],[0.138879,0.035888,0.023663,0.006137,0.795433,0.000000],[0.141047,0.070517,0.000000,0.006746,0.781691,0.000000],[0.050926,0.030282,0.000000,0.003217,0.915575,0.000000],[0.049890,0.029936,0.000000,0.003155,0.917018,0.000000],[0.138757,0.068848,0.000000,0.006566,0.785828,0.000000],[0.863312,0.071137,0.000000,0.006557,0.058993,0.000000],[0.870830,0.063814,0.000000,0.006277,0.059080,0.000000],[0.145052,0.067515,0.000000,0.006793,0.780639,0.000000],[0.864119,0.068989,0.000000,0.006489,0.060403,0.000000],[0.870110,0.064788,0.000000,0.006134,0.058968,0.000000],[0.954587,0.026670,0.000000,0.002626,0.016118,0.000000],[0.954050,0.031019,0.000000,0.000892,0.014039,0.000000],[0.978142,0.010322,0.000000,0.001395,0.010141,0.000000],[0.982900,0.007655,0.000000,0.001086,0.008360,0.000000],[0.983149,0.007509,0.000000,0.001065,0.008276,0.000000],[0.983108,0.007511,0.000000,0.001070,0.008310,0.000000],[0.982951,0.007591,0.000000,0.001084,0.008373,0.000000],[0.982766,0.007724,0.000000,0.001097,0.008414,0.000000],[0.019893,0.007877,0.000000,0.001187,0.971044,0.000000],[0.022499,0.021777,0.000000,0.000683,0.955041,0.000000],[0.956935,0.025441,0.000000,0.002446,0.015178,0.000000],[0.955033,0.026469,0.000000,0.002585,0.015913,0.000000],[0.954137,0.026929,0.000000,0.002650,0.016284,0.000000],[0.954909,0.026633,0.000000,0.002589,0.015870,0.000000],[0.046943,0.026854,0.000000,0.002813,0.923391,0.000000],[0.959253,0.017820,0.010265,0.000720,0.011942,0.000000],[1.000000,0.000000,0.000000,0.000000,0.000000,0.000000]],
  [[1.000000,0.000000,0.000000,0.000000,0.000000,0.000000],[0.984640,0.003549,0.004473,0.000801,0.006537,0.000000],[0.980790,0.004776,0.005739,0.000991,0.007705,0.000000],[0.976437,0.006025,0.007377,0.001186,0.008974,0.000000],[1.000000,0.000000,0.000000,0.000000,0.000000,0.000000],[1.000000,0.000000,0.000000,0.000000,0.000000,0.000000],[1.000000,0.000000,0.000000,0.000000,0.000000,0.000000],[0.886251,0.032746,0.022287,0.005327,0.053389,0.000000],[0.868305,0.067344,0.000000,0.006226,0.058126,0.000000],[0.954774,0.026669,0.000000,0.002608,0.015950,0.000000],[0.956178,0.019868,0.010528,0.000788,0.012637,0.000000],[1.000000,0.000000,0.000000,0.000000,0.000000,0.000000],[1.000000,0.000000,0.000000,0.000000,0.000000,0.000000],[0.952731,0.015409,0.016012,0.002137,0.013711,0.000000],[0.952434,0.028436,0.000000,0.002764,0.016365,0.000000],[0.048914,0.029152,0.000000,0.003084,0.918849,0.000000],[0.950803,0.029606,0.000000,0.002859,0.016732,0.000000],[0.141688,0.071274,0.000000,0.006810,0.780229,0.000000],[0.564247,0.087731,0.000000,0.006186,0.341836,0.000000],[0.150062,0.071634,0.000000,0.007221,0.771083,0.000000],[0.865331,0.067393,0.000000,0.006633,0.060642,0.000000],[0.565187,0.083449,0.000000,0.006014,0.345350,0.000000],[0.867546,0.066274,0.000000,0.006298,0.059883,0.000000],[0.953629,0.027275,0.000000,0.002691,0.016405,0.000000],[0.953887,0.031088,0.000000,0.000899,0.014126,0.000000],[0.978034,0.010355,0.000000,0.001406,0.010205,0.000000],[0.017336,0.005996,0.000000,0.000967,0.975702,0.000000],[0.983009,0.007618,0.000000,0.001074,0.008299,0.000000],[0.978967,0.009882,0.000000,0.001324,0.009827,0.000000],[0.978576,0.010067,0.000000,0.001359,0.009998,0.000000],[0.978208,0.010262,0.000000,0.001390,0.010140,0.000000],[0.977919,0.010467,0.000000,0.001411,0.010202,0.000000],[0.023044,0.022385,0.000000,0.000706,0.953865,0.000000],[0.048941,0.028125,0.000000,0.002951,0.919983,0.000000],[0.871587,0.064713,0.000000,0.006000,0.057700,0.000000],[0.870520,0.064513,0.000000,0.006089,0.058878,0.000000],[0.871022,0.065057,0.000000,0.006040,0.057882,0.000000],[0.955664,0.026183,0.000000,0.002538,0.015615,0.000000],[0.020650,0.013401,0.007473,0.000604,0.957872,0.000000],[1.000000,0.000000,0.000000,0.000000,0.000000,0.000000]],
  [[1.000000,0.000000,0.000000,0.000000,0.000000,0.000000],[0.984536,0.003582,0.004498,0.000808,0.006576,0.000000],[0.983100,0.007530,0.000000,0.001074,0.008297,0.000000],[0.975448,0.006520,0.007491,0.001259,0.009282,0.000000],[0.959427,0.017873,0.010026,0.000720,0.011954,0.000000],[0.961020,0.011432,0.013815,0.001686,0.012047,0.000000],[1.000000,0.000000,0.000000,0.000000,0.000000,0.000000],[0.577441,0.034749,0.029791,0.005212,0.352806,0.000000],[0.866467,0.067808,0.000000,0.006337,0.059388,0.000000],[0.051618,0.029585,0.000000,0.003161,0.915636,0.000000],[0.955671,0.020181,0.010605,0.000800,0.012744,0.000000],[0.037168,0.011022,0.013504,0.001864,0.936443,0.000000],[1.000000,0.000000,0.000000,0.000000,0.000000,0.000000],[0.952928,0.015411,0.015771,0.002133,0.013757,0.000000],[0.952823,0.028115,0.000000,0.002743,0.016319,0.000000],[0.953036,0.027943,0.000000,0.002728,0.016294,0.000000],[0.050152,0.029891,0.000000,0.003157,0.916801,0.000000],[0.867589,0.068311,0.000000,0.006292,0.057808,0.000000],[0.142787,0.071972,0.000000,0.006891,0.778349,0.000000],[0.143275,0.067706,0.000000,0.006784,0.782234,0.000000],[0.142734,0.067523,0.000000,0.006766,0.782977,0.000000],[0.863788,0.070482,0.000000,0.006530,0.059201,0.000000],[0.868433,0.067162,0.000000,0.006218,0.058187,0.000000],[0.954472,0.026927,0.000000,0.002624,0.015978,0.000000],[0.954148,0.030948,0.000000,0.000890,0.014013,0.000000],[0.978112,0.010337,0.000000,0.001398,0.010153,0.000000],[0.982737,0.007737,0.000000,0.001100,0.008426,0.000000],[0.017225,0.005970,0.000000,0.000958,0.975847,0.000000],[0.019987,0.007836,0.000000,0.001186,0.970991,0.000000],[0.957497,0.028558,0.000000,0.000807,0.013137,0.000000],[0.956800,0.029074,0.000000,0.000824,0.013302,0.000000],[0.956267,0.029515,0.000000,0.000835,0.013383,0.000000],[0.956472,0.029274,0.000000,0.000830,0.013424,0.000000],[0.961632,0.021779,0.000000,0.002151,0.014438,0.000000],[0.899242,0.041456,0.000000,0.004540,0.054763,0.000000],[0.578808,0.060200,0.000000,0.004761,0.356230,0.000000],[0.879892,0.056180,0.000000,0.005592,0.058335,0.000000],[0.954843,0.026606,0.000000,0.002595,0.015956,0.000000],[0.957753,0.018756,0.010391,0.000753,0.012347,0.000000],[1.000000,0.000000,0.000000,0.000000,0.000000,0.000000]],
  [[1.000000,0.000000,0.000000,0.000000,0.000000,0.000000],[0.981192,0.004581,0.005693,0.000961,0.007573,0.000000],[0.982837,0.007679,0.000000,0.001094,0.008390,0.000000],[0.978180,0.010284,0.000000,0.001394,0.010142,0.000000],[0.956360,0.029431,0.000000,0.000836,0.013374,0.000000],[0.039115,0.012972,0.015198,0.002116,0.930599,0.000000],[1.000000,0.000000,0.000000,0.000000,0.000000,0.000000],[0.887635,0.028728,0.026754,0.005037,0.051846,0.000000],[0.868776,0.067468,0.000000,0.006208,0.057548,0.000000],[0.954402,0.026995,0.000000,0.002632,0.015971,0.000000],[0.953523,0.021960,0.010525,0.000846,0.013145,0.000000],[1.000000,0.000000,0.000000,0.000000,0.000000,0.000000],[1.000000,0.000000,0.000000,0.000000,0.000000,0.000000],[0.137925,0.036544,0.024879,0.006237,0.794415,0.000000],[0.866166,0.069288,0.000000,0.006396,0.058150,0.000000],[0.050003,0.029810,0.000000,0.003151,0.917037,0.000000],[0.953906,0.027665,0.000000,0.002649,0.015780,0.000000],[0.048974,0.028901,0.000000,0.003038,0.919087,0.000000],[0.952351,0.028416,0.000000,0.002759,0.016475,0.000000],[0.948695,0.030573,0.000000,0.002963,0.017770,0.000000],[0.053320,0.031775,0.000000,0.003369,0.911536,0.000000],[0.050292,0.029804,0.000000,0.003140,0.916764,0.000000],[0.049676,0.028562,0.000000,0.003033,0.918730,0.000000],[0.956592,0.025585,0.000000,0.002479,0.015344,0.000000],[0.023367,0.022409,0.000000,0.000716,0.953508,0.000000],[0.977936,0.010406,0.000000,0.001415,0.010243,0.000000],[0.982481,0.007849,0.000000,0.001124,0.008547,0.000000],[0.982576,0.007819,0.000000,0.001113,0.008492,0.000000],[0.978268,0.010277,0.000000,0.001381,0.010074,0.000000],[0.956288,0.029480,0.000000,0.000834,0.013398,0.000000],[0.043164,0.022648,0.000000,0.002425,0.931764,0.000000],[0.042182,0.020459,0.000000,0.002242,0.935117,0.000000],[0.966761,0.018308,0.000000,0.001800,0.013130,0.000000],[0.000000,0.000000,0.000000,0.000000,0.000000,1.000000],[0.000000,0.000000,0.000000,0.000000,0.000000,1.000000],[0.000000,0.000000,0.000000,0.000000,0.000000,1.000000],[0.882023,0.055600,0.000000,0.005465,0.056912,0.000000],[0.956130,0.025695,0.000000,0.002514,0.015661,0.000000],[0.957765,0.018756,0.010347,0.000753,0.012379,0.000000],[1.000000,0.000000,0.000000,0.000000,0.000000,0.000000]],
  [[1.000000,0.000000,0.000000,0.000000,0.000000,0.000000],[0.976615,0.005971,0.007343,0.001173,0.008898,0.000000],[0.978542,0.010119,0.000000,0.001362,0.009977,0.000000],[0.020780,0.008255,0.000000,0.001266,0.969699,0.000000],[0.955607,0.029972,0.000000,0.000854,0.013566,0.000000],[0.956717,0.013977,0.014457,0.001967,0.012882,0.000000],[1.000000,0.000000,0.000000,0.000000,0.000000,0.000000],[0.041604,0.014895,0.016700,0.002354,0.924448,0.000000],[0.044562,0.019935,0.013291,0.002697,0.919515,0.000000],[0.956378,0.025745,0.000000,0.002497,0.015380,0.000000],[0.953665,0.021858,0.010485,0.000844,0.013148,0.000000],[0.952412,0.016065,0.015575,0.002196,0.013752,0.000000],[0.136667,0.036967,0.026187,0.006307,0.793872,0.000000],[0.565754,0.062997,0.019631,0.006365,0.345252,0.000000],[0.145252,0.072918,0.000000,0.007008,0.774822,0.000000],[0.051490,0.030528,0.000000,0.003238,0.914745,0.000000],[0.023876,0.023918,0.000000,0.000765,0.951441,0.000000],[0.023841,0.023509,0.000000,0.000754,0.951896,0.000000],[0.952178,0.032454,0.000000,0.000938,0.014430,0.000000],[0.952083,0.032514,0.000000,0.000940,0.014462,0.000000],[0.023787,0.023414,0.000000,0.000750,0.952048,0.000000],[0.953167,0.031868,0.000000,0.000909,0.014056,0.000000],[0.953201,0.031758,0.000000,0.000911,0.014129,0.000000],[0.953847,0.031281,0.000000,0.000895,0.013976,0.000000],[0.954877,0.030419,0.000000,0.000873,0.013831,0.000000],[0.977404,0.010691,0.000000,0.001461,0.010444,0.000000],[0.977965,0.010366,0.000000,0.001414,0.010255,0.000000],[0.978247,0.010216,0.000000,0.001389,0.010148,0.000000],[0.978065,0.010340,0.000000,0.001402,0.010192,0.000000],[0.023087,0.022097,0.000000,0.000698,0.954118,0.000000],[0.960394,0.022890,0.000000,0.002225,0.014490,0.000000],[0.000000,0.000000,0.000000,0.000000,0.000000,1.000000],[0.000000,0.000000,0.000000,0.000000,0.000000,1.000000],[0.000000,0.000000,0.000000,0.000000,0.000000,1.000000],[0.042565,0.018713,0.000000,0.002116,0.936606,0.000000],[0.043582,0.021630,0.000000,0.002368,0.932420,0.000000],[0.959591,0.023314,0.000000,0.002288,0.014807,0.000000],[0.958172,0.024416,0.000000,0.002376,0.015036,0.000000],[0.958687,0.018186,0.010219,0.000734,0.012174,0.000000],[1.000000,0.000000,0.000000,0.000000,0.000000,0.000000]],
  [[1.000000,0.000000,0.000000,0.000000,0.000000,0.000000],[0.018084,0.004716,0.005668,0.001036,0.970496,0.000000],[0.957020,0.028966,0.000000,0.000817,0.013197,0.000000],[0.954924,0.030435,0.000000,0.000870,0.013771,0.000000],[0.953386,0.031589,0.000000,0.000908,0.014117,0.000000],[0.953794,0.021753,0.010519,0.000840,0.013093,0.000000],[0.954595,0.020853,0.010749,0.000823,0.012979,0.000000],[1.000000,0.000000,0.000000,0.000000,0.000000,0.000000],[0.020964,0.014289,0.007541,0.000633,0.956573,0.000000],[0.955284,0.020789,0.010384,0.000808,0.012735,0.000000],[0.953132,0.031793,0.000000,0.000915,0.014160,0.000000],[0.049789,0.028954,0.000000,0.003064,0.918193,0.000000],[0.140975,0.070375,0.000000,0.006727,0.781923,0.000000],[0.862967,0.071144,0.000000,0.006602,0.059287,0.000000],[0.865064,0.069577,0.000000,0.006457,0.058903,0.000000],[0.951996,0.028595,0.000000,0.002800,0.016609,0.000000],[0.950017,0.034101,0.000000,0.000990,0.014892,0.000000],[0.951608,0.032883,0.000000,0.000953,0.014555,0.000000],[0.952090,0.032475,0.000000,0.000943,0.014493,0.000000],[0.953138,0.031709,0.000000,0.000917,0.014237,0.000000],[0.954027,0.031104,0.000000,0.000893,0.013976,0.000000],[0.954156,0.031055,0.000000,0.000888,0.013901,0.000000],[0.023720,0.023119,0.000000,0.000739,0.952422,0.000000],[0.952799,0.031949,0.000000,0.000924,0.014328,0.000000],[0.952916,0.031800,0.000000,0.000923,0.014362,0.000000],[0.953648,0.031253,0.000000,0.000904,0.014195,0.000000],[0.955399,0.030030,0.000000,0.000859,0.013712,0.000000],[0.957981,0.028063,0.000000,0.000797,0.013160,0.000000],[0.978847,0.009918,0.000000,0.001331,0.009904,0.000000],[0.959628,0.026765,0.000000,0.000755,0.012852,0.000000],[0.963857,0.020218,0.000000,0.001993,0.013932,0.000000],[0.899639,0.041631,0.000000,0.004530,0.054199,0.000000],[0.585876,0.053911,0.000000,0.004402,0.355811,0.000000],[0.891091,0.048485,0.000000,0.005009,0.055415,0.000000],[0.958718,0.023944,0.000000,0.002338,0.015000,0.000000],[0.023737,0.023191,0.000000,0.000736,0.952337,0.000000],[0.955191,0.030297,0.000000,0.000861,0.013651,0.000000],[0.956247,0.029496,0.000000,0.000837,0.013419,0.000000],[0.960187,0.017235,0.010098,0.000701,0.011779,0.000000],[1.000000,0.000000,0.000000,0.000000,0.000000,0.000000]],
  [[1.000000,0.000000,0.000000,0.000000,0.000000,0.000000],[0.018222,0.004793,0.005705,0.001051,0.970229,0.000000],[0.955902,0.029789,0.000000,0.000845,0.013465,0.000000],[0.956933,0.025366,0.000000,0.002455,0.015246,0.000000],[0.049634,0.028533,0.000000,0.003027,0.918805,0.000000],[0.953553,0.027530,0.000000,0.002690,0.016228,0.000000],[0.045293,0.019916,0.013238,0.002718,0.918834,0.000000],[0.954207,0.015275,0.015033,0.002105,0.013380,0.000000],[1.000000,0.000000,0.000000,0.000000,0.000000,0.000000],[0.019483,0.005606,0.005915,0.001194,0.967802,0.000000],[0.954531,0.030745,0.000000,0.000881,0.013843,0.000000],[0.956219,0.025808,0.000000,0.002506,0.015467,0.000000],[0.953251,0.027785,0.000000,0.002708,0.016256,0.000000],[0.052452,0.031035,0.000000,0.003313,0.913200,0.000000],[0.950674,0.029359,0.000000,0.002900,0.017066,0.000000],[0.947730,0.030854,0.000000,0.003063,0.018353,0.000000],[0.951452,0.028664,0.000000,0.002853,0.017031,0.000000],[0.951729,0.028568,0.000000,0.002822,0.016881,0.000000],[0.953663,0.027344,0.000000,0.002687,0.016306,0.000000],[0.956252,0.025715,0.000000,0.002510,0.015523,0.000000],[0.953269,0.031608,0.000000,0.000913,0.014210,0.000000],[0.023737,0.023148,0.000000,0.000741,0.952374,0.000000],[0.956216,0.025821,0.000000,0.002505,0.015457,0.000000],[0.954217,0.027071,0.000000,0.002640,0.016071,0.000000],[0.953501,0.027501,0.000000,0.002686,0.016312,0.000000],[0.954910,0.026608,0.000000,0.002588,0.015893,0.000000],[0.957481,0.024996,0.000000,0.002411,0.015111,0.000000],[0.022138,0.020079,0.000000,0.000637,0.957147,0.000000],[0.000000,0.000000,0.000000,0.000000,0.000000,1.000000],[0.000000,0.000000,0.000000,0.000000,0.000000,1.000000],[0.000000,0.000000,0.000000,0.000000,0.000000,1.000000],[0.136255,0.057337,0.000000,0.005806,0.800602,0.000000],[0.141664,0.068682,0.000000,0.006516,0.783138,0.000000],[0.871879,0.065137,0.000000,0.005980,0.057004,0.000000],[0.955996,0.026032,0.000000,0.002505,0.015467,0.000000],[0.954791,0.030581,0.000000,0.000870,0.013758,0.000000],[0.977857,0.010549,0.000000,0.001413,0.010181,0.000000],[0.019903,0.007943,0.000000,0.001190,0.970964,0.000000],[0.017744,0.004594,0.005625,0.001010,0.971026,0.000000],[1.000000,0.000000,0.000000,0.000000,0.000000,0.000000]],
  [[1.000000,0.000000,0.000000,0.000000,0.000000,0.000000],[0.976084,0.006203,0.007483,0.001206,0.009024,0.000000],[0.955130,0.030399,0.000000,0.000861,0.013610,0.000000],[0.049315,0.028567,0.000000,0.003015,0.919103,0.000000],[0.868737,0.066978,0.000000,0.006197,0.058088,0.000000],[0.866033,0.068552,0.000000,0.006369,0.059046,0.000000],[0.868862,0.066975,0.000000,0.006197,0.057966,0.000000],[0.951407,0.018458,0.013702,0.002311,0.014122,0.000000],[0.955237,0.020807,0.010363,0.000810,0.012784,0.000000],[0.974365,0.006987,0.007735,0.001333,0.009580,0.000000],[0.956242,0.029531,0.000000,0.000837,0.013389,0.000000],[0.954388,0.030839,0.000000,0.000883,0.013890,0.000000],[0.951687,0.032822,0.000000,0.000950,0.014540,0.000000],[0.954002,0.027256,0.000000,0.002668,0.016073,0.000000],[0.052674,0.031137,0.000000,0.003350,0.912839,0.000000],[0.943210,0.033689,0.000000,0.003373,0.019728,0.000000],[0.872430,0.061426,0.000000,0.006194,0.059950,0.000000],[0.870474,0.063631,0.000000,0.006303,0.059592,0.000000],[0.141365,0.068166,0.000000,0.006594,0.783874,0.000000],[0.953789,0.027343,0.000000,0.002675,0.016193,0.000000],[0.952230,0.032368,0.000000,0.000939,0.014463,0.000000],[0.952194,0.032392,0.000000,0.000939,0.014474,0.000000],[0.954162,0.027042,0.000000,0.002651,0.016146,0.000000],[0.868935,0.066225,0.000000,0.006177,0.058663,0.000000],[0.143497,0.070425,0.000000,0.006743,0.779335,0.000000],[0.137478,0.058447,0.000000,0.005954,0.798121,0.000000],[0.960676,0.022412,0.000000,0.002213,0.014700,0.000000],[0.960094,0.026395,0.000000,0.000743,0.012768,0.000000],[0.000000,0.000000,0.000000,0.000000,0.000000,1.000000],[0.961012,0.025735,0.000000,0.000722,0.012531,0.000000],[0.043207,0.021016,0.000000,0.002300,0.933477,0.000000],[0.961119,0.022129,0.000000,0.002180,0.014571,0.000000],[0.959727,0.022997,0.000000,0.002272,0.015003,0.000000],[0.046080,0.023011,0.000000,0.002525,0.928384,0.000000],[0.960213,0.022925,0.000000,0.002244,0.014618,0.000000],[0.023085,0.022131,0.000000,0.000701,0.954083,0.000000],[0.019979,0.007928,0.000000,0.001195,0.970898,0.000000],[0.017192,0.006026,0.000000,0.000959,0.975822,0.000000],[0.015522,0.003509,0.004377,0.000830,0.975761,0.000000],[1.000000,0.000000,0.000000,0.000000,0.000000,0.000000]],
  [[1.000000,0.000000,0.000000,0.000000,0.000000,0.000000],[0.018100,0.004764,0.005696,0.001044,0.970396,0.000000],[0.023092,0.022535,0.000000,0.000712,0.953661,0.000000],[0.953632,0.027456,0.000000,0.002680,0.016233,0.000000],[0.866569,0.067630,0.000000,0.006332,0.059469,0.000000],[0.567325,0.078760,0.000000,0.005755,0.348160,0.000000],[0.866570,0.067658,0.000000,0.006335,0.059437,0.000000],[0.051294,0.029688,0.000000,0.003156,0.915861,0.000000],[0.953977,0.031152,0.000000,0.000895,0.013977,0.000000],[0.977640,0.010623,0.000000,0.001438,0.010298,0.000000],[0.020096,0.008007,0.000000,0.001210,0.970687,0.000000],[0.020386,0.008226,0.000000,0.001246,0.970142,0.000000],[0.953571,0.031535,0.000000,0.000900,0.013994,0.000000],[0.953558,0.027613,0.000000,0.002689,0.016140,0.000000],[0.865579,0.068803,0.000000,0.006409,0.059210,0.000000],[0.867550,0.064818,0.000000,0.006504,0.061128,0.000000],[0.819704,0.086473,0.000000,0.008420,0.085404,0.000000],[0.569713,0.078226,0.000000,0.005962,0.346099,0.000000],[0.145863,0.070796,0.000000,0.006888,0.776454,0.000000],[0.952651,0.028064,0.000000,0.002753,0.016532,0.000000],[0.951809,0.032626,0.000000,0.000952,0.014614,0.000000],[0.951706,0.032696,0.000000,0.000954,0.014644,0.000000],[0.953203,0.027543,0.000000,0.002722,0.016531,0.000000],[0.866036,0.067881,0.000000,0.006359,0.059723,0.000000],[0.566054,0.083984,0.000000,0.005972,0.343990,0.000000],[0.139838,0.060924,0.000000,0.006184,0.793053,0.000000],[0.000000,0.000000,0.000000,0.000000,0.000000,1.000000],[0.000000,0.000000,0.000000,0.000000,0.000000,1.000000],[0.978867,0.009863,0.000000,0.001333,0.009936,0.000000],[0.958587,0.027624,0.000000,0.000783,0.013006,0.000000],[0.956389,0.029303,0.000000,0.000834,0.013473,0.000000],[0.956966,0.028794,0.000000,0.000820,0.013419,0.000000],[0.000000,0.000000,0.000000,0.000000,0.000000,1.000000],[0.000000,0.000000,0.000000,0.000000,0.000000,1.000000],[0.958387,0.027802,0.000000,0.000783,0.013028,0.000000],[0.956900,0.029032,0.000000,0.000819,0.013248,0.000000],[0.978439,0.010212,0.000000,0.001365,0.009984,0.000000],[0.982858,0.007705,0.000000,0.001089,0.008348,0.000000],[0.981214,0.004584,0.005707,0.000957,0.007538,0.000000],[1.000000,0.000000,0.000000,0.000000,0.000000,0.000000]],
  [[1.000000,0.000000,0.000000,0.000000,0.000000,0.000000],[0.017964,0.004723,0.005684,0.001035,0.970595,0.000000],[0.954678,0.030730,0.000000,0.000872,0.013720,0.000000],[0.954256,0.027073,0.000000,0.002640,0.016031,0.000000],[0.868662,0.066435,0.000000,0.006204,0.058699,0.000000],[0.865648,0.068160,0.000000,0.006395,0.059797,0.000000],[0.867940,0.067452,0.000000,0.006253,0.058355,0.000000],[0.954201,0.027107,0.000000,0.002645,0.016046,0.000000],[0.023448,0.022739,0.000000,0.000727,0.953086,0.000000],[0.977760,0.010551,0.000000,0.001427,0.010262,0.000000],[0.019931,0.007900,0.000000,0.001193,0.970976,0.000000],[0.020233,0.008132,0.000000,0.001229,0.970406,0.000000],[0.023343,0.022906,0.000000,0.000728,0.953023,0.000000],[0.051353,0.030065,0.000000,0.003193,0.915389,0.000000],[0.862707,0.070434,0.000000,0.006589,0.060270,0.000000],[0.569997,0.076954,0.000000,0.005906,0.347143,0.000000],[0.819645,0.086532,0.000000,0.008428,0.085395,0.000000],[0.866629,0.065846,0.000000,0.006550,0.060975,0.000000],[0.865879,0.068590,0.000000,0.006383,0.059148,0.000000],[0.953806,0.027350,0.000000,0.002675,0.016168,0.000000],[0.952159,0.032371,0.000000,0.000943,0.014527,0.000000],[0.952001,0.032481,0.000000,0.000947,0.014571,0.000000],[0.954240,0.026894,0.000000,0.002652,0.016214,0.000000],[0.870418,0.064597,0.000000,0.006110,0.058875,0.000000],[0.866713,0.067490,0.000000,0.006313,0.059483,0.000000],[0.878702,0.058550,0.000000,0.005706,0.057041,0.000000],[0.045149,0.022652,0.000000,0.002481,0.929719,0.000000],[0.958382,0.027744,0.000000,0.000785,0.013088,0.000000],[0.978365,0.010139,0.000000,0.001378,0.010118,0.000000],[0.978125,0.010278,0.000000,0.001399,0.010198,0.000000],[0.977999,0.010346,0.000000,0.001410,0.010245,0.000000],[0.978521,0.010056,0.000000,0.001364,0.010059,0.000000],[0.979148,0.009700,0.000000,0.001308,0.009844,0.000000],[0.000000,0.000000,0.000000,0.000000,0.000000,1.000000],[0.978544,0.010058,0.000000,0.001359,0.010038,0.000000],[0.020679,0.008245,0.000000,0.001257,0.969818,0.000000],[0.977947,0.010450,0.000000,0.001409,0.010194,0.000000],[0.978455,0.010166,0.000000,0.001370,0.010009,0.000000],[0.976466,0.006036,0.007372,0.001183,0.008944,0.000000],[1.000000,0.000000,0.000000,0.000000,0.000000,0.000000]],
  [[1.000000,0.000000,0.000000,0.000000,0.000000,0.000000],[0.975995,0.006235,0.007505,0.001212,0.009053,0.000000],[0.023360,0.022742,0.000000,0.000722,0.953176,0.000000],[0.955222,0.026382,0.000000,0.002581,0.015815,0.000000],[0.951993,0.028523,0.000000,0.002805,0.016680,0.000000],[0.053189,0.031345,0.000000,0.003365,0.912101,0.000000],[0.952051,0.028490,0.000000,0.002801,0.016658,0.000000],[0.955191,0.026405,0.000000,0.002584,0.015821,0.000000],[0.953918,0.031119,0.000000,0.000896,0.014067,0.000000],[0.977757,0.010531,0.000000,0.001429,0.010283,0.000000],[0.977946,0.010428,0.000000,0.001412,0.010214,0.000000],[0.955830,0.029821,0.000000,0.000846,0.013502,0.000000],[0.952300,0.032409,0.000000,0.000932,0.014359,0.000000],[0.952323,0.028377,0.000000,0.002774,0.016527,0.000000],[0.142143,0.069065,0.000000,0.006709,0.782083,0.000000],[0.869508,0.063682,0.000000,0.006383,0.060427,0.000000],[0.871598,0.061932,0.000000,0.006255,0.060215,0.000000],[0.943948,0.033308,0.000000,0.003312,0.019432,0.000000],[0.051122,0.030104,0.000000,0.003205,0.915569,0.000000],[0.955790,0.026190,0.000000,0.002534,0.015487,0.000000],[0.953248,0.031628,0.000000,0.000914,0.014210,0.000000],[0.952971,0.031770,0.000000,0.000923,0.014336,0.000000],[0.956320,0.025578,0.000000,0.002510,0.015592,0.000000],[0.954113,0.026973,0.000000,0.002661,0.016253,0.000000],[0.953361,0.027444,0.000000,0.002711,0.016484,0.000000],[0.954593,0.026846,0.000000,0.002615,0.015947,0.000000],[0.047019,0.026598,0.000000,0.002805,0.923579,0.000000],[0.955424,0.030069,0.000000,0.000858,0.013649,0.000000],[0.977757,0.010484,0.000000,0.001432,0.010327,0.000000],[0.978244,0.010241,0.000000,0.001388,0.010127,0.000000],[0.982257,0.007964,0.000000,0.001143,0.008636,0.000000],[0.978295,0.010218,0.000000,0.001383,0.010104,0.000000],[0.959597,0.026782,0.000000,0.000760,0.012861,0.000000],[0.958697,0.027478,0.000000,0.000779,0.013046,0.000000],[0.957986,0.028043,0.000000,0.000795,0.013176,0.000000],[0.955015,0.030411,0.000000,0.000865,0.013710,0.000000],[0.023240,0.022499,0.000000,0.000713,0.953548,0.000000],[0.023060,0.022136,0.000000,0.000700,0.954103,0.000000],[0.960292,0.017178,0.010039,0.000700,0.011791,0.000000],[1.000000,0.000000,0.000000,0.000000,0.000000,0.000000]],
  [[1.000000,0.000000,0.000000,0.000000,0.000000,0.000000],[0.018218,0.004798,0.005702,0.001053,0.970229,0.000000],[0.954550,0.030718,0.000000,0.000879,0.013853,0.000000],[0.955108,0.026442,0.000000,0.002587,0.015864,0.000000],[0.951804,0.028630,0.000000,0.002816,0.016751,0.000000],[0.053258,0.031414,0.000000,0.003374,0.911955,0.000000],[0.951709,0.028783,0.000000,0.002819,0.016689,0.000000],[0.955033,0.026495,0.000000,0.002594,0.015878,0.000000],[0.953908,0.031123,0.000000,0.000897,0.014072,0.000000],[0.977506,0.010612,0.000000,0.001455,0.010427,0.000000],[0.977687,0.010541,0.000000,0.001437,0.010335,0.000000],[0.954703,0.030547,0.000000,0.000877,0.013873,0.000000],[0.955395,0.026331,0.000000,0.002563,0.015712,0.000000],[0.947841,0.030852,0.000000,0.003045,0.018262,0.000000],[0.943285,0.033827,0.000000,0.003360,0.019528,0.000000],[0.942140,0.034572,0.000000,0.003446,0.019842,0.000000],[0.944500,0.032989,0.000000,0.003288,0.019223,0.000000],[0.951247,0.029171,0.000000,0.002851,0.016731,0.000000],[0.024968,0.025355,0.000000,0.000819,0.948858,0.000000],[0.023540,0.023366,0.000000,0.000744,0.952350,0.000000],[0.953848,0.031276,0.000000,0.000895,0.013982,0.000000],[0.954132,0.031018,0.000000,0.000890,0.013960,0.000000],[0.952639,0.032062,0.000000,0.000928,0.014371,0.000000],[0.950590,0.033511,0.000000,0.000981,0.014918,0.000000],[0.949686,0.034179,0.000000,0.001003,0.015133,0.000000],[0.950478,0.033701,0.000000,0.000979,0.014842,0.000000],[0.952193,0.032487,0.000000,0.000935,0.014385,0.000000],[0.954563,0.030795,0.000000,0.000875,0.013766,0.000000],[0.956242,0.029519,0.000000,0.000836,0.013402,0.000000],[0.977943,0.010453,0.000000,0.001410,0.010194,0.000000],[0.020345,0.008052,0.000000,0.001227,0.970376,0.000000],[0.977570,0.010606,0.000000,0.001446,0.010378,0.000000],[0.956503,0.029084,0.000000,0.000835,0.013578,0.000000],[0.000000,0.000000,0.000000,0.000000,0.000000,1.000000],[0.047294,0.025049,0.000000,0.002707,0.924950,0.000000],[0.954549,0.027006,0.000000,0.002597,0.015849,0.000000],[0.955155,0.026715,0.000000,0.002553,0.015577,0.000000],[0.957733,0.025038,0.000000,0.002387,0.014842,0.000000],[0.959661,0.017613,0.010137,0.000712,0.011876,0.000000],[1.000000,0.000000,0.000000,0.000000,0.000000,0.000000]],
  [[1.000000,0.000000,0.000000,0.000000,0.000000,0.000000],[0.976276,0.006141,0.007429,0.001193,0.008960,0.000000],[0.955439,0.030147,0.000000,0.000855,0.013559,0.000000],[0.955271,0.026367,0.000000,0.002572,0.015790,0.000000],[0.868873,0.066439,0.000000,0.006191,0.058498,0.000000],[0.865373,0.068457,0.000000,0.006414,0.059756,0.000000],[0.867429,0.067871,0.000000,0.006288,0.058411,0.000000],[0.050446,0.028793,0.000000,0.003070,0.917691,0.000000],[0.954173,0.030952,0.000000,0.000891,0.013984,0.000000],[0.977455,0.010638,0.000000,0.001459,0.010448,0.000000],[0.977559,0.010607,0.000000,0.001448,0.010387,0.000000],[0.023743,0.022954,0.000000,0.000736,0.952567,0.000000],[0.953828,0.027316,0.000000,0.002668,0.016188,0.000000],[0.142624,0.067047,0.000000,0.006561,0.783768,0.000000],[0.861158,0.071616,0.000000,0.006693,0.060534,0.000000],[0.143626,0.067054,0.000000,0.006760,0.782560,0.000000],[0.058588,0.035740,0.000000,0.003856,0.901815,0.000000],[0.949622,0.030187,0.000000,0.002959,0.017231,0.000000],[0.050179,0.029627,0.000000,0.003138,0.917055,0.000000],[0.955694,0.026337,0.000000,0.002535,0.015434,0.000000],[0.023414,0.022836,0.000000,0.000728,0.953022,0.000000],[0.021365,0.008681,0.000000,0.001343,0.968611,0.000000],[0.953032,0.031782,0.000000,0.000919,0.014267,0.000000],[0.955947,0.025819,0.000000,0.002537,0.015696,0.000000],[0.953650,0.027361,0.000000,0.002690,0.016299,0.000000],[0.952770,0.028060,0.000000,0.002736,0.016434,0.000000],[0.048662,0.028572,0.000000,0.002998,0.919768,0.000000],[0.045750,0.026764,0.000000,0.002782,0.924704,0.000000],[0.022452,0.021891,0.000000,0.000686,0.954971,0.000000],[0.022430,0.021679,0.000000,0.000680,0.955211,0.000000],[0.955070,0.030373,0.000000,0.000864,0.013693,0.000000],[0.953673,0.031303,0.000000,0.000902,0.014122,0.000000],[0.953075,0.031586,0.000000,0.000918,0.014421,0.000000],[0.956559,0.025118,0.000000,0.002498,0.015825,0.000000],[0.878442,0.058115,0.000000,0.005701,0.057741,0.000000],[0.138883,0.059081,0.000000,0.006017,0.796020,0.000000],[0.133726,0.057582,0.000000,0.005816,0.802876,0.000000],[0.045314,0.024089,0.000000,0.002585,0.928012,0.000000],[0.959112,0.017933,0.010226,0.000723,0.012005,0.000000],[1.000000,0.000000,0.000000,0.000000,0.000000,0.000000]],
