[
  [[1.000000,0.000000,0.000000,0.000000,0.000000,0.000000],[1.000000,0.000000,0.000000,0.000000,0.000000,0.000000],[1.000000,0.000000,0.000000,0.000000,0.000000,0.000000],[1.000000,0.000000,0.000000,0.000000,0.000000,0.000000],[1.000000,0.000000,0.000000,0.000000,0.000000,0.000000],[1.000000,0.000000,0.000000,0.000000,0.000000,0.000000],[1.000000,0.000000,0.000000,0.000000,0.000000,0.000000],[1.000000,0.000000,0.000000,0.000000,0.000000,0.000000],[1.000000,0.000000,0.000000,0.000000,0.000000,0.000000],[1.000000,0.000000,0.000000,0.000000,0.000000,0.000000],[1.000000,0.000000,0.000000,0.000000,0.000000,0.000000],[1.000000,0.000000,0.000000,0.000000,0.000000,0.000000],[1.000000,0.000000,0.000000,0.000000,0.000000,0.000000],[1.000000,0.000000,0.000000,0.000000,0.000000,0.000000],[1.000000,0.000000,0.000000,0.000000,0.000000,0.000000],[1.000000,0.000000,0.000000,0.000000,0.000000,0.000000],[1.000000,0.000000,0.000000,0.000000,0.000000,0.000000],[1.000000,0.000000,0.000000,0.000000,0.000000,0.000000],[1.000000,0.000000,0.000000,0.000000,0.000000,0.000000],[1.000000,0.000000,0.000000,0.000000,0.000000,0.000000],[1.000000,0.000000,0.000000,0.000000,0.000000,0.000000],[1.000000,0.000000,0.000000,0.000000,0.000000,0.000000],[1.000000,0.000000,0.000000,0.000000,0.000000,0.000000],[1.000000,0.000000,0.000000,0.000000,0.000000,0.000000],[1.000000,0.000000,0.000000,0.000000,0.000000,0.000000],[1.000000,0.000000,0.000000,0.000000,0.000000,0.000000],[1.000000,0.000000,0.000000,0.000000,0.000000,0.000000],[1.000000,0.000000,0.000000,0.000000,0.000000,0.000000],[1.000000,0.000000,0.000000,0.000000,0.000000,0.000000],[1.000000,0.000000,0.000000,0.000000,0.000000,0.000000],[1.000000,0.000000,0.000000,0.000000,0.000000,0.000000],[1.000000,0.000000,0.000000,0.000000,0.000000,0.000000],[1.000000,0.000000,0.000000,0.000000,0.000000,0.000000],[1.000000,0.000000,0.000000,0.000000,0.000000,0.000000],[1.000000,0.000000,0.000000,0.000000,0.000000,0.000000],[1.000000,0.000000,0.000000,0.000000,0.000000,0.000000],[1.000000,0.000000,0.000000,0.000000,0.000000,0.000000],[1.000000,0.000000,0.000000,0.000000,0.000000,0.000000],[1.000000,0.000000,0.000000,0.000000,0.000000,0.000000],[1.000000,0.000000,0.000000,0.000000,0.000000,0.000000]],
  [[1.000000,0.000000,0.000000,0.000000,0.000000,0.000000],[0.984484,0.002401,0.002713,0.000524,0.009878,0.000000],[0.982974,0.002989,0.003491,0.000615,0.009931,0.000000],[0.274076,0.003418,0.003521,0.000743,0.718242,0.000000],[0.966796,0.011879,0.006332,0.000477,0.014516,0.000000],[0.965009,0.009512,0.009969,0.001351,0.014159,0.000000],[0.332853,0.010371,0.010279,0.001626,0.644871,0.000000],[0.962909,0.010612,0.010322,0.001466,0.014691,0.000000],[0.333043,0.010432,0.010074,0.001630,0.644821,0.000000],[0.964164,0.009980,0.009976,0.001400,0.014481,0.000000],[0.964079,0.013432,0.006539,0.000529,0.015421,0.000000],[0.964723,0.013037,0.006450,0.000516,0.015275,0.000000],[0.965505,0.012608,0.006437,0.000501,0.014948,0.000000],[0.259358,0.009662,0.004741,0.000436,0.725804,0.000000],[0.967319,0.011552,0.006259,0.000467,0.014404,0.000000],[0.978898,0.004072,0.004553,0.000785,0.011692,0.000000],[0.054938,0.003277,0.003504,0.000770,0.937511,0.000000],[0.044005,0.002507,0.002802,0.000641,0.950045,0.000000],[0.984596,0.002337,0.002872,0.000564,0.009631,0.000000],[0.981433,0.002987,0.003555,0.000665,0.011359,0.000000],[0.977653,0.003918,0.004519,0.000807,0.013104,0.000000],[0.972958,0.005173,0.005831,0.000999,0.015040,0.000000],[0.971517,0.005367,0.005755,0.001023,0.016338,0.000000],[1.000000,0.000000,0.000000,0.000000,0.000000,0.000000],[1.000000,0.000000,0.000000,0.000000,0.000000,0.000000],[0.969195,0.006056,0.005576,0.001097,0.018075,0.000000],[1.000000,0.000000,0.000000,0.000000,0.000000,0.000000],[0.969553,0.005917,0.005624,0.001084,0.017821,0.000000],[0.970535,0.005591,0.005644,0.001046,0.017183,0.000000],[0.971519,0.005324,0.005696,0.001015,0.016446,0.000000],[0.067703,0.003315,0.003440,0.000768,0.924773,0.000000],[0.981742,0.002997,0.003580,0.000665,0.011016,0.000000],[0.977611,0.003936,0.004527,0.000810,0.013117,0.000000],[0.972682,0.005274,0.005898,0.001017,0.015130,0.000000],[0.068769,0.011623,0.005909,0.000527,0.913171,0.000000],[0.955950,0.015907,0.008260,0.000636,0.019247,0.000000],[0.954981,0.016470,0.008331,0.000654,0.019563,0.000000],[0.955486,0.016235,0.008298,0.000645,0.019335,0.000000],[0.069821,0.011874,0.005681,0.000529,0.912095,0.000000],[1.000000,0.000000,0.000000,0.000000,0.000000,0.000000]],
  [[1.000000,0.000000,0.000000,0.000000,0.000000,0.000000],[0.269288,0.001973,0.002202,0.000501,0.726036,0.000000],[0.984197,0.004803,0.000000,0.000682,0.010318,0.000000],[0.255537,0.005324,0.000000,0.000838,0.738301,0.000000],[0.734095,0.020155,0.000000,0.000582,0.245168,0.000000],[0.321643,0.018665,0.000000,0.002026,0.657667,0.000000],[0.896073,0.049207,0.000000,0.004549,0.050171,0.000000],[0.668605,0.050332,0.000000,0.004674,0.276389,0.000000],[0.890574,0.051286,0.000000,0.004811,0.053328,0.000000],[0.741310,0.020968,0.000000,0.002083,0.235638,0.000000],[0.961996,0.019205,0.000000,0.001903,0.016896,0.000000],[0.962325,0.018993,0.000000,0.001877,0.016805,0.000000],[0.963209,0.018511,0.000000,0.001814,0.016466,0.000000],[0.314802,0.018034,0.000000,0.001949,0.665215,0.000000],[0.033217,0.015283,0.000000,0.000503,0.950997,0.000000],[0.979547,0.006615,0.000000,0.000904,0.012934,0.000000],[0.978636,0.006273,0.000000,0.000896,0.014195,0.000000],[0.982441,0.004751,0.000000,0.000718,0.012090,0.000000],[0.984472,0.003769,0.000000,0.000614,0.011145,0.000000],[0.980489,0.004772,0.000000,0.000729,0.014009,0.000000],[0.977818,0.006272,0.000000,0.000900,0.015009,0.000000],[0.042182,0.006761,0.000000,0.001062,0.949995,0.000000],[0.062384,0.011919,0.005876,0.000538,0.919283,0.000000],[1.000000,0.000000,0.000000,0.000000,0.000000,0.000000],[1.000000,0.000000,0.000000,0.000000,0.000000,0.000000],[1.000000,0.000000,0.000000,0.000000,0.000000,0.000000],[1.000000,0.000000,0.000000,0.000000,0.000000,0.000000],[1.000000,0.000000,0.000000,0.000000,0.000000,0.000000],[1.000000,0.000000,0.000000,0.000000,0.000000,0.000000],[1.000000,0.000000,0.000000,0.000000,0.000000,0.000000],[0.978729,0.003874,0.004554,0.000799,0.012044,0.000000],[0.982967,0.003038,0.003633,0.000671,0.009690,0.000000],[0.035399,0.005073,0.000000,0.000843,0.958685,0.000000],[0.973748,0.008457,0.000000,0.001152,0.016643,0.000000],[0.952558,0.025117,0.000000,0.000727,0.021598,0.000000],[0.955308,0.022206,0.000000,0.002160,0.020326,0.000000],[0.091020,0.025379,0.000000,0.002754,0.880846,0.000000],[0.952587,0.023947,0.000000,0.002346,0.021121,0.000000],[0.954169,0.012888,0.012652,0.001790,0.018501,0.000000],[1.000000,0.000000,0.000000,0.000000,0.000000,0.000000]],
  [[1.000000,0.000000,0.000000,0.000000,0.000000,0.000000],[0.985711,0.002330,0.002771,0.000517,0.008671,0.000000],[0.756750,0.004871,0.000000,0.000696,0.237682,0.000000],[0.978826,0.006742,0.000000,0.000929,0.013504,0.000000],[0.733152,0.020530,0.000000,0.000597,0.245721,0.000000],[0.962164,0.018843,0.000000,0.001869,0.017124,0.000000],[0.668411,0.049892,0.000000,0.004696,0.277001,0.000000],[0.670553,0.057673,0.000000,0.004234,0.267541,0.000000],[0.891848,0.050237,0.000000,0.004820,0.053095,0.000000],[0.955079,0.023291,0.000000,0.002354,0.019276,0.000000],[0.368471,0.049875,0.000000,0.004910,0.576744,0.000000],[0.370111,0.050473,0.000000,0.004965,0.574451,0.000000],[0.895065,0.049730,0.000000,0.004611,0.050594,0.000000],[0.963028,0.018547,0.000000,0.001827,0.016599,0.000000],[0.733313,0.020406,0.000000,0.000593,0.245688,0.000000],[0.751893,0.006719,0.000000,0.000925,0.240462,0.000000],[0.976763,0.006356,0.000000,0.000920,0.015961,0.000000],[0.980366,0.004827,0.000000,0.000740,0.014068,0.000000],[0.983332,0.003815,0.000000,0.000626,0.012227,0.000000],[0.980371,0.004824,0.000000,0.000739,0.014065,0.000000],[0.977685,0.006334,0.000000,0.000911,0.015070,0.000000],[0.973457,0.008600,0.000000,0.001176,0.016767,0.000000],[0.956660,0.016709,0.008111,0.000651,0.017869,0.000000],[0.955193,0.012979,0.012029,0.001794,0.018005,0.000000],[0.953188,0.013437,0.012642,0.001848,0.018885,0.000000],[0.952863,0.013557,0.012324,0.001845,0.019411,0.000000],[1.000000,0.000000,0.000000,0.000000,0.000000,0.000000],[0.955582,0.011996,0.012269,0.001695,0.018459,0.000000],[0.956709,0.015526,0.008256,0.000624,0.018885,0.000000],[0.972486,0.005344,0.005947,0.001031,0.015191,0.000000],[1.000000,0.000000,0.000000,0.000000,0.000000,0.000000],[0.054866,0.003249,0.003485,0.000765,0.937635,0.000000],[0.977714,0.003952,0.004570,0.000814,0.012951,0.000000],[0.972215,0.005382,0.005922,0.001035,0.015445,0.000000],[0.955813,0.015869,0.008185,0.000635,0.019499,0.000000],[0.954573,0.012426,0.012957,0.001765,0.018280,0.000000],[0.188455,0.030965,0.020872,0.005508,0.754200,0.000000],[0.880419,0.042045,0.012834,0.005476,0.059225,0.000000],[0.886502,0.026701,0.023078,0.004680,0.059038,0.000000],[1.000000,0.000000,0.000000,0.000000,0.000000,0.000000]],
  [[1.000000,0.000000,0.000000,0.000000,0.000000,0.000000],[0.985704,0.002332,0.002773,0.000518,0.008674,0.000000],[0.982758,0.004894,0.000000,0.000704,0.011644,0.000000],[0.978118,0.006738,0.000000,0.000933,0.014211,0.000000],[0.961044,0.020509,0.000000,0.000602,0.017844,0.000000],[0.962367,0.018385,0.000000,0.001833,0.017415,0.000000],[0.895346,0.048242,0.000000,0.004593,0.051820,0.000000],[0.853990,0.090042,0.000000,0.004539,0.051429,0.000000],[0.807825,0.090761,0.000000,0.004622,0.096792,0.000000],[0.949259,0.026754,0.000000,0.002730,0.021257,0.000000],[0.894897,0.048279,0.000000,0.004794,0.052030,0.000000],[0.438125,0.055878,0.000000,0.004267,0.501730,0.000000],[0.712940,0.095271,0.000000,0.004729,0.187060,0.000000],[0.961766,0.018764,0.000000,0.001873,0.017597,0.000000],[0.960875,0.020633,0.000000,0.000606,0.017885,0.000000],[0.978050,0.006773,0.000000,0.000939,0.014239,0.000000],[0.976682,0.006397,0.000000,0.000927,0.015995,0.000000],[0.980255,0.004881,0.000000,0.000749,0.014116,0.000000],[0.980381,0.004819,0.000000,0.000738,0.014061,0.000000],[0.980301,0.004858,0.000000,0.000745,0.014096,0.000000],[0.976774,0.006351,0.000000,0.000919,0.015956,0.000000],[0.972725,0.008664,0.000000,0.001192,0.017419,0.000000],[0.951591,0.026320,0.000000,0.000764,0.021325,0.000000],[0.963268,0.018409,0.000000,0.001811,0.016512,0.000000],[0.671239,0.048558,0.000000,0.004545,0.275658,0.000000],[0.908285,0.031433,0.009645,0.004140,0.046496,0.000000],[0.909409,0.030943,0.009848,0.004096,0.045704,0.000000],[0.319221,0.013324,0.007958,0.001815,0.657682,0.000000],[0.243422,0.015721,0.000000,0.000518,0.740338,0.000000],[0.027270,0.003495,0.003570,0.000757,0.964908,0.000000],[0.982427,0.003129,0.003544,0.000640,0.010260,0.000000],[1.000000,0.000000,0.000000,0.000000,0.000000,0.000000],[1.000000,0.000000,0.000000,0.000000,0.000000,0.000000],[1.000000,0.000000,0.000000,0.000000,0.000000,0.000000],[1.000000,0.000000,0.000000,0.000000,0.000000,0.000000],[1.000000,0.000000,0.000000,0.000000,0.000000,0.000000],[1.000000,0.000000,0.000000,0.000000,0.000000,0.000000],[0.683977,0.042284,0.011650,0.004263,0.257826,0.000000],[0.882366,0.028539,0.023903,0.004894,0.060299,0.000000],[1.000000,0.000000,0.000000,0.000000,0.000000,0.000000]],
  [[1.000000,0.000000,0.000000,0.000000,0.000000,0.000000],[0.269292,0.001974,0.002202,0.000502,0.726031,0.000000],[0.982752,0.004897,0.000000,0.000704,0.011647,0.000000],[0.978136,0.006728,0.000000,0.000931,0.014206,0.000000],[0.962308,0.020150,0.000000,0.000587,0.016955,0.000000],[0.963869,0.017773,0.000000,0.001754,0.016604,0.000000],[0.961349,0.019369,0.000000,0.001931,0.017351,0.000000],[0.912045,0.066216,0.000000,0.002290,0.019449,0.000000],[0.807971,0.090695,0.000000,0.004615,0.096719,0.000000],[0.901290,0.042779,0.000000,0.004535,0.051396,0.000000],[0.860582,0.063963,0.000000,0.006141,0.069313,0.000000],[0.852123,0.046671,0.000000,0.004656,0.096550,0.000000],[0.804535,0.094486,0.000000,0.004648,0.096331,0.000000],[0.962268,0.018453,0.000000,0.001841,0.017438,0.000000],[0.961575,0.020687,0.000000,0.000605,0.017133,0.000000],[0.978675,0.006822,0.000000,0.000942,0.013562,0.000000],[0.977377,0.006490,0.000000,0.000937,0.015196,0.000000],[0.976826,0.006324,0.000000,0.000914,0.015936,0.000000],[0.977040,0.006215,0.000000,0.000896,0.015849,0.000000],[0.981365,0.004881,0.000000,0.000745,0.013009,0.000000],[0.977626,0.006363,0.000000,0.000916,0.015095,0.000000],[0.973248,0.008704,0.000000,0.001193,0.016855,0.000000],[0.047853,0.019817,0.000000,0.000655,0.931675,0.000000],[0.322629,0.019317,0.000000,0.002102,0.655951,0.000000],[0.894147,0.049748,0.000000,0.004678,0.051427,0.000000],[0.440398,0.057454,0.000000,0.004209,0.497939,0.000000],[0.893832,0.049962,0.000000,0.004702,0.051504,0.000000],[0.962161,0.019180,0.000000,0.001886,0.016773,0.000000],[0.037915,0.020063,0.000000,0.000663,0.941359,0.000000],[0.972606,0.008910,0.000000,0.001213,0.017271,0.000000],[0.971316,0.005457,0.005845,0.001042,0.016340,0.000000],[0.000000,0.000000,0.000000,0.000000,0.000000,1.000000],[0.055853,0.003736,0.003151,0.000751,0.936509,0.000000],[0.000000,0.000000,0.000000,0.000000,0.000000,1.000000],[0.269069,0.009384,0.004260,0.000410,0.716878,0.000000],[1.000000,0.000000,0.000000,0.000000,0.000000,0.000000],[0.911506,0.021153,0.017551,0.003674,0.046116,0.000000],[0.906679,0.032577,0.009563,0.004248,0.046933,0.000000],[0.884018,0.027416,0.023987,0.004796,0.059783,0.000000],[1.000000,0.000000,0.000000,0.000000,0.000000,0.000000]],
  [[1.000000,0.000000,0.000000,0.000000,0.000000,0.000000],[0.985860,0.002318,0.002776,0.000515,0.008530,0.000000],[0.756718,0.004886,0.000000,0.000699,0.237697,0.000000],[0.978171,0.006709,0.000000,0.000928,0.014192,0.000000],[0.963333,0.019804,0.000000,0.000573,0.016290,0.000000],[0.247417,0.015943,0.000000,0.000529,0.736112,0.000000],[0.960036,0.022553,0.000000,0.000663,0.016748,0.000000],[0.960139,0.020150,0.000000,0.002019,0.017692,0.000000],[0.891730,0.050345,0.000000,0.004835,0.053091,0.000000],[0.674343,0.053916,0.000000,0.004177,0.267565,0.000000],[0.896405,0.047048,0.000000,0.004702,0.051845,0.000000],[0.337116,0.023610,0.000000,0.002607,0.636667,0.000000],[0.874251,0.062941,0.000000,0.001943,0.060865,0.000000],[0.920138,0.061393,0.000000,0.001777,0.016692,0.000000],[0.962199,0.020636,0.000000,0.000601,0.016565,0.000000],[0.255897,0.005509,0.000000,0.000874,0.737720,0.000000],[0.973386,0.008630,0.000000,0.001181,0.016803,0.000000],[0.973248,0.008381,0.000000,0.001146,0.017225,0.000000],[0.977795,0.006277,0.000000,0.000901,0.015026,0.000000],[0.981345,0.004892,0.000000,0.000747,0.013016,0.000000],[0.040437,0.005001,0.000000,0.000833,0.953729,0.000000],[0.974161,0.008636,0.000000,0.001177,0.016026,0.000000],[0.952000,0.026419,0.000000,0.000765,0.020816,0.000000],[0.962998,0.018636,0.000000,0.001828,0.016538,0.000000],[0.670897,0.048666,0.000000,0.004559,0.275878,0.000000],[0.894661,0.048639,0.000000,0.004633,0.052066,0.000000],[0.866517,0.061378,0.000000,0.005824,0.066280,0.000000],[0.962891,0.018386,0.000000,0.001819,0.016904,0.000000],[0.961992,0.020379,0.000000,0.000595,0.017035,0.000000],[0.978056,0.006931,0.000000,0.000952,0.014061,0.000000],[0.000000,0.000000,0.000000,0.000000,0.000000,1.000000],[0.000000,0.000000,0.000000,0.000000,0.000000,1.000000],[0.000000,0.000000,0.000000,0.000000,0.000000,1.000000],[0.000000,0.000000,0.000000,0.000000,0.000000,1.000000],[0.061854,0.010006,0.008823,0.001547,0.917770,0.000000],[0.958739,0.014863,0.009492,0.001816,0.015089,0.000000],[0.954779,0.016280,0.010891,0.002000,0.016051,0.000000],[0.956529,0.022562,0.000000,0.002258,0.018651,0.000000],[0.947689,0.015275,0.014539,0.002125,0.020372,0.000000],[1.000000,0.000000,0.000000,0.000000,0.000000,0.000000]],
  [[1.000000,0.000000,0.000000,0.000000,0.000000,0.000000],[0.269292,0.001974,0.002202,0.000502,0.726031,0.000000],[0.982759,0.004894,0.000000,0.000704,0.011644,0.000000],[0.978181,0.006704,0.000000,0.000927,0.014188,0.000000],[0.963889,0.019716,0.000000,0.000568,0.015827,0.000000],[0.243553,0.015885,0.000000,0.000526,0.740035,0.000000],[0.030660,0.017036,0.000000,0.000569,0.951735,0.000000],[0.961028,0.019582,0.000000,0.001956,0.017434,0.000000],[0.894239,0.048891,0.000000,0.004670,0.052200,0.000000],[0.891959,0.050993,0.000000,0.004827,0.052221,0.000000],[0.893007,0.050918,0.000000,0.004750,0.051325,0.000000],[0.960710,0.020027,0.000000,0.001997,0.017266,0.000000],[0.728846,0.023379,0.000000,0.000697,0.247078,0.000000],[0.959498,0.022217,0.000000,0.000657,0.017628,0.000000],[0.251948,0.016268,0.000000,0.000539,0.731245,0.000000],[0.962752,0.020226,0.000000,0.000587,0.016435,0.000000],[0.953835,0.025074,0.000000,0.000719,0.020372,0.000000],[0.060633,0.006818,0.000000,0.001070,0.931478,0.000000],[0.977445,0.006455,0.000000,0.000923,0.015177,0.000000],[0.980289,0.005005,0.000000,0.000765,0.013942,0.000000],[0.978470,0.006351,0.000000,0.000909,0.014269,0.000000],[0.974195,0.008620,0.000000,0.001174,0.016011,0.000000],[0.047648,0.019491,0.000000,0.000642,0.932220,0.000000],[0.964310,0.017491,0.000000,0.001721,0.016477,0.000000],[0.962881,0.018393,0.000000,0.001820,0.016906,0.000000],[0.951639,0.024086,0.000000,0.002388,0.021887,0.000000],[0.962888,0.018387,0.000000,0.001819,0.016907,0.000000],[0.964513,0.016733,0.000000,0.001677,0.017077,0.000000],[0.961005,0.020371,0.000000,0.000594,0.018030,0.000000],[0.749330,0.052800,0.000000,0.001010,0.196860,0.000000],[0.885668,0.007340,0.000000,0.001003,0.105989,0.000000],[0.867231,0.113774,0.000000,0.000624,0.018371,0.000000],[0.792531,0.015791,0.000000,0.001566,0.190112,0.000000],[0.334127,0.017081,0.000000,0.001902,0.646891,0.000000],[0.327723,0.022124,0.000000,0.002456,0.647697,0.000000],[0.355005,0.049623,0.000000,0.005020,0.590352,0.000000],[0.367333,0.049451,0.000000,0.005032,0.578184,0.000000],[0.368027,0.049553,0.000000,0.004863,0.577558,0.000000],[0.952266,0.013772,0.013072,0.001897,0.018993,0.000000],[1.000000,0.000000,0.000000,0.000000,0.000000,0.000000]],
  [[1.000000,0.000000,0.000000,0.000000,0.000000,0.000000],[0.985867,0.002316,0.002775,0.000514,0.008527,0.000000],[0.756727,0.004882,0.000000,0.000698,0.237693,0.000000],[0.978891,0.006709,0.000000,0.000923,0.013477,0.000000],[0.963089,0.019984,0.000000,0.000579,0.016348,0.000000],[0.314858,0.018079,0.000000,0.001959,0.665104,0.000000],[0.744798,0.019201,0.000000,0.001891,0.234110,0.000000],[0.740212,0.021575,0.000000,0.002150,0.236062,0.000000],[0.957094,0.022018,0.000000,0.002211,0.018677,0.000000],[0.957663,0.021792,0.000000,0.002177,0.018369,0.000000],[0.328705,0.019522,0.000000,0.002148,0.649624,0.000000],[0.959650,0.020399,0.000000,0.002032,0.017918,0.000000],[0.961749,0.019102,0.000000,0.001901,0.017248,0.000000],[0.962215,0.019045,0.000000,0.001881,0.016860,0.000000],[0.963254,0.018383,0.000000,0.001808,0.016555,0.000000],[0.748061,0.016674,0.000000,0.001660,0.233605,0.000000],[0.951246,0.026077,0.000000,0.000751,0.021926,0.000000],[0.071009,0.007119,0.000000,0.001105,0.920767,0.000000],[0.000000,0.000000,0.000000,0.000000,0.000000,1.000000],[0.976598,0.006550,0.000000,0.000943,0.015908,0.000000],[0.977375,0.006491,0.000000,0.000938,0.015197,0.000000],[0.037225,0.006837,0.000000,0.001078,0.954859,0.000000],[0.953751,0.025268,0.000000,0.000724,0.020256,0.000000],[0.963245,0.020186,0.000000,0.000583,0.015986,0.000000],[0.962265,0.020583,0.000000,0.000599,0.016553,0.000000],[0.047994,0.020008,0.000000,0.000662,0.931337,0.000000],[0.962407,0.020478,0.000000,0.000595,0.016520,0.000000],[0.915568,0.020525,0.000000,0.000596,0.063312,0.000000],[0.000000,0.000000,0.000000,0.000000,0.000000,1.000000],[0.931875,0.052446,0.000000,0.000974,0.014705,0.000000],[0.886932,0.052346,0.000000,0.000966,0.059756,0.000000],[0.870302,0.066234,0.000000,0.000595,0.062868,0.000000],[0.214388,0.069835,0.000000,0.002055,0.713722,0.000000],[0.895213,0.050578,0.000000,0.004621,0.049588,0.000000],[0.358503,0.051132,0.000000,0.005180,0.585185,0.000000],[0.858283,0.067833,0.000000,0.006226,0.067658,0.000000],[0.432804,0.057865,0.000000,0.004374,0.504957,0.000000],[0.892616,0.051508,0.000000,0.004770,0.051106,0.000000],[0.952130,0.013828,0.013253,0.001903,0.018886,0.000000],[1.000000,0.000000,0.000000,0.000000,0.000000,0.000000]],
  [[1.000000,0.000000,0.000000,0.000000,0.000000,0.000000],[0.985701,0.002332,0.002774,0.000518,0.008675,0.000000],[0.253820,0.003898,0.000000,0.000649,0.741633,0.000000],[0.978855,0.006728,0.000000,0.000926,0.013491,0.000000],[0.962668,0.020292,0.000000,0.000590,0.016451,0.000000],[0.963135,0.018478,0.000000,0.001820,0.016567,0.000000],[0.669838,0.049673,0.000000,0.004603,0.275887,0.000000],[0.893528,0.050051,0.000000,0.004715,0.051706,0.000000],[0.320856,0.095543,0.000000,0.004811,0.578790,0.000000],[0.961447,0.019694,0.000000,0.001939,0.016920,0.000000],[0.959166,0.023184,0.000000,0.000684,0.016965,0.000000],[0.745024,0.019007,0.000000,0.001879,0.234090,0.000000],[0.896428,0.048392,0.000000,0.004526,0.050654,0.000000],[0.374439,0.047978,0.000000,0.004726,0.572857,0.000000],[0.903249,0.042048,0.000000,0.004155,0.050548,0.000000],[0.964438,0.016632,0.000000,0.001658,0.017272,0.000000],[0.000000,0.000000,0.000000,0.000000,0.000000,1.000000],[0.970531,0.009519,0.000000,0.001287,0.018662,0.000000],[0.054435,0.007050,0.000000,0.001111,0.937403,0.000000],[0.971596,0.008971,0.000000,0.001232,0.018201,0.000000],[0.972491,0.008785,0.000000,0.001212,0.017512,0.000000],[0.972886,0.008898,0.000000,0.001224,0.016992,0.000000],[0.037677,0.007101,0.000000,0.001125,0.954097,0.000000],[0.255887,0.005501,0.000000,0.000872,0.737739,0.000000],[0.978993,0.006902,0.000000,0.000950,0.013155,0.000000],[0.979038,0.006877,0.000000,0.000946,0.013138,0.000000],[0.270101,0.005443,0.000000,0.000859,0.723598,0.000000],[0.885931,0.052908,0.000000,0.001021,0.060140,0.000000],[0.913783,0.067177,0.000000,0.000613,0.018428,0.000000],[0.778220,0.020409,0.000000,0.000592,0.200778,0.000000],[0.870609,0.112248,0.000000,0.000599,0.016544,0.000000],[0.915729,0.021528,0.000000,0.000627,0.062115,0.000000],[0.917958,0.063172,0.000000,0.001936,0.016934,0.000000],[0.125535,0.052532,0.000000,0.005098,0.816836,0.000000],[0.621927,0.102355,0.000000,0.004302,0.271417,0.000000],[0.814613,0.063991,0.000000,0.052010,0.069386,0.000000],[0.896915,0.046677,0.000000,0.004650,0.051758,0.000000],[0.141560,0.047944,0.000000,0.004739,0.805757,0.000000],[0.953238,0.013315,0.012861,0.001843,0.018744,0.000000],[1.000000,0.000000,0.000000,0.000000,0.000000,0.000000]],
  [[1.000000,0.000000,0.000000,0.000000,0.000000,0.000000],[0.985668,0.002345,0.002780,0.000521,0.008687,0.000000],[0.982726,0.004911,0.000000,0.000707,0.011657,0.000000],[0.752353,0.006723,0.000000,0.000922,0.240002,0.000000],[0.962514,0.020406,0.000000,0.000593,0.016487,0.000000],[0.322605,0.019289,0.000000,0.002098,0.656008,0.000000],[0.894466,0.049531,0.000000,0.004653,0.051349,0.000000],[0.620845,0.058673,0.000000,0.004264,0.316218,0.000000],[0.848389,0.050985,0.000000,0.004709,0.095917,0.000000],[0.210097,0.019992,0.000000,0.002176,0.767735,0.000000],[0.248180,0.017085,0.000000,0.000571,0.734165,0.000000],[0.962293,0.018756,0.000000,0.001858,0.017093,0.000000],[0.901863,0.042823,0.000000,0.004242,0.051072,0.000000],[0.681992,0.044415,0.000000,0.003531,0.270063,0.000000],[0.697678,0.028053,0.000000,0.003202,0.271067,0.000000],[0.000000,0.000000,0.000000,0.000000,0.000000,1.000000],[0.947348,0.028294,0.000000,0.000798,0.023561,0.000000],[0.052833,0.019772,0.000000,0.000651,0.926744,0.000000],[0.952681,0.026057,0.000000,0.000750,0.020512,0.000000],[0.951258,0.026554,0.000000,0.000772,0.021415,0.000000],[0.950402,0.026655,0.000000,0.000779,0.022163,0.000000],[0.950665,0.026462,0.000000,0.000773,0.022100,0.000000],[0.952056,0.025964,0.000000,0.000753,0.021227,0.000000],[0.751805,0.006992,0.000000,0.000965,0.240238,0.000000],[0.978530,0.006899,0.000000,0.000954,0.013617,0.000000],[0.978747,0.006784,0.000000,0.000935,0.013534,0.000000],[0.978711,0.006845,0.000000,0.000933,0.013511,0.000000],[0.000000,0.000000,0.000000,0.000000,0.000000,1.000000],[0.732994,0.020273,0.000000,0.000585,0.246148,0.000000],[0.964726,0.017536,0.000000,0.001708,0.016030,0.000000],[0.265300,0.018977,0.000000,0.002060,0.713663,0.000000],[0.052001,0.020396,0.000000,0.002221,0.925382,0.000000],[0.317959,0.022758,0.000000,0.002493,0.656790,0.000000],[0.853857,0.046627,0.000000,0.004543,0.094973,0.000000],[0.852171,0.092214,0.000000,0.004642,0.050972,0.000000],[0.808510,0.136114,0.000000,0.004565,0.050810,0.000000],[0.782439,0.022307,0.000000,0.002229,0.193025,0.000000],[0.962135,0.019114,0.000000,0.001890,0.016861,0.000000],[0.954736,0.012437,0.012850,0.001759,0.018218,0.000000],[1.000000,0.000000,0.000000,0.000000,0.000000,0.000000]],
  [[1.000000,0.000000,0.000000,0.000000,0.000000,0.000000],[0.982635,0.003059,0.003513,0.000629,0.010163,0.000000],[0.983282,0.004951,0.000000,0.000710,0.011056,0.000000],[0.979932,0.006727,0.000000,0.000918,0.012423,0.000000],[0.243366,0.015612,0.000000,0.000516,0.740507,0.000000],[0.963113,0.018640,0.000000,0.001819,0.016428,0.000000],[0.670194,0.139976,0.000000,0.004581,0.185250,0.000000],[0.759405,0.049463,0.000000,0.094767,0.096365,0.000000],[0.805580,0.139494,0.000000,0.004570,0.050356,0.000000],[0.209150,0.070296,0.000000,0.002100,0.718453,0.000000],[0.732566,0.067378,0.000000,0.000625,0.199431,0.000000],[0.746251,0.018440,0.000000,0.001795,0.233514,0.000000],[0.903908,0.042300,0.000000,0.004130,0.049662,0.000000],[0.000000,0.000000,0.000000,0.000000,0.000000,1.000000],[0.000000,0.000000,0.000000,0.000000,0.000000,1.000000],[0.000000,0.000000,0.000000,0.000000,0.000000,1.000000],[0.060502,0.020626,0.000000,0.000673,0.918199,0.000000],[0.049163,0.018295,0.000000,0.001975,0.930567,0.000000],[0.963274,0.018647,0.000000,0.001811,0.016268,0.000000],[0.322826,0.019429,0.000000,0.002116,0.655629,0.000000],[0.962197,0.018820,0.000000,0.001868,0.017115,0.000000],[0.962788,0.018113,0.000000,0.001804,0.017295,0.000000],[0.743298,0.054934,0.000000,0.000523,0.201245,0.000000],[0.815841,0.014293,0.000000,0.000421,0.169445,0.000000],[0.745618,0.053660,0.000000,0.000477,0.200245,0.000000],[0.597251,0.015752,0.000000,0.000456,0.386541,0.000000],[0.985492,0.004705,0.000000,0.000639,0.009164,0.000000],[0.346443,0.003841,0.000000,0.000597,0.649118,0.000000],[0.399139,0.012835,0.000000,0.000417,0.587609,0.000000],[0.974551,0.012374,0.000000,0.001228,0.011847,0.000000],[0.500009,0.097345,0.000000,0.003275,0.399371,0.000000],[0.895270,0.035641,0.000000,0.003271,0.065817,0.000000],[0.290606,0.039272,0.000000,0.003970,0.666153,0.000000],[0.785116,0.054528,0.000000,0.001863,0.158492,0.000000],[0.376132,0.057617,0.000000,0.001875,0.564376,0.000000],[0.379621,0.056714,0.000000,0.001780,0.561885,0.000000],[0.861671,0.051276,0.000000,0.001550,0.085503,0.000000],[0.730999,0.113408,0.000000,0.000641,0.154953,0.000000],[0.069183,0.012212,0.006028,0.000550,0.912027,0.000000],[1.000000,0.000000,0.000000,0.000000,0.000000,0.000000]],
  [[1.000000,0.000000,0.000000,0.000000,0.000000,0.000000],[0.978889,0.004073,0.004557,0.000785,0.011696,0.000000],[0.248178,0.005378,0.000000,0.000847,0.745597,0.000000],[0.242100,0.005432,0.000000,0.000856,0.751612,0.000000],[0.963735,0.020076,0.000000,0.000577,0.015612,0.000000],[0.054838,0.018296,0.000000,0.001981,0.924885,0.000000],[0.321720,0.018729,0.000000,0.002038,0.657513,0.000000],[0.875501,0.062389,0.000000,0.001869,0.060241,0.000000],[0.919694,0.018481,0.000000,0.001820,0.060005,0.000000],[0.920879,0.061231,0.000000,0.001740,0.016150,0.000000],[0.030115,0.016172,0.000000,0.000535,0.953178,0.000000],[0.324273,0.016938,0.000000,0.001867,0.656922,0.000000],[0.335730,0.015267,0.000000,0.001705,0.647299,0.000000],[0.966362,0.015560,0.000000,0.001539,0.016539,0.000000],[0.108437,0.018457,0.000000,0.002070,0.871036,0.000000],[0.108414,0.019544,0.000000,0.002177,0.869865,0.000000],[0.950832,0.026697,0.000000,0.000767,0.021704,0.000000],[0.305591,0.019275,0.000000,0.002086,0.673049,0.000000],[0.117047,0.050728,0.000000,0.004866,0.827358,0.000000],[0.893003,0.050898,0.000000,0.004739,0.051360,0.000000],[0.900537,0.044659,0.000000,0.004426,0.050378,0.000000],[0.944813,0.027917,0.000000,0.002814,0.024456,0.000000],[0.873563,0.019539,0.000000,0.001961,0.104937,0.000000],[0.790837,0.050939,0.000000,0.001511,0.156713,0.000000],[0.763275,0.042657,0.000000,0.001209,0.192858,0.000000],[0.322732,0.010695,0.000000,0.000352,0.666221,0.000000],[0.830343,0.004578,0.000000,0.000621,0.164458,0.000000],[0.346378,0.003809,0.000000,0.000592,0.649222,0.000000],[0.000000,0.000000,0.000000,0.000000,0.000000,1.000000],[0.823005,0.012241,0.000000,0.001223,0.163531,0.000000],[0.927467,0.034015,0.000000,0.003192,0.035326,0.000000],[0.452776,0.041351,0.000000,0.002983,0.502890,0.000000],[0.916136,0.038537,0.000000,0.003786,0.041542,0.000000],[0.214239,0.019269,0.000000,0.042725,0.723766,0.000000],[0.716600,0.088643,0.000000,0.001702,0.193055,0.000000],[0.860915,0.051958,0.000000,0.001616,0.085510,0.000000],[0.933849,0.050785,0.000000,0.001497,0.013869,0.000000],[0.869807,0.112443,0.000000,0.000608,0.017141,0.000000],[0.971523,0.005671,0.006063,0.001084,0.015659,0.000000],[1.000000,0.000000,0.000000,0.000000,0.000000,0.000000]],
  [[1.000000,0.000000,0.000000,0.000000,0.000000,0.000000],[0.259040,0.009246,0.004647,0.000420,0.726647,0.000000],[0.964505,0.019522,0.000000,0.000558,0.015415,0.000000],[0.024320,0.015729,0.000000,0.000519,0.959432,0.000000],[0.030185,0.016286,0.000000,0.000540,0.952989,0.000000],[0.961666,0.021452,0.000000,0.000624,0.016258,0.000000],[0.732207,0.021568,0.000000,0.000630,0.245595,0.000000],[0.732720,0.021179,0.000000,0.000617,0.245484,0.000000],[0.213437,0.058499,0.000000,0.000520,0.727545,0.000000],[0.962939,0.020091,0.000000,0.000583,0.016388,0.000000],[0.964061,0.019690,0.000000,0.000565,0.015684,0.000000],[0.033876,0.015441,0.000000,0.000509,0.950173,0.000000],[0.000000,0.000000,0.000000,0.000000,0.000000,1.000000],[0.733702,0.019797,0.000000,0.000567,0.245934,0.000000],[0.246890,0.015127,0.000000,0.000496,0.737487,0.000000],[0.734856,0.019577,0.000000,0.000563,0.245004,0.000000],[0.952076,0.026511,0.000000,0.000766,0.020648,0.000000],[0.056907,0.019680,0.000000,0.002134,0.921279,0.000000],[0.893913,0.051017,0.000000,0.004696,0.050374,0.000000],[0.566249,0.077068,0.000000,0.005613,0.351069,0.000000],[0.897628,0.045868,0.000000,0.004613,0.051891,0.000000],[0.898341,0.045449,0.000000,0.004567,0.051643,0.000000],[0.838621,0.078162,0.000000,0.003905,0.079312,0.000000],[0.927487,0.034642,0.000000,0.003193,0.034679,0.000000],[0.506603,0.012945,0.000000,0.001405,0.479047,0.000000],[0.469953,0.011032,0.000000,0.000365,0.518649,0.000000],[0.986284,0.004666,0.000000,0.000635,0.008414,0.000000],[0.795273,0.006389,0.000000,0.000855,0.197482,0.000000],[0.000000,0.000000,0.000000,0.000000,0.000000,1.000000],[0.823399,0.011703,0.000000,0.001170,0.163729,0.000000],[0.928511,0.033419,0.000000,0.003127,0.034943,0.000000],[0.895191,0.065774,0.000000,0.003271,0.035764,0.000000],[0.916704,0.038219,0.000000,0.003750,0.041327,0.000000],[0.490091,0.038898,0.000000,0.003981,0.467030,0.000000],[0.875160,0.041946,0.000000,0.003918,0.078976,0.000000],[0.878278,0.075878,0.000000,0.003723,0.042121,0.000000],[0.790562,0.050838,0.000000,0.001511,0.157090,0.000000],[0.961082,0.020498,0.000000,0.000602,0.017818,0.000000],[0.971557,0.005628,0.006013,0.001077,0.015725,0.000000],[1.000000,0.000000,0.000000,0.000000,0.000000,0.000000]],
  [[1.000000,0.000000,0.000000,0.000000,0.000000,0.000000],[0.966645,0.011985,0.006346,0.000481,0.014544,0.000000],[0.054734,0.018201,0.000000,0.001964,0.925101,0.000000],[0.963095,0.018648,0.000000,0.001819,0.016437,0.000000],[0.745181,0.018909,0.000000,0.001865,0.234045,0.000000],[0.745782,0.018571,0.000000,0.001830,0.233817,0.000000],[0.326002,0.017413,0.000000,0.001893,0.654691,0.000000],[0.963027,0.020349,0.000000,0.000589,0.016035,0.000000],[0.978995,0.006905,0.000000,0.000950,0.013150,0.000000],[0.751587,0.006908,0.000000,0.000944,0.240562,0.000000],[0.978792,0.006804,0.000000,0.000927,0.013477,0.000000],[0.278592,0.005383,0.000000,0.000837,0.715188,0.000000],[0.751960,0.006723,0.000000,0.000914,0.240403,0.000000],[0.971975,0.008767,0.000000,0.001199,0.018059,0.000000],[0.978863,0.006721,0.000000,0.000925,0.013491,0.000000],[0.751497,0.006914,0.000000,0.000956,0.240632,0.000000],[0.951313,0.026512,0.000000,0.000771,0.021404,0.000000],[0.321656,0.018662,0.000000,0.002029,0.657653,0.000000],[0.865038,0.063936,0.000000,0.005921,0.065105,0.000000],[0.893095,0.050321,0.000000,0.004745,0.051840,0.000000],[0.897405,0.046875,0.000000,0.004630,0.051090,0.000000],[0.896121,0.047612,0.000000,0.004713,0.051553,0.000000],[0.349297,0.049553,0.000000,0.003583,0.597567,0.000000],[0.375623,0.098811,0.000000,0.003434,0.522132,0.000000],[0.284208,0.014018,0.000000,0.036461,0.665313,0.000000],[0.615831,0.112528,0.000000,0.000443,0.271199,0.000000],[0.931934,0.053798,0.000000,0.000476,0.013792,0.000000],[0.339570,0.010238,0.000000,0.000332,0.649861,0.000000],[0.000000,0.000000,0.000000,0.000000,0.000000,1.000000],[0.975402,0.011481,0.000000,0.001146,0.011971,0.000000],[0.701599,0.012807,0.000000,0.001267,0.284327,0.000000],[0.487701,0.013096,0.000000,0.035101,0.464101,0.000000],[0.606678,0.054114,0.000000,0.037619,0.301589,0.000000],[0.734226,0.037239,0.000000,0.003702,0.224833,0.000000],[0.691654,0.085580,0.000000,0.003498,0.219268,0.000000],[0.729693,0.040585,0.000000,0.003817,0.225904,0.000000],[0.968884,0.015502,0.000000,0.001538,0.014076,0.000000],[0.961961,0.020419,0.000000,0.000597,0.017024,0.000000],[0.971578,0.005618,0.006010,0.001075,0.015719,0.000000],[1.000000,0.000000,0.000000,0.000000,0.000000,0.000000]],
  [[1.000000,0.000000,0.000000,0.000000,0.000000,0.000000],[0.966166,0.012283,0.006413,0.000491,0.014647,0.000000],[0.316034,0.018901,0.000000,0.002047,0.663018,0.000000],[0.670390,0.049726,0.000000,0.004568,0.275316,0.000000],[0.895363,0.048227,0.000000,0.004583,0.051827,0.000000],[0.896513,0.048349,0.000000,0.004520,0.050618,0.000000],[0.963457,0.018267,0.000000,0.001794,0.016481,0.000000],[0.732584,0.020635,0.000000,0.000595,0.246186,0.000000],[0.269924,0.005351,0.000000,0.000842,0.723883,0.000000],[0.979607,0.005918,0.000000,0.000834,0.013642,0.000000],[0.000000,0.000000,0.000000,0.000000,0.000000,1.000000],[0.981508,0.005277,0.000000,0.000749,0.012466,0.000000],[0.756774,0.004857,0.000000,0.000694,0.237675,0.000000],[0.982012,0.004924,0.000000,0.000713,0.012351,0.000000],[0.981812,0.005026,0.000000,0.000730,0.012432,0.000000],[0.978050,0.006773,0.000000,0.000938,0.014238,0.000000],[0.952135,0.025908,0.000000,0.000751,0.021206,0.000000],[0.964410,0.017744,0.000000,0.001731,0.016115,0.000000],[0.952533,0.023937,0.000000,0.002350,0.021181,0.000000],[0.961373,0.019595,0.000000,0.001943,0.017089,0.000000],[0.323531,0.022655,0.000000,0.002483,0.651331,0.000000],[0.358267,0.048476,0.000000,0.004900,0.588356,0.000000],[0.695475,0.112690,0.000000,0.003800,0.188035,0.000000],[0.805448,0.032797,0.000000,0.003172,0.158584,0.000000],[0.788083,0.106519,0.000000,0.031881,0.073517,0.000000],[0.852967,0.042886,0.000000,0.031542,0.072605,0.000000],[0.763873,0.071919,0.000000,0.001136,0.163072,0.000000],[0.000000,0.000000,0.000000,0.000000,0.000000,1.000000],[0.972785,0.014519,0.000000,0.000415,0.012281,0.000000],[0.816407,0.014063,0.000000,0.000408,0.169122,0.000000],[0.785215,0.045794,0.000000,0.000419,0.168572,0.000000],[0.847196,0.109517,0.000000,0.000447,0.042839,0.000000],[0.897076,0.087437,0.000000,0.001583,0.013905,0.000000],[0.729679,0.077782,0.000000,0.003809,0.188730,0.000000],[0.728566,0.041554,0.000000,0.003871,0.226008,0.000000],[0.914449,0.040550,0.000000,0.003759,0.041241,0.000000],[0.459154,0.014944,0.000000,0.001627,0.524275,0.000000],[0.962099,0.020316,0.000000,0.000593,0.016993,0.000000],[0.971634,0.005597,0.005996,0.001072,0.015701,0.000000],[1.000000,0.000000,0.000000,0.000000,0.000000,0.000000]],
  [[1.000000,0.000000,0.000000,0.000000,0.000000,0.000000],[0.955779,0.016124,0.008374,0.000643,0.019080,0.000000],[0.076520,0.026527,0.000000,0.002872,0.894081,0.000000],[0.863019,0.065507,0.000000,0.006041,0.065433,0.000000],[0.562022,0.077720,0.000000,0.005586,0.354671,0.000000],[0.871996,0.056042,0.000000,0.005563,0.066399,0.000000],[0.953157,0.022685,0.000000,0.002259,0.021899,0.000000],[0.072041,0.019248,0.000000,0.000627,0.908084,0.000000],[0.000000,0.000000,0.000000,0.000000,0.000000,1.000000],[0.973842,0.007543,0.000000,0.001059,0.017556,0.000000],[0.000000,0.000000,0.000000,0.000000,0.000000,1.000000],[0.063660,0.004015,0.000000,0.000709,0.931616,0.000000],[0.981399,0.004866,0.000000,0.000742,0.012993,0.000000],[0.980113,0.004948,0.000000,0.000761,0.014177,0.000000],[0.976599,0.006437,0.000000,0.000933,0.016031,0.000000],[0.971852,0.008629,0.000000,0.001192,0.018327,0.000000],[0.952410,0.025177,0.000000,0.000730,0.021683,0.000000],[0.247056,0.015395,0.000000,0.000508,0.737042,0.000000],[0.247405,0.015904,0.000000,0.000526,0.736164,0.000000],[0.961544,0.021439,0.000000,0.000625,0.016391,0.000000],[0.919963,0.018380,0.000000,0.001805,0.059853,0.000000],[0.306438,0.020030,0.000000,0.002185,0.671347,0.000000],[0.119966,0.029418,0.000000,0.001011,0.849605,0.000000],[0.294301,0.125018,0.000000,0.019603,0.561079,0.000000],[0.422652,0.071672,0.000000,0.019577,0.486100,0.000000],[0.839473,0.103994,0.000000,0.019105,0.037427,0.000000],[0.000000,0.000000,0.000000,0.000000,0.000000,1.000000],[0.966737,0.026034,0.000000,0.000243,0.006987,0.000000],[0.973769,0.020329,0.000000,0.000386,0.005516,0.000000],[0.991737,0.002748,0.000000,0.000380,0.005135,0.000000],[0.169193,0.006206,0.000000,0.000205,0.824396,0.000000],[0.861899,0.008334,0.000000,0.000244,0.129523,0.000000],[0.187698,0.027513,0.000000,0.000807,0.783982,0.000000],[0.228587,0.007848,0.000000,0.000860,0.762704,0.000000],[0.850894,0.046409,0.000000,0.000862,0.101835,0.000000],[0.228389,0.007672,0.000000,0.020968,0.742971,0.000000],[0.890098,0.007780,0.000000,0.000764,0.101358,0.000000],[0.779756,0.065811,0.000000,0.000579,0.153854,0.000000],[0.971891,0.005527,0.005980,0.001058,0.015544,0.000000],[1.000000,0.000000,0.000000,0.000000,0.000000,0.000000]],
