[
  [[1.000000,0.000000,0.000000,0.000000,0.000000,0.000000],[1.000000,0.000000,0.000000,0.000000,0.000000,0.000000],[1.000000,0.000000,0.000000,0.000000,0.000000,0.000000],[1.000000,0.000000,0.000000,0.000000,0.000000,0.000000],[1.000000,0.000000,0.000000,0.000000,0.000000,0.000000],[1.000000,0.000000,0.000000,0.000000,0.000000,0.000000],[1.000000,0.000000,0.000000,0.000000,0.000000,0.000000],[1.000000,0.000000,0.000000,0.000000,0.000000,0.000000],[1.000000,0.000000,0.000000,0.000000,0.000000,0.000000],[1.000000,0.000000,0.000000,0.000000,0.000000,0.000000],[1.000000,0.000000,0.000000,0.000000,0.000000,0.000000],[1.000000,0.000000,0.000000,0.000000,0.000000,0.000000],[1.000000,0.000000,0.000000,0.000000,0.000000,0.000000],[1.000000,0.000000,0.000000,0.000000,0.000000,0.000000],[1.000000,0.000000,0.000000,0.000000,0.000000,0.000000],[1.000000,0.000000,0.000000,0.000000,0.000000,0.000000],[1.000000,0.000000,0.000000,0.000000,0.000000,0.000000],[1.000000,0.000000,0.000000,0.000000,0.000000,0.000000],[1.000000,0.000000,0.000000,0.000000,0.000000,0.000000],[1.000000,0.000000,0.000000,0.000000,0.000000,0.000000],[1.000000,0.000000,0.000000,0.000000,0.000000,0.000000],[1.000000,0.000000,0.000000,0.000000,0.000000,0.000000],[1.000000,0.000000,0.000000,0.000000,0.000000,0.000000],[1.000000,0.000000,0.000000,0.000000,0.000000,0.000000],[1.000000,0.000000,0.000000,0.000000,0.000000,0.000000],[1.000000,0.000000,0.000000,0.000000,0.000000,0.000000],[1.000000,0.000000,0.000000,0.000000,0.000000,0.000000],[1.000000,0.000000,0.000000,0.000000,0.000000,0.000000],[1.000000,0.000000,0.000000,0.000000,0.000000,0.000000],[1.000000,0.000000,0.000000,0.000000,0.000000,0.000000],[1.000000,0.000000,0.000000,0.000000,0.000000,0.000000],[1.000000,0.000000,0.000000,0.000000,0.000000,0.000000],[1.000000,0.000000,0.000000,0.000000,0.000000,0.000000],[1.000000,0.000000,0.000000,0.000000,0.000000,0.000000],[1.000000,0.000000,0.000000,0.000000,0.000000,0.000000],[1.000000,0.000000,0.000000,0.000000,0.000000,0.000000],[1.000000,0.000000,0.000000,0.000000,0.000000,0.000000],[1.000000,0.000000,0.000000,0.000000,0.000000,0.000000],[1.000000,0.000000,0.000000,0.000000,0.000000,0.000000],[1.000000,0.000000,0.000000,0.000000,0.000000,0.000000]],
  [[1.000000,0.000000,0.000000,0.000000,0.000000,0.000000],[0.852793,0.032948,0.042355,0.009836,0.052233,0.009836],[0.865455,0.036205,0.039402,0.009821,0.039297,0.009821],[0.849371,0.037483,0.040443,0.009833,0.053037,0.009833],[0.866229,0.036937,0.037804,0.009825,0.039380,0.009825],[0.856341,0.043186,0.042145,0.009869,0.038589,0.009869],[0.104569,0.042045,0.035780,0.009832,0.797943,0.009832],[0.853939,0.037152,0.040560,0.009842,0.048664,0.009842],[0.844901,0.039931,0.044697,0.009822,0.050826,0.009822],[0.865439,0.042062,0.032590,0.009831,0.040246,0.009831],[0.846379,0.037976,0.046829,0.009830,0.049157,0.009830],[0.111412,0.045947,0.033621,0.009838,0.789346,0.009838],[0.846283,0.034092,0.040321,0.009839,0.059627,0.009839],[0.867583,0.034814,0.037636,0.009821,0.040325,0.009821],[1.000000,0.000000,0.000000,0.000000,0.000000,0.000000],[0.869400,0.030579,0.036262,0.009830,0.044100,0.009830],[0.868331,0.036303,0.034045,0.009833,0.041656,0.009833],[0.095608,0.040180,0.028408,0.009834,0.816134,0.009834],[0.858109,0.038501,0.035316,0.009825,0.048424,0.009825],[0.863530,0.032386,0.041356,0.009825,0.043079,0.009825],[0.864017,0.038116,0.037049,0.009828,0.041161,0.009828],[0.858486,0.037099,0.036705,0.009841,0.048029,0.009841],[0.853265,0.031995,0.038484,0.009836,0.056584,0.009836],[0.858490,0.037296,0.037104,0.009837,0.047435,0.009837],[0.098111,0.049687,0.030883,0.009836,0.801647,0.009836],[0.852132,0.042029,0.041445,0.009824,0.044746,0.009824],[0.857753,0.037067,0.037517,0.009837,0.047988,0.009837],[0.103552,0.037079,0.039413,0.009821,0.800314,0.009821],[0.000000,0.000000,0.000000,0.000000,0.000000,1.000000],[0.874158,0.024653,0.040315,0.009841,0.041191,0.009841],[0.871363,0.031659,0.028756,0.009831,0.048560,0.009831],[0.857763,0.035796,0.035657,0.009830,0.051125,0.009830],[0.869075,0.034323,0.036974,0.009837,0.039953,0.009837],[0.857156,0.038278,0.041857,0.009838,0.043035,0.009838],[0.867969,0.034082,0.037789,0.009836,0.040489,0.009836],[0.105748,0.044001,0.037225,0.009840,0.793345,0.009840],[0.108486,0.043046,0.039146,0.009835,0.789653,0.009835],[0.114737,0.042710,0.034370,0.009845,0.788493,0.009845],[0.098124,0.037900,0.040823,0.009833,0.803487,0.009833],[1.000000,0.000000,0.000000,0.000000,0.000000,0.000000]],
  [[1.000000,0.000000,0.000000,0.000000,0.000000,0.000000],[0.851957,0.043777,0.042493,0.009830,0.042113,0.009830],[0.844723,0.068882,0.009740,0.009740,0.057176,0.009740],[0.860877,0.057631,0.009735,0.009735,0.052289,0.009735],[0.116977,0.064003,0.009747,0.009747,0.789780,0.009747],[0.849031,0.061500,0.009749,0.009749,0.060223,0.009749],[0.850888,0.063708,0.009738,0.009738,0.056190,0.009738],[0.860785,0.061871,0.009741,0.009741,0.048121,0.009741],[0.854234,0.062393,0.009755,0.009755,0.054109,0.009755],[0.111699,0.073599,0.009743,0.009743,0.785473,0.009743],[0.129169,0.072936,0.009741,0.009741,0.768671,0.009741],[0.851033,0.064549,0.009743,0.009743,0.055191,0.009743],[0.860078,0.056496,0.009750,0.009750,0.054176,0.009750],[0.840930,0.048663,0.044188,0.009840,0.046540,0.009840],[1.000000,0.000000,0.000000,0.000000,0.000000,0.000000],[0.104391,0.041755,0.031051,0.009846,0.803111,0.009846],[0.100958,0.059006,0.037663,0.009844,0.782684,0.009844],[0.857963,0.058676,0.009739,0.009739,0.054143,0.009739],[0.124596,0.063619,0.009759,0.009759,0.782509,0.009759],[0.848963,0.056240,0.009751,0.009751,0.065542,0.009751],[0.855373,0.056803,0.009742,0.009742,0.058598,0.009742],[0.863577,0.057590,0.009744,0.009744,0.049602,0.009744],[0.871722,0.046623,0.009752,0.009752,0.052398,0.009752],[0.857915,0.052811,0.009745,0.009745,0.060038,0.009745],[0.847648,0.055816,0.009754,0.009754,0.067273,0.009754],[0.138337,0.061238,0.009754,0.009754,0.771163,0.009754],[0.852232,0.060088,0.009750,0.009750,0.058430,0.009750],[0.872825,0.044172,0.009745,0.009745,0.053769,0.009745],[0.000000,0.000000,0.000000,0.000000,0.000000,1.000000],[0.000000,0.000000,0.000000,0.000000,0.000000,1.000000],[0.866615,0.049734,0.009730,0.009730,0.054462,0.009730],[0.863218,0.053099,0.009747,0.009747,0.054443,0.009747],[0.876582,0.054465,0.009741,0.009741,0.039731,0.009741],[0.864903,0.061194,0.009742,0.009742,0.044676,0.009742],[0.852810,0.066698,0.009740,0.009740,0.051274,0.009740],[0.854476,0.069870,0.009747,0.009747,0.046412,0.009747],[0.851975,0.070698,0.009741,0.009741,0.048102,0.009741],[0.864388,0.070288,0.009752,0.009752,0.036068,0.009752],[0.845590,0.046826,0.042225,0.009830,0.045698,0.009830],[1.000000,0.000000,0.000000,0.000000,0.000000,0.000000]],
  [[1.000000,0.000000,0.000000,0.000000,0.000000,0.000000],[0.108292,0.041484,0.033187,0.009855,0.797327,0.009855],[0.117348,0.074564,0.009750,0.009750,0.778836,0.009750],[0.832609,0.082607,0.009755,0.009755,0.055520,0.009755],[0.851960,0.061588,0.009741,0.009741,0.057230,0.009741],[0.831890,0.074560,0.009730,0.009730,0.064359,0.009730],[0.120241,0.074106,0.009759,0.009759,0.776375,0.009759],[0.833390,0.076972,0.009754,0.009754,0.060375,0.009754],[0.846618,0.065422,0.009771,0.009771,0.058648,0.009771],[0.857655,0.067935,0.009749,0.009749,0.045163,0.009749],[0.117534,0.077063,0.009744,0.009744,0.776169,0.009744],[0.117204,0.072314,0.009756,0.009756,0.781213,0.009756],[0.839340,0.065656,0.009750,0.009750,0.065753,0.009750],[0.832025,0.053723,0.042160,0.009830,0.052432,0.009830],[0.099410,0.049407,0.037901,0.009839,0.793604,0.009839],[1.000000,0.000000,0.000000,0.000000,0.000000,0.000000],[0.847358,0.047339,0.039297,0.009835,0.046337,0.009835],[0.847545,0.050208,0.038000,0.009822,0.044603,0.009822],[0.853887,0.059610,0.009750,0.009750,0.057252,0.009750],[0.860563,0.060556,0.009736,0.009736,0.049673,0.009736],[0.121361,0.062464,0.009760,0.009760,0.786895,0.009760],[0.867477,0.053738,0.009754,0.009754,0.049522,0.009754],[0.860517,0.051302,0.009727,0.009727,0.059001,0.009727],[0.000000,0.000000,0.000000,0.000000,0.000000,1.000000],[0.000000,0.000000,0.000000,0.000000,0.000000,1.000000],[0.559717,0.097022,0.009771,0.009771,0.313949,0.009771],[0.000000,0.000000,0.000000,0.000000,0.000000,1.000000],[0.853369,0.052945,0.009740,0.009740,0.064465,0.009740],[0.000000,0.000000,0.000000,0.000000,0.000000,1.000000],[0.108403,0.052214,0.009746,0.009746,0.810145,0.009746],[0.860159,0.058604,0.009747,0.009747,0.051996,0.009747],[0.846121,0.062175,0.009769,0.009769,0.062397,0.009769],[0.853436,0.062218,0.009747,0.009747,0.055105,0.009747],[0.864682,0.063493,0.009747,0.009747,0.042584,0.009747],[0.111616,0.072039,0.009747,0.009747,0.787103,0.009747],[0.130328,0.077715,0.009748,0.009748,0.762715,0.009748],[0.116467,0.065991,0.009751,0.009751,0.788287,0.009751],[0.847667,0.060322,0.009739,0.009739,0.062793,0.009739],[0.108522,0.048975,0.030968,0.009845,0.791844,0.009845],[1.000000,0.000000,0.000000,0.000000,0.000000,0.000000]],
  [[1.000000,0.000000,0.000000,0.000000,0.000000,0.000000],[0.831952,0.051984,0.045880,0.009824,0.050536,0.009824],[0.109862,0.066965,0.009763,0.009763,0.793883,0.009763],[0.827907,0.076437,0.009764,0.009764,0.066365,0.009764],[0.816993,0.075526,0.009751,0.009751,0.078228,0.009751],[0.825970,0.078970,0.009754,0.009754,0.065798,0.009754],[0.146946,0.084116,0.009760,0.009760,0.739658,0.009760],[0.123301,0.075911,0.009763,0.009763,0.771500,0.009763],[0.826013,0.080312,0.009766,0.009766,0.064379,0.009766],[0.130304,0.076182,0.009754,0.009754,0.764253,0.009754],[0.826929,0.084413,0.009764,0.009764,0.059365,0.009764],[0.835116,0.071005,0.009757,0.009757,0.064608,0.009757],[0.844675,0.064840,0.009757,0.009757,0.061215,0.009757],[0.838540,0.066392,0.009750,0.009750,0.065817,0.009750],[0.846093,0.046072,0.042570,0.009827,0.045611,0.009827],[0.868208,0.039718,0.037743,0.009842,0.034646,0.009842],[1.000000,0.000000,0.000000,0.000000,0.000000,0.000000],[0.855724,0.040020,0.037612,0.009833,0.046978,0.009833],[0.108871,0.048888,0.026325,0.009832,0.796253,0.009832],[0.851612,0.060229,0.009745,0.009745,0.058923,0.009745],[0.863740,0.051997,0.009751,0.009751,0.055010,0.009751],[0.864707,0.053055,0.009731,0.009731,0.053045,0.009731],[0.000000,0.000000,0.000000,0.000000,0.000000,1.000000],[0.847380,0.054198,0.009745,0.009745,0.069186,0.009745],[0.824492,0.066471,0.009757,0.009757,0.079767,0.009757],[0.819402,0.071765,0.009751,0.009751,0.079582,0.009751],[0.138805,0.077810,0.009749,0.009749,0.754137,0.009749],[0.847192,0.060662,0.009744,0.009744,0.062915,0.009744],[0.861573,0.057109,0.009756,0.009756,0.052050,0.009756],[0.115428,0.064628,0.009744,0.009744,0.790713,0.009744],[0.117112,0.072473,0.009753,0.009753,0.781155,0.009753],[0.846064,0.067419,0.009750,0.009750,0.057266,0.009750],[0.118589,0.073612,0.009759,0.009759,0.778522,0.009759],[0.842093,0.067895,0.009750,0.009750,0.060761,0.009750],[0.832728,0.077012,0.009756,0.009756,0.060993,0.009756],[0.133328,0.078913,0.009763,0.009763,0.758470,0.009763],[0.832777,0.072799,0.009749,0.009749,0.065177,0.009749],[0.835654,0.049592,0.045305,0.009824,0.049801,0.009824],[0.859600,0.037980,0.039239,0.009834,0.043512,0.009834],[1.000000,0.000000,0.000000,0.000000,0.000000,0.000000]],
  [[1.000000,0.000000,0.000000,0.000000,0.000000,0.000000],[0.116005,0.055581,0.025984,0.009856,0.782718,0.009856],[0.834501,0.076897,0.009761,0.009761,0.059321,0.009761],[0.817860,0.083011,0.009763,0.009763,0.069842,0.009763],[0.153138,0.082223,0.009754,0.009754,0.735378,0.009754],[0.581708,0.105269,0.009786,0.009786,0.283664,0.009786],[0.810048,0.085300,0.009763,0.009763,0.075363,0.009763],[0.829055,0.077202,0.009754,0.009754,0.064480,0.009754],[0.831372,0.083914,0.009747,0.009747,0.055474,0.009747],[0.149908,0.086231,0.009779,0.009779,0.734524,0.009779],[0.825124,0.079854,0.009750,0.009750,0.065774,0.009750],[0.827665,0.075333,0.009751,0.009751,0.067750,0.009751],[0.569331,0.101317,0.009755,0.009755,0.300087,0.009755],[0.831369,0.071999,0.009748,0.009748,0.067390,0.009748],[0.842442,0.046639,0.034670,0.009812,0.056626,0.009812],[1.000000,0.000000,0.000000,0.000000,0.000000,0.000000],[1.000000,0.000000,0.000000,0.000000,0.000000,0.000000],[1.000000,0.000000,0.000000,0.000000,0.000000,0.000000],[0.846904,0.046271,0.043390,0.009854,0.043728,0.009854],[0.849694,0.062755,0.009761,0.009761,0.058267,0.009761],[0.855101,0.054796,0.009750,0.009750,0.060854,0.009750],[0.000000,0.000000,0.000000,0.000000,0.000000,1.000000],[0.000000,0.000000,0.000000,0.000000,0.000000,1.000000],[0.846525,0.056195,0.009738,0.009738,0.068068,0.009738],[0.570170,0.103328,0.009773,0.009773,0.297184,0.009773],[0.150323,0.078614,0.009766,0.009766,0.741765,0.009766],[0.127020,0.080745,0.009743,0.009743,0.763005,0.009743],[0.851329,0.064062,0.009753,0.009753,0.055349,0.009753],[0.853960,0.066074,0.009744,0.009744,0.050734,0.009744],[0.854762,0.064812,0.009743,0.009743,0.051198,0.009743],[0.122571,0.065550,0.009751,0.009751,0.782625,0.009751],[0.832740,0.075952,0.009754,0.009754,0.062045,0.009754],[0.831093,0.081512,0.009771,0.009771,0.058084,0.009771],[0.821544,0.081463,0.009753,0.009753,0.067735,0.009753],[0.827130,0.079925,0.009761,0.009761,0.063663,0.009761],[0.561114,0.121489,0.009786,0.009786,0.288039,0.009786],[0.798329,0.064519,0.044692,0.009847,0.072766,0.009847],[0.839326,0.045693,0.040498,0.009836,0.054810,0.009836],[1.000000,0.000000,0.000000,0.000000,0.000000,0.000000],[1.000000,0.000000,0.000000,0.000000,0.000000,0.000000]],
  [[1.000000,0.000000,0.000000,0.000000,0.000000,0.000000],[0.828613,0.050067,0.051348,0.009848,0.050277,0.009848],[0.563770,0.121074,0.009776,0.009776,0.285828,0.009776],[0.141174,0.089307,0.009751,0.009751,0.740265,0.009751],[0.821897,0.083602,0.009764,0.009764,0.065209,0.009764],[0.829559,0.075853,0.009770,0.009770,0.065278,0.009770],[0.821605,0.077116,0.009753,0.009753,0.072021,0.009753],[0.836029,0.064446,0.009752,0.009752,0.070270,0.009752],[0.834194,0.071923,0.009754,0.009754,0.064621,0.009754],[0.560349,0.111231,0.009782,0.009782,0.299074,0.009782],[0.819042,0.085145,0.009764,0.009764,0.066521,0.009764],[0.825550,0.074350,0.009762,0.009762,0.070815,0.009762],[0.835635,0.070233,0.009746,0.009746,0.064895,0.009746],[0.827729,0.074953,0.009765,0.009765,0.068023,0.009765],[0.846348,0.044369,0.042210,0.009839,0.047395,0.009839],[1.000000,0.000000,0.000000,0.000000,0.000000,0.000000],[0.099845,0.035098,0.037120,0.009840,0.808257,0.009840],[0.851608,0.046566,0.036826,0.009847,0.045306,0.009847],[0.838555,0.043712,0.042645,0.009844,0.055400,0.009844],[0.845796,0.062178,0.009758,0.009758,0.062752,0.009758],[0.000000,0.000000,0.000000,0.000000,0.000000,1.000000],[0.859882,0.054068,0.009748,0.009748,0.056805,0.009748],[0.855750,0.055008,0.009736,0.009736,0.060034,0.009736],[0.834204,0.070882,0.009752,0.009752,0.065658,0.009752],[0.802658,0.092509,0.009744,0.009744,0.075602,0.009744],[0.803768,0.094054,0.009750,0.009750,0.072927,0.009750],[0.816696,0.085993,0.009750,0.009750,0.068061,0.009750],[0.114366,0.065745,0.009751,0.009751,0.790636,0.009751],[0.853753,0.064003,0.009750,0.009750,0.052994,0.009750],[0.849437,0.066841,0.009757,0.009757,0.054453,0.009757],[0.113310,0.071490,0.009753,0.009753,0.785940,0.009753],[0.846754,0.070486,0.009754,0.009754,0.053499,0.009754],[0.123944,0.083351,0.009772,0.009772,0.763388,0.009772],[0.129543,0.098431,0.009766,0.009766,0.742728,0.009766],[0.162651,0.102115,0.009760,0.009760,0.705954,0.009760],[0.828055,0.079307,0.009775,0.009775,0.063312,0.009775],[0.797252,0.061885,0.046788,0.009850,0.074375,0.009850],[1.000000,0.000000,0.000000,0.000000,0.000000,0.000000],[1.000000,0.000000,0.000000,0.000000,0.000000,0.000000],[1.000000,0.000000,0.000000,0.000000,0.000000,0.000000]],
  [[1.000000,0.000000,0.000000,0.000000,0.000000,0.000000],[0.840045,0.045838,0.037452,0.009833,0.056999,0.009833],[0.838156,0.067206,0.009754,0.009754,0.065377,0.009754],[0.133252,0.084776,0.009760,0.009760,0.752692,0.009760],[0.831086,0.071262,0.009768,0.009768,0.068348,0.009768],[0.851271,0.064831,0.009744,0.009744,0.054666,0.009744],[0.848010,0.065763,0.009743,0.009743,0.057000,0.009743],[0.837174,0.061792,0.009753,0.009753,0.071774,0.009753],[0.824299,0.072984,0.009778,0.009778,0.073383,0.009778],[0.822634,0.076782,0.009749,0.009749,0.071336,0.009749],[0.828201,0.073277,0.009749,0.009749,0.069275,0.009749],[0.829385,0.069441,0.009776,0.009776,0.071846,0.009776],[0.832785,0.067525,0.009747,0.009747,0.070448,0.009747],[0.131063,0.069739,0.009774,0.009774,0.769875,0.009774],[0.827838,0.050179,0.045206,0.009846,0.057085,0.009846],[1.000000,0.000000,0.000000,0.000000,0.000000,0.000000],[0.830215,0.049872,0.040650,0.009832,0.059600,0.009832],[0.860767,0.059608,0.009749,0.009749,0.050380,0.009749],[0.842415,0.063914,0.009749,0.009749,0.064425,0.009749],[0.147380,0.081132,0.009760,0.009760,0.742207,0.009760],[0.573469,0.127114,0.009782,0.009782,0.270072,0.009782],[0.131297,0.079725,0.009749,0.009749,0.759731,0.009749],[0.828861,0.076477,0.009746,0.009746,0.065423,0.009746],[0.834419,0.065284,0.009757,0.009757,0.071027,0.009757],[0.140689,0.074173,0.009749,0.009749,0.755891,0.009749],[0.562959,0.111150,0.009800,0.009800,0.296491,0.009800],[0.824765,0.076247,0.009757,0.009757,0.069716,0.009757],[0.824768,0.070819,0.009762,0.009762,0.075128,0.009762],[0.855503,0.055248,0.009761,0.009761,0.059967,0.009761],[0.846253,0.067840,0.009747,0.009747,0.056665,0.009747],[0.850933,0.067294,0.009744,0.009744,0.052541,0.009744],[0.844855,0.072775,0.009756,0.009756,0.053103,0.009756],[0.117029,0.082347,0.009749,0.009749,0.771376,0.009749],[0.147876,0.096798,0.009782,0.009782,0.725981,0.009782],[0.558904,0.126841,0.009785,0.009785,0.284900,0.009785],[0.814014,0.079348,0.009770,0.009770,0.077328,0.009770],[0.823037,0.050787,0.042569,0.009843,0.063922,0.009843],[0.850162,0.038763,0.039564,0.009825,0.051861,0.009825],[1.000000,0.000000,0.000000,0.000000,0.000000,0.000000],[1.000000,0.000000,0.000000,0.000000,0.000000,0.000000]],
  [[1.000000,0.000000,0.000000,0.000000,0.000000,0.000000],[0.852537,0.038847,0.037541,0.009833,0.051409,0.009833],[0.852684,0.059638,0.009752,0.009752,0.058424,0.009752],[0.829845,0.067548,0.009749,0.009749,0.073360,0.009749],[0.842398,0.074528,0.009756,0.009756,0.053807,0.009756],[0.840414,0.068553,0.009768,0.009768,0.061730,0.009768],[0.838923,0.073458,0.009754,0.009754,0.058358,0.009754],[0.824336,0.073932,0.009737,0.009737,0.072523,0.009737],[0.832590,0.074980,0.009756,0.009756,0.063163,0.009756],[0.122294,0.076149,0.009763,0.009763,0.772269,0.009763],[0.837691,0.072444,0.009754,0.009754,0.060603,0.009754],[0.816621,0.083569,0.009764,0.009764,0.070517,0.009764],[0.153104,0.079302,0.009755,0.009755,0.738328,0.009755],[0.846228,0.065160,0.009749,0.009749,0.059365,0.009749],[0.822155,0.059847,0.044272,0.009832,0.054062,0.009832],[0.099632,0.059352,0.038576,0.009849,0.782743,0.009849],[0.095638,0.064105,0.032994,0.009855,0.787553,0.009855],[0.843951,0.067432,0.009741,0.009741,0.059394,0.009741],[0.832671,0.072620,0.009762,0.009762,0.065423,0.009762],[0.820027,0.075629,0.009764,0.009764,0.075053,0.009764],[0.136799,0.098399,0.009771,0.009771,0.735490,0.009771],[0.134646,0.092115,0.009761,0.009761,0.743957,0.009761],[0.851282,0.066676,0.009760,0.009760,0.052762,0.009760],[0.840914,0.068593,0.009769,0.009769,0.061184,0.009769],[0.836520,0.073269,0.009767,0.009767,0.060912,0.009767],[0.814754,0.090263,0.009761,0.009761,0.065699,0.009761],[0.805377,0.089712,0.009779,0.009779,0.075573,0.009779],[0.821094,0.084041,0.009753,0.009753,0.065606,0.009753],[0.836138,0.071534,0.009738,0.009738,0.063113,0.009738],[0.122068,0.075574,0.009760,0.009760,0.773079,0.009760],[0.119621,0.077626,0.009755,0.009755,0.773488,0.009755],[0.124080,0.075003,0.009747,0.009747,0.771674,0.009747],[0.833571,0.077825,0.009757,0.009757,0.059332,0.009757],[0.827411,0.076391,0.009762,0.009762,0.066912,0.009762],[0.825869,0.080718,0.009753,0.009753,0.064155,0.009753],[0.832429,0.071764,0.009738,0.009738,0.066592,0.009738],[0.852510,0.047463,0.030691,0.009835,0.049667,0.009835],[0.862198,0.033106,0.040186,0.009830,0.044850,0.009830],[1.000000,0.000000,0.000000,0.000000,0.000000,0.000000],[1.000000,0.000000,0.000000,0.000000,0.000000,0.000000]],
  [[1.000000,0.000000,0.000000,0.000000,0.000000,0.000000],[0.868389,0.036962,0.036149,0.009828,0.038844,0.009828],[0.844796,0.046156,0.041139,0.009849,0.048211,0.009849],[0.841132,0.066021,0.009755,0.009755,0.063582,0.009755],[0.843011,0.062380,0.009746,0.009746,0.065373,0.009746],[0.123896,0.068993,0.009756,0.009756,0.777843,0.009756],[0.823269,0.078620,0.009761,0.009761,0.068829,0.009761],[0.810044,0.079793,0.009769,0.009769,0.080857,0.009769],[0.150496,0.086847,0.009767,0.009767,0.733357,0.009767],[0.126401,0.075587,0.009750,0.009750,0.768761,0.009750],[0.835003,0.072919,0.009773,0.009773,0.062760,0.009773],[0.830860,0.072999,0.009748,0.009748,0.066899,0.009748],[0.561923,0.109133,0.009770,0.009770,0.299634,0.009770],[0.834235,0.073058,0.009749,0.009749,0.063460,0.009749],[0.853623,0.067817,0.009755,0.009755,0.049294,0.009755],[0.129409,0.077353,0.009752,0.009752,0.763982,0.009752],[0.131767,0.075260,0.009755,0.009755,0.763708,0.009755],[0.151714,0.081206,0.009762,0.009762,0.737796,0.009762],[0.823659,0.078015,0.009748,0.009748,0.069083,0.009748],[0.815478,0.083965,0.009769,0.009769,0.071250,0.009769],[0.834626,0.065315,0.009747,0.009747,0.070817,0.009747],[0.832868,0.081393,0.009748,0.009748,0.056495,0.009748],[0.836797,0.063852,0.009747,0.009747,0.070110,0.009747],[0.841257,0.069171,0.009752,0.009752,0.060315,0.009752],[0.814354,0.078902,0.009754,0.009754,0.077481,0.009754],[0.803888,0.089438,0.009779,0.009779,0.077337,0.009779],[0.144614,0.093926,0.009759,0.009759,0.732182,0.009759],[0.127237,0.084980,0.009768,0.009768,0.758479,0.009768],[0.137559,0.072760,0.009778,0.009778,0.760348,0.009778],[0.824852,0.084891,0.009755,0.009755,0.060993,0.009755],[0.832755,0.071255,0.009748,0.009748,0.066747,0.009748],[0.832215,0.073715,0.009756,0.009756,0.064804,0.009756],[0.838610,0.070891,0.009762,0.009762,0.061213,0.009762],[0.837465,0.067774,0.009757,0.009757,0.065491,0.009757],[0.844032,0.061931,0.009747,0.009747,0.064796,0.009747],[0.844824,0.059944,0.009756,0.009756,0.065963,0.009756],[0.859221,0.040991,0.034731,0.009838,0.045381,0.009838],[1.000000,0.000000,0.000000,0.000000,0.000000,0.000000],[1.000000,0.000000,0.000000,0.000000,0.000000,0.000000],[1.000000,0.000000,0.000000,0.000000,0.000000,0.000000]],
  [[1.000000,0.000000,0.000000,0.000000,0.000000,0.000000],[1.000000,0.000000,0.000000,0.000000,0.000000,0.000000],[0.849842,0.036447,0.039008,0.009825,0.055052,0.009825],[0.826536,0.051161,0.044850,0.009848,0.057757,0.009848],[0.814785,0.061562,0.049956,0.009851,0.053994,0.009851],[0.159108,0.091074,0.009770,0.009770,0.720508,0.009770],[0.799383,0.097292,0.009760,0.009760,0.074045,0.009760],[0.552781,0.104793,0.009780,0.009780,0.313087,0.009780],[0.815985,0.086905,0.009763,0.009763,0.067822,0.009763],[0.124650,0.078390,0.009772,0.009772,0.767644,0.009772],[0.829255,0.078878,0.009769,0.009769,0.062562,0.009769],[0.821391,0.085160,0.009764,0.009764,0.064156,0.009764],[0.826609,0.076089,0.009760,0.009760,0.068020,0.009760],[0.839415,0.066012,0.009755,0.009755,0.065307,0.009755],[0.844363,0.073147,0.009760,0.009760,0.053209,0.009760],[0.846203,0.073204,0.009752,0.009752,0.051336,0.009752],[0.833053,0.080549,0.009754,0.009754,0.057134,0.009754],[0.827999,0.080308,0.009756,0.009756,0.062426,0.009756],[0.561990,0.124205,0.009783,0.009783,0.284455,0.009783],[0.829824,0.077300,0.009767,0.009767,0.063576,0.009767],[0.834764,0.068985,0.009766,0.009766,0.066952,0.009766],[0.850413,0.057231,0.009741,0.009741,0.063134,0.009741],[0.845417,0.067453,0.009752,0.009752,0.057874,0.009752],[0.124618,0.072638,0.009758,0.009758,0.773471,0.009758],[0.116924,0.076476,0.009758,0.009758,0.777326,0.009758],[0.148690,0.097301,0.009774,0.009774,0.724687,0.009774],[0.553108,0.134325,0.009779,0.009779,0.283229,0.009779],[0.823513,0.081024,0.009764,0.009764,0.066170,0.009764],[0.828214,0.076693,0.009764,0.009764,0.065802,0.009764],[0.817052,0.078496,0.009757,0.009757,0.075180,0.009757],[0.150103,0.076531,0.009770,0.009770,0.744055,0.009770],[0.816269,0.083258,0.009745,0.009745,0.071239,0.009745],[0.125211,0.072682,0.009759,0.009759,0.772829,0.009759],[0.848154,0.065350,0.009757,0.009757,0.057226,0.009757],[0.859298,0.060506,0.009745,0.009745,0.050960,0.009745],[0.834420,0.043938,0.039464,0.009832,0.062515,0.009832],[0.853995,0.041578,0.037206,0.009828,0.047564,0.009828],[1.000000,0.000000,0.000000,0.000000,0.000000,0.000000],[0.874404,0.025912,0.036105,0.009835,0.043909,0.009835],[1.000000,0.000000,0.000000,0.000000,0.000000,0.000000]],
  [[1.000000,0.000000,0.000000,0.000000,0.000000,0.000000],[0.866424,0.025812,0.042168,0.009820,0.045955,0.009820],[1.000000,0.000000,0.000000,0.000000,0.000000,0.000000],[1.000000,0.000000,0.000000,0.000000,0.000000,0.000000],[0.132232,0.069924,0.028977,0.009843,0.749180,0.009843],[0.554921,0.119589,0.009789,0.009789,0.296122,0.009789],[0.792380,0.100865,0.009764,0.009764,0.077464,0.009764],[0.814720,0.086833,0.009769,0.009769,0.069139,0.009769],[0.832249,0.074220,0.009756,0.009756,0.064264,0.009756],[0.823064,0.085969,0.009756,0.009756,0.061698,0.009756],[0.804741,0.097769,0.009765,0.009765,0.068194,0.009765],[0.136603,0.082028,0.009775,0.009775,0.752043,0.009775],[0.826210,0.076634,0.009753,0.009753,0.067898,0.009753],[0.834849,0.069581,0.009760,0.009760,0.066290,0.009760],[0.836569,0.073991,0.009756,0.009756,0.060173,0.009756],[0.118599,0.068688,0.009755,0.009755,0.783450,0.009755],[0.121290,0.079779,0.009761,0.009761,0.769646,0.009761],[0.142603,0.084039,0.009759,0.009759,0.744082,0.009759],[0.139594,0.085110,0.009770,0.009770,0.745987,0.009770],[0.819750,0.079718,0.009737,0.009737,0.071321,0.009737],[0.837397,0.069705,0.009744,0.009744,0.063665,0.009744],[0.845367,0.064036,0.009764,0.009764,0.061304,0.009764],[0.841374,0.070262,0.009746,0.009746,0.059126,0.009746],[0.851814,0.072901,0.009749,0.009749,0.046037,0.009749],[0.821780,0.077031,0.009749,0.009749,0.071941,0.009749],[0.130233,0.091117,0.009762,0.009762,0.749364,0.009762],[0.819825,0.084197,0.009750,0.009750,0.066729,0.009750],[0.825973,0.072748,0.009768,0.009768,0.071975,0.009768],[0.835490,0.071628,0.009762,0.009762,0.063596,0.009762],[0.826992,0.074738,0.009757,0.009757,0.068998,0.009757],[0.562690,0.113119,0.009787,0.009787,0.294830,0.009787],[0.823941,0.087965,0.009753,0.009753,0.058834,0.009753],[0.843957,0.071473,0.009754,0.009754,0.055308,0.009754],[0.841286,0.065076,0.009768,0.009768,0.064336,0.009768],[0.835286,0.047336,0.039051,0.009852,0.058623,0.009852],[0.835748,0.046069,0.040634,0.009846,0.057858,0.009846],[1.000000,0.000000,0.000000,0.000000,0.000000,0.000000],[0.117875,0.047166,0.029674,0.009845,0.785595,0.009845],[0.875154,0.032986,0.029195,0.009827,0.043011,0.009827],[1.000000,0.000000,0.000000,0.000000,0.000000,0.000000]],
  [[1.000000,0.000000,0.000000,0.000000,0.000000,0.000000],[0.878239,0.031267,0.033385,0.009831,0.037446,0.009831],[1.000000,0.000000,0.000000,0.000000,0.000000,0.000000],[1.000000,0.000000,0.000000,0.000000,0.000000,0.000000],[0.131952,0.046467,0.031807,0.009853,0.770068,0.009853],[0.802670,0.072752,0.044832,0.009852,0.060043,0.009852],[0.828584,0.081266,0.009762,0.009762,0.060863,0.009762],[0.823390,0.084507,0.009759,0.009759,0.062826,0.009759],[0.834390,0.072346,0.009751,0.009751,0.064012,0.009751],[0.814247,0.094561,0.009763,0.009763,0.061902,0.009763],[0.539930,0.136278,0.009804,0.012397,0.291787,0.009804],[0.146154,0.091097,0.009781,0.009781,0.733405,0.009781],[0.824980,0.082253,0.009771,0.009771,0.063456,0.009771],[0.840540,0.073003,0.009756,0.009756,0.057190,0.009756],[0.850076,0.072567,0.009737,0.009737,0.048147,0.009737],[0.850197,0.066339,0.009746,0.009746,0.054226,0.009746],[0.840470,0.075784,0.009756,0.009756,0.054478,0.009756],[0.822672,0.078740,0.009756,0.009756,0.069321,0.009756],[0.840541,0.073851,0.009740,0.009740,0.056388,0.009740],[0.118353,0.070044,0.009743,0.009743,0.782375,0.009743],[0.116658,0.068754,0.009758,0.009758,0.785315,0.009758],[0.117070,0.068480,0.009756,0.009756,0.785183,0.009756],[0.844706,0.072855,0.009759,0.009759,0.053162,0.009759],[0.833122,0.073209,0.009765,0.009765,0.064374,0.009765],[0.124356,0.071271,0.009770,0.009770,0.775064,0.009770],[0.827142,0.079610,0.009750,0.009750,0.063999,0.009750],[0.835615,0.069374,0.009762,0.009762,0.065727,0.009762],[0.832676,0.066320,0.009780,0.009780,0.071662,0.009780],[0.833580,0.067814,0.009749,0.009749,0.069359,0.009749],[0.838423,0.070693,0.009754,0.009754,0.061623,0.009754],[0.834064,0.071183,0.009744,0.009744,0.065520,0.009744],[0.822849,0.071783,0.009751,0.009751,0.076116,0.009751],[0.121969,0.071218,0.009750,0.009750,0.777562,0.009750],[0.842319,0.067152,0.009750,0.009750,0.061278,0.009750],[0.802318,0.063609,0.044854,0.009861,0.069496,0.009861],[1.000000,0.000000,0.000000,0.000000,0.000000,0.000000],[0.822208,0.058870,0.039448,0.009837,0.059800,0.009837],[0.837969,0.048838,0.042430,0.009838,0.051087,0.009838],[0.850728,0.037150,0.046050,0.009838,0.046397,0.009838],[1.000000,0.000000,0.000000,0.000000,0.000000,0.000000]],
  [[1.000000,0.000000,0.000000,0.000000,0.000000,0.000000],[0.863665,0.027875,0.041530,0.009826,0.047277,0.009826],[0.863061,0.043891,0.029672,0.009831,0.043713,0.009831],[1.000000,0.000000,0.000000,0.000000,0.000000,0.000000],[1.000000,0.000000,0.000000,0.000000,0.000000,0.000000],[0.829317,0.054308,0.043562,0.009835,0.053143,0.009835],[0.129242,0.066017,0.025124,0.009855,0.759905,0.009855],[0.818653,0.080329,0.009777,0.009777,0.071687,0.009777],[0.119280,0.080709,0.009760,0.009760,0.770732,0.009760],[0.149479,0.094080,0.009793,0.009793,0.727063,0.009793],[0.145528,0.087267,0.009773,0.009773,0.737886,0.009773],[0.157139,0.090333,0.009756,0.009756,0.723259,0.009756],[0.841513,0.075325,0.009757,0.009757,0.053890,0.009757],[0.843023,0.069046,0.009757,0.009757,0.058661,0.009757],[0.099033,0.072725,0.009740,0.009740,0.799023,0.009740],[0.122723,0.079136,0.009748,0.009748,0.768897,0.009748],[0.830075,0.076867,0.009751,0.009751,0.063805,0.009751],[0.130465,0.078449,0.009748,0.009748,0.761843,0.009748],[0.846894,0.076036,0.009773,0.009773,0.047750,0.009773],[0.837886,0.072867,0.009751,0.009751,0.059995,0.009751],[0.845718,0.072307,0.009767,0.009767,0.052675,0.009767],[0.831095,0.079166,0.009751,0.009751,0.060486,0.009751],[0.833977,0.068291,0.009758,0.009758,0.068456,0.009758],[0.822438,0.079384,0.009761,0.009761,0.068896,0.009761],[0.112826,0.073448,0.009746,0.009746,0.784489,0.009746],[0.828993,0.079454,0.009753,0.009753,0.062295,0.009753],[0.825029,0.080850,0.009758,0.009758,0.064849,0.009758],[0.831116,0.071485,0.009757,0.009757,0.068128,0.009757],[0.833328,0.066662,0.009763,0.009763,0.070722,0.009763],[0.849607,0.061142,0.009766,0.009766,0.059954,0.009766],[0.847465,0.064889,0.009758,0.009758,0.058372,0.009758],[0.835085,0.067167,0.009763,0.009763,0.068459,0.009763],[0.841736,0.072880,0.009760,0.009760,0.056103,0.009760],[0.828755,0.078830,0.009767,0.009767,0.063114,0.009767],[0.130274,0.062060,0.030027,0.009855,0.757930,0.009855],[0.496995,0.076180,0.158195,0.009865,0.248901,0.009865],[0.811720,0.060836,0.044063,0.009846,0.063688,0.009846],[0.123618,0.075685,0.009746,0.009746,0.771459,0.009746],[0.850323,0.043306,0.037793,0.009835,0.048909,0.009835],[1.000000,0.000000,0.000000,0.000000,0.000000,0.000000]],
  [[1.000000,0.000000,0.000000,0.000000,0.000000,0.000000],[0.862582,0.034137,0.040795,0.009839,0.042808,0.009839],[0.861336,0.044652,0.035437,0.009846,0.038883,0.009846],[0.839740,0.048717,0.041232,0.009846,0.050619,0.009846],[0.824916,0.047925,0.045193,0.009855,0.062256,0.009855],[1.000000,0.000000,0.000000,0.000000,0.000000,0.000000],[0.108308,0.044228,0.035215,0.009842,0.792565,0.009842],[0.807836,0.070123,0.041977,0.009850,0.060363,0.009850],[0.762596,0.082104,0.044057,0.009862,0.091518,0.009862],[0.811380,0.089171,0.009778,0.009778,0.070116,0.009778],[0.820511,0.078005,0.009757,0.009757,0.072212,0.009757],[0.837761,0.072184,0.009763,0.009763,0.060765,0.009763],[0.841195,0.072966,0.009754,0.009754,0.056577,0.009754],[0.111438,0.079247,0.009754,0.009754,0.780055,0.009754],[0.820494,0.089517,0.009753,0.009753,0.060730,0.009753],[0.818896,0.085649,0.009772,0.009772,0.066138,0.009772],[0.127748,0.086293,0.009762,0.009762,0.756674,0.009762],[0.832640,0.074090,0.009770,0.009770,0.063960,0.009770],[0.119001,0.074954,0.009764,0.009764,0.776753,0.009764],[0.832406,0.073505,0.009757,0.009757,0.064819,0.009757],[0.150858,0.074558,0.009752,0.009752,0.745329,0.009752],[0.814338,0.083340,0.009748,0.009748,0.073077,0.009748],[0.813480,0.078273,0.009769,0.009769,0.078940,0.009769],[0.132335,0.081673,0.009765,0.009765,0.756698,0.009765],[0.826336,0.077732,0.009746,0.009746,0.066694,0.009746],[0.143310,0.078150,0.009743,0.009743,0.749311,0.009743],[0.571332,0.110064,0.009757,0.009757,0.289332,0.009757],[0.838123,0.062006,0.009752,0.009752,0.070616,0.009752],[0.842612,0.066611,0.009738,0.009738,0.061563,0.009738],[0.840144,0.067998,0.009755,0.009755,0.062592,0.009755],[0.837506,0.070570,0.009749,0.009749,0.062677,0.009749],[0.842687,0.062793,0.009764,0.009764,0.065228,0.009764],[0.122933,0.071263,0.009761,0.009761,0.776522,0.009761],[0.833348,0.074481,0.009746,0.009746,0.062933,0.009746],[0.821807,0.077539,0.009749,0.009749,0.071406,0.009749],[0.840153,0.071965,0.009744,0.009744,0.058649,0.009744],[0.845007,0.076404,0.009759,0.009759,0.049312,0.009759],[0.866012,0.055140,0.009753,0.009753,0.049590,0.009753],[0.852063,0.035821,0.044347,0.009844,0.048081,0.009844],[1.000000,0.000000,0.000000,0.000000,0.000000,0.000000]],
  [[1.000000,0.000000,0.000000,0.000000,0.000000,0.000000],[0.870519,0.038345,0.033689,0.009830,0.037788,0.009830],[0.116410,0.069037,0.009750,0.009750,0.785303,0.009750],[0.130946,0.077899,0.009737,0.009737,0.761944,0.009737],[0.107872,0.065697,0.028753,0.009843,0.777991,0.009843],[0.831709,0.050886,0.045467,0.009830,0.052277,0.009830],[1.000000,0.000000,0.000000,0.000000,0.000000,0.000000],[1.000000,0.000000,0.000000,0.000000,0.000000,0.000000],[0.400007,0.060417,0.326983,0.009878,0.192837,0.009878],[0.824867,0.088758,0.009753,0.009753,0.057115,0.009753],[0.837613,0.072484,0.009755,0.009755,0.060636,0.009755],[0.844759,0.062247,0.009750,0.009750,0.063744,0.009750],[0.852487,0.064171,0.009747,0.009747,0.054100,0.009747],[0.112933,0.075936,0.009766,0.009766,0.781834,0.009766],[0.831672,0.085600,0.009760,0.009760,0.053450,0.009760],[0.568426,0.111876,0.009769,0.009769,0.290392,0.009769],[0.835545,0.074661,0.009743,0.009743,0.060565,0.009743],[0.824232,0.073502,0.009759,0.009759,0.072991,0.009759],[0.841418,0.071169,0.009752,0.009752,0.058155,0.009752],[0.834092,0.068752,0.009757,0.009757,0.067885,0.009757],[0.825619,0.084049,0.009761,0.009761,0.061049,0.009761],[0.552228,0.115556,0.009767,0.009767,0.302914,0.009767],[0.159992,0.090001,0.009761,0.009761,0.720725,0.009761],[0.816255,0.083758,0.009771,0.009771,0.070676,0.009771],[0.815726,0.089845,0.009765,0.009765,0.065135,0.009765],[0.821169,0.073567,0.009762,0.009762,0.075978,0.009762],[0.000000,0.000000,0.000000,0.000000,0.000000,1.000000],[0.840981,0.066093,0.009758,0.009758,0.063651,0.009758],[0.124750,0.068682,0.009753,0.009753,0.777309,0.009753],[0.837462,0.068807,0.009758,0.009758,0.064456,0.009758],[0.845775,0.072487,0.009754,0.009754,0.052476,0.009754],[0.835809,0.076610,0.009769,0.009769,0.058275,0.009769],[0.830365,0.075558,0.009749,0.009749,0.064829,0.009749],[0.836499,0.073614,0.009751,0.009751,0.060634,0.009751],[0.833025,0.076965,0.009745,0.009745,0.060776,0.009745],[0.835779,0.063288,0.009744,0.009744,0.071700,0.009744],[0.841671,0.067817,0.009747,0.009747,0.061270,0.009747],[0.851160,0.063745,0.009750,0.009750,0.055844,0.009750],[0.858146,0.037198,0.036803,0.009848,0.048157,0.009848],[1.000000,0.000000,0.000000,0.000000,0.000000,0.000000]],
  [[1.000000,0.000000,0.000000,0.000000,0.000000,0.000000],[0.856754,0.037808,0.032341,0.009828,0.053440,0.009828],[0.858763,0.061402,0.009753,0.009753,0.050575,0.009753],[0.825396,0.078209,0.009764,0.009764,0.067103,0.009764],[0.141162,0.092997,0.009770,0.009770,0.736530,0.009770],[0.817077,0.066309,0.042187,0.009847,0.054735,0.009847],[1.000000,0.000000,0.000000,0.000000,0.000000,0.000000],[1.000000,0.000000,0.000000,0.000000,0.000000,0.000000],[0.139478,0.072124,0.026122,0.009845,0.742586,0.009845],[0.806817,0.073809,0.039330,0.009837,0.060369,0.009837],[0.850308,0.069927,0.009751,0.009751,0.050513,0.009751],[0.850373,0.064478,0.009750,0.009750,0.055898,0.009750],[0.852475,0.065430,0.009738,0.009738,0.052881,0.009738],[0.836012,0.067518,0.009757,0.009757,0.067199,0.009757],[0.832160,0.071662,0.009754,0.009754,0.066916,0.009754],[0.825043,0.077565,0.009759,0.009759,0.068116,0.009759],[0.828375,0.066289,0.009769,0.009769,0.076028,0.009769],[0.818673,0.077594,0.009734,0.009734,0.074533,0.009734],[0.840338,0.069051,0.009747,0.009747,0.061368,0.009747],[0.821387,0.079089,0.009769,0.009769,0.070218,0.009769],[0.818158,0.086153,0.009781,0.009781,0.066347,0.009781],[0.146512,0.094563,0.009763,0.009763,0.729638,0.009763],[0.801936,0.088912,0.009763,0.009763,0.079862,0.009763],[0.142231,0.097449,0.009787,0.009787,0.730961,0.009787],[0.555520,0.131505,0.009780,0.009780,0.283634,0.009780],[0.144797,0.069617,0.009767,0.009767,0.756286,0.009767],[0.000000,0.000000,0.000000,0.000000,0.000000,1.000000],[0.857594,0.060499,0.009745,0.009745,0.052671,0.009745],[0.856744,0.058361,0.009759,0.009759,0.055616,0.009759],[0.844785,0.070910,0.009771,0.009771,0.054991,0.009771],[0.150803,0.082227,0.009771,0.009771,0.737657,0.009771],[0.138544,0.091877,0.009753,0.009753,0.740320,0.009753],[0.822123,0.073912,0.009756,0.009756,0.074699,0.009756],[0.117064,0.067403,0.009760,0.009760,0.786251,0.009760],[0.851649,0.071935,0.009751,0.009751,0.047164,0.009751],[0.844474,0.064030,0.009753,0.009753,0.062236,0.009753],[0.126390,0.067388,0.009748,0.009748,0.776977,0.009748],[0.855445,0.063101,0.009742,0.009742,0.052227,0.009742],[0.853599,0.040068,0.040196,0.009835,0.046468,0.009835],[1.000000,0.000000,0.000000,0.000000,0.000000,0.000000]],
