[
  [[1.000000,0.000000,0.000000,0.000000,0.000000,0.000000],[1.000000,0.000000,0.000000,0.000000,0.000000,0.000000],[1.000000,0.000000,0.000000,0.000000,0.000000,0.000000],[1.000000,0.000000,0.000000,0.000000,0.000000,0.000000],[1.000000,0.000000,0.000000,0.000000,0.000000,0.000000],[1.000000,0.000000,0.000000,0.000000,0.000000,0.000000],[1.000000,0.000000,0.000000,0.000000,0.000000,0.000000],[1.000000,0.000000,0.000000,0.000000,0.000000,0.000000],[1.000000,0.000000,0.000000,0.000000,0.000000,0.000000],[1.000000,0.000000,0.000000,0.000000,0.000000,0.000000],[1.000000,0.000000,0.000000,0.000000,0.000000,0.000000],[1.000000,0.000000,0.000000,0.000000,0.000000,0.000000],[1.000000,0.000000,0.000000,0.000000,0.000000,0.000000],[1.000000,0.000000,0.000000,0.000000,0.000000,0.000000],[1.000000,0.000000,0.000000,0.000000,0.000000,0.000000],[1.000000,0.000000,0.000000,0.000000,0.000000,0.000000],[1.000000,0.000000,0.000000,0.000000,0.000000,0.000000],[1.000000,0.000000,0.000000,0.000000,0.000000,0.000000],[1.000000,0.000000,0.000000,0.000000,0.000000,0.000000],[1.000000,0.000000,0.000000,0.000000,0.000000,0.000000],[1.000000,0.000000,0.000000,0.000000,0.000000,0.000000],[1.000000,0.000000,0.000000,0.000000,0.000000,0.000000],[1.000000,0.000000,0.000000,0.000000,0.000000,0.000000],[1.000000,0.000000,0.000000,0.000000,0.000000,0.000000],[1.000000,0.000000,0.000000,0.000000,0.000000,0.000000],[1.000000,0.000000,0.000000,0.000000,0.000000,0.000000],[1.000000,0.000000,0.000000,0.000000,0.000000,0.000000],[1.000000,0.000000,0.000000,0.000000,0.000000,0.000000],[1.000000,0.000000,0.000000,0.000000,0.000000,0.000000],[1.000000,0.000000,0.000000,0.000000,0.000000,0.000000],[1.000000,0.000000,0.000000,0.000000,0.000000,0.000000],[1.000000,0.000000,0.000000,0.000000,0.000000,0.000000],[1.000000,0.000000,0.000000,0.000000,0.000000,0.000000],[1.000000,0.000000,0.000000,0.000000,0.000000,0.000000],[1.000000,0.000000,0.000000,0.000000,0.000000,0.000000],[1.000000,0.000000,0.000000,0.000000,0.000000,0.000000],[1.000000,0.000000,0.000000,0.000000,0.000000,0.000000],[1.000000,0.000000,0.000000,0.000000,0.000000,0.000000],[1.000000,0.000000,0.000000,0.000000,0.000000,0.000000],[1.000000,0.000000,0.000000,0.000000,0.000000,0.000000]],
  [[1.000000,0.000000,0.000000,0.000000,0.000000,0.000000],[0.838567,0.052644,0.053387,0.009826,0.035750,0.009826],[0.817469,0.075461,0.047012,0.009833,0.040392,0.009833],[0.801098,0.080755,0.049791,0.009848,0.048661,0.009848],[0.107648,0.103329,0.045896,0.009845,0.723435,0.009845],[0.108826,0.108638,0.044614,0.009859,0.718204,0.009859],[0.817018,0.079686,0.047019,0.009846,0.036584,0.009846],[0.114234,0.092139,0.038101,0.009838,0.735849,0.009838],[0.807010,0.089012,0.045377,0.009853,0.038895,0.009853],[0.795765,0.100166,0.040794,0.009845,0.043585,0.009845],[0.782112,0.097593,0.053787,0.009857,0.046793,0.009857],[0.785579,0.102217,0.048768,0.009844,0.043748,0.009844],[0.111463,0.091844,0.043911,0.009848,0.733087,0.009848],[0.790411,0.090124,0.054100,0.009850,0.045665,0.009850],[0.803540,0.083927,0.049248,0.009858,0.043569,0.009858],[0.816359,0.082875,0.042623,0.009843,0.038457,0.009843],[0.101542,0.083565,0.042942,0.009847,0.752257,0.009847],[0.836857,0.069379,0.038726,0.009837,0.035363,0.009837],[0.822675,0.074721,0.043303,0.009826,0.039650,0.009826],[0.101144,0.070112,0.048846,0.009839,0.760220,0.009839],[1.000000,0.000000,0.000000,0.000000,0.000000,0.000000],[1.000000,0.000000,0.000000,0.000000,0.000000,0.000000],[0.093212,0.063002,0.049515,0.009834,0.774604,0.009834],[0.832519,0.065105,0.044625,0.009832,0.038086,0.009832],[0.809668,0.078837,0.047208,0.009864,0.044559,0.009864],[0.784550,0.094631,0.047405,0.009847,0.053721,0.009847],[0.786081,0.100022,0.042108,0.009842,0.052104,0.009842],[0.779557,0.100117,0.051433,0.009845,0.049203,0.009845],[0.789967,0.096299,0.047526,0.009847,0.046514,0.009847],[0.758919,0.126225,0.043117,0.009852,0.052035,0.009852],[0.760966,0.114193,0.049752,0.009832,0.055424,0.009832],[0.155896,0.133708,0.027632,0.009862,0.663040,0.009862],[0.758455,0.117813,0.043129,0.009851,0.060901,0.009851],[0.761623,0.115589,0.054011,0.009857,0.049063,0.009857],[0.129275,0.134518,0.031393,0.009869,0.685076,0.009869],[0.091842,0.105076,0.042422,0.009849,0.740963,0.009849],[0.795403,0.100475,0.046564,0.009825,0.037907,0.009825],[0.111165,0.104456,0.039797,0.009852,0.724878,0.009852],[0.831271,0.054401,0.051845,0.009832,0.042819,0.009832],[1.000000,0.000000,0.000000,0.000000,0.000000,0.000000]],
  [[1.000000,0.000000,0.000000,0.000000,0.000000,0.000000],[0.806588,0.071330,0.053606,0.009817,0.048843,0.009817],[0.118967,0.140924,0.009756,0.009756,0.710841,0.009756],[0.799386,0.125722,0.009762,0.009762,0.045605,0.009762],[0.799217,0.134485,0.009744,0.009744,0.037066,0.009744],[0.112445,0.156622,0.009784,0.009784,0.701581,0.009784],[0.779998,0.145457,0.009753,0.009753,0.045286,0.009753],[0.787268,0.143256,0.009762,0.009762,0.040191,0.009762],[0.776562,0.144958,0.009762,0.009762,0.049196,0.009762],[0.131556,0.174665,0.009762,0.009762,0.664494,0.009762],[0.136974,0.171059,0.009763,0.009763,0.662678,0.009763],[0.117153,0.179424,0.009774,0.009774,0.674101,0.009774],[0.755283,0.168206,0.009760,0.009760,0.047232,0.009760],[0.757034,0.164834,0.009751,0.009751,0.048880,0.009751],[0.121372,0.152713,0.009772,0.009772,0.696600,0.009772],[0.804592,0.124326,0.009762,0.009762,0.041795,0.009762],[0.809467,0.119712,0.009760,0.009760,0.041540,0.009760],[0.820793,0.110360,0.009741,0.009741,0.039623,0.009741],[0.822494,0.100753,0.009739,0.009739,0.047535,0.009739],[0.804276,0.086056,0.053178,0.009836,0.036817,0.009836],[0.808388,0.101727,0.043702,0.009845,0.026492,0.009845],[0.097449,0.093027,0.041761,0.009850,0.748064,0.009850],[1.000000,0.000000,0.000000,0.000000,0.000000,0.000000],[0.800281,0.087825,0.049777,0.009846,0.042424,0.009846],[0.801330,0.088274,0.049633,0.009835,0.041093,0.009835],[0.796468,0.131686,0.009747,0.009747,0.042605,0.009747],[0.419873,0.153762,0.216846,0.009866,0.189786,0.009866],[0.780308,0.114497,0.048589,0.009844,0.036917,0.009844],[0.116376,0.127451,0.033298,0.009860,0.703155,0.009860],[0.146063,0.184738,0.024656,0.009886,0.624771,0.009886],[0.426896,0.339474,0.009804,0.011950,0.202072,0.009804],[0.702824,0.205953,0.009780,0.009780,0.061882,0.009780],[0.708605,0.209500,0.009784,0.009784,0.052542,0.009784],[0.471495,0.300238,0.009798,0.009798,0.198874,0.009798],[0.753000,0.171507,0.009767,0.009767,0.046191,0.009767],[0.784480,0.145381,0.009757,0.009757,0.040869,0.009757],[0.116647,0.163948,0.009773,0.009773,0.690087,0.009773],[0.114914,0.145803,0.009766,0.009766,0.709984,0.009766],[0.828594,0.078066,0.045546,0.009843,0.028108,0.009843],[1.000000,0.000000,0.000000,0.000000,0.000000,0.000000]],
  [[1.000000,0.000000,0.000000,0.000000,0.000000,0.000000],[0.799889,0.084544,0.054162,0.009848,0.041710,0.009848],[0.791112,0.143976,0.009751,0.009751,0.035658,0.009751],[0.778593,0.141270,0.009760,0.009760,0.050857,0.009760],[0.768340,0.153969,0.009760,0.009760,0.048410,0.009760],[0.769082,0.151532,0.009755,0.009755,0.050121,0.009755],[0.761958,0.166682,0.009770,0.009770,0.042050,0.009770],[0.743672,0.168701,0.009792,0.009792,0.058251,0.009792],[0.129730,0.198443,0.009790,0.009790,0.642457,0.009790],[0.731417,0.177990,0.009776,0.009776,0.061264,0.009776],[0.694237,0.214402,0.009759,0.009759,0.062085,0.009759],[0.134588,0.232343,0.009804,0.011254,0.602207,0.009804],[0.689155,0.226616,0.009782,0.009782,0.054883,0.009782],[0.712675,0.209563,0.009785,0.009785,0.048409,0.009785],[0.748573,0.166524,0.009759,0.009759,0.055624,0.009759],[0.763998,0.155780,0.009789,0.009789,0.050856,0.009789],[0.798547,0.120044,0.009763,0.009763,0.052119,0.009763],[0.803874,0.105870,0.009764,0.009764,0.060964,0.009764],[0.799851,0.113215,0.009755,0.009755,0.057669,0.009755],[0.810667,0.113373,0.009756,0.009756,0.046691,0.009756],[0.796894,0.129321,0.009759,0.009759,0.044508,0.009759],[0.105274,0.118226,0.046344,0.009845,0.710467,0.009845],[0.805154,0.096924,0.041547,0.009844,0.036688,0.009844],[1.000000,0.000000,0.000000,0.000000,0.000000,0.000000],[0.775158,0.090325,0.051942,0.009862,0.062853,0.009862],[0.767501,0.107443,0.053019,0.009858,0.052322,0.009858],[0.145040,0.110782,0.032273,0.009869,0.692167,0.009869],[1.000000,0.000000,0.000000,0.000000,0.000000,0.000000],[1.000000,0.000000,0.000000,0.000000,0.000000,0.000000],[0.722421,0.155381,0.042943,0.009879,0.059497,0.009879],[0.153691,0.244007,0.009787,0.009787,0.572941,0.009787],[0.152091,0.244753,0.009804,0.012816,0.570731,0.009804],[0.137373,0.245444,0.009781,0.009781,0.587839,0.009781],[0.148907,0.231653,0.009786,0.009786,0.590082,0.009786],[0.721822,0.198267,0.009785,0.009785,0.050555,0.009785],[0.762227,0.151069,0.009771,0.009771,0.057392,0.009771],[0.782186,0.138734,0.009780,0.009780,0.049739,0.009780],[0.802559,0.124075,0.009750,0.009750,0.044115,0.009750],[0.809761,0.074360,0.052815,0.009836,0.043392,0.009836],[1.000000,0.000000,0.000000,0.000000,0.000000,0.000000]],
  [[1.000000,0.000000,0.000000,0.000000,0.000000,0.000000],[0.788377,0.095056,0.051609,0.009847,0.045264,0.009847],[0.132382,0.163834,0.009768,0.009768,0.674481,0.009768],[0.108209,0.186520,0.009785,0.009785,0.675915,0.009785],[0.752324,0.167207,0.009765,0.009765,0.051174,0.009765],[0.745464,0.166799,0.009770,0.009770,0.058427,0.009770],[0.745407,0.158856,0.009775,0.009775,0.066412,0.009775],[0.741411,0.177719,0.009791,0.009791,0.051496,0.009791],[0.473654,0.264887,0.009804,0.011894,0.229958,0.009804],[0.705532,0.204025,0.009782,0.009782,0.061097,0.009782],[0.701877,0.207103,0.009801,0.009801,0.061616,0.009801],[0.142269,0.238189,0.009804,0.009804,0.590131,0.009804],[0.437319,0.328250,0.009804,0.013579,0.201244,0.009804],[0.712996,0.201477,0.009784,0.009784,0.056176,0.009784],[0.145854,0.200947,0.009780,0.009780,0.623861,0.009780],[0.772970,0.140013,0.009760,0.009760,0.057739,0.009760],[0.792493,0.123154,0.009777,0.009777,0.055021,0.009777],[0.000000,0.000000,0.000000,0.000000,0.000000,1.000000],[0.794639,0.124887,0.009764,0.009764,0.051183,0.009764],[0.792075,0.135838,0.009749,0.009749,0.042839,0.009749],[0.785044,0.135390,0.009747,0.009747,0.050324,0.009747],[0.797631,0.134663,0.009754,0.009754,0.038443,0.009754],[0.095993,0.115265,0.038117,0.009856,0.730914,0.009856],[0.798169,0.089978,0.052650,0.009845,0.039512,0.009845],[1.000000,0.000000,0.000000,0.000000,0.000000,0.000000],[1.000000,0.000000,0.000000,0.000000,0.000000,0.000000],[1.000000,0.000000,0.000000,0.000000,0.000000,0.000000],[1.000000,0.000000,0.000000,0.000000,0.000000,0.000000],[1.000000,0.000000,0.000000,0.000000,0.000000,0.000000],[0.746067,0.131831,0.047327,0.009857,0.055061,0.009857],[0.697432,0.216187,0.009781,0.009781,0.057038,0.009781],[0.658506,0.247806,0.009799,0.009799,0.064291,0.009799],[0.683239,0.226766,0.009790,0.009790,0.060625,0.009790],[0.107237,0.198037,0.009785,0.009785,0.665372,0.009785],[0.726590,0.188811,0.009775,0.009775,0.055273,0.009775],[0.760130,0.151260,0.009769,0.009769,0.059304,0.009769],[0.782739,0.137074,0.009777,0.009777,0.050858,0.009777],[0.800211,0.115742,0.009755,0.009755,0.054783,0.009755],[0.828545,0.068455,0.046202,0.009836,0.037127,0.009836],[1.000000,0.000000,0.000000,0.000000,0.000000,0.000000]],
  [[1.000000,0.000000,0.000000,0.000000,0.000000,0.000000],[0.764954,0.107726,0.047601,0.009841,0.060037,0.009841],[0.756650,0.164915,0.009768,0.009768,0.049131,0.009768],[0.150974,0.210746,0.009786,0.009786,0.608922,0.009786],[0.138742,0.186428,0.009787,0.009787,0.645468,0.009787],[0.753431,0.160171,0.009791,0.009791,0.057024,0.009791],[0.716464,0.181891,0.009753,0.009753,0.072386,0.009753],[0.721382,0.188400,0.009755,0.009755,0.060952,0.009755],[0.696115,0.208725,0.009796,0.009796,0.065772,0.009796],[0.705208,0.205954,0.009799,0.009799,0.059440,0.009799],[0.705995,0.198989,0.009789,0.009789,0.065649,0.009789],[0.150197,0.222155,0.009780,0.009780,0.598310,0.009780],[0.711297,0.193600,0.009779,0.009779,0.065765,0.009779],[0.741651,0.168251,0.009752,0.009752,0.060840,0.009752],[0.138678,0.171936,0.009802,0.009802,0.659982,0.009802],[0.535323,0.194879,0.009804,0.009876,0.240315,0.009804],[0.000000,0.000000,0.000000,0.000000,0.000000,1.000000],[0.104280,0.110249,0.009770,0.009770,0.756160,0.009770],[0.103571,0.136022,0.009759,0.009759,0.731130,0.009759],[0.117190,0.149386,0.009767,0.009767,0.704125,0.009767],[0.802455,0.124148,0.009752,0.009752,0.044141,0.009752],[0.797471,0.128102,0.009764,0.009764,0.045135,0.009764],[0.127588,0.135952,0.009764,0.009764,0.707168,0.009764],[0.000000,0.000000,0.000000,0.000000,0.000000,1.000000],[0.802812,0.084085,0.047134,0.009838,0.046293,0.009838],[0.097066,0.085423,0.041798,0.009852,0.756009,0.009852],[0.815772,0.073942,0.053735,0.009838,0.036876,0.009838],[0.102245,0.071244,0.043395,0.009840,0.763435,0.009840],[1.000000,0.000000,0.000000,0.000000,0.000000,0.000000],[0.758705,0.113754,0.052788,0.009848,0.055057,0.009848],[0.168624,0.192268,0.009799,0.009799,0.609712,0.009799],[0.466532,0.286012,0.009804,0.013220,0.214629,0.009804],[0.686709,0.211363,0.009781,0.009781,0.072586,0.009781],[0.722162,0.189462,0.009804,0.010874,0.057894,0.009804],[0.733163,0.170289,0.009772,0.009772,0.067232,0.009772],[0.757199,0.159424,0.009771,0.009771,0.054063,0.009771],[0.776824,0.131971,0.009776,0.009776,0.061877,0.009776],[0.819778,0.111067,0.009760,0.009760,0.039877,0.009760],[0.817710,0.075174,0.051123,0.009838,0.036318,0.009838],[1.000000,0.000000,0.000000,0.000000,0.000000,0.000000]],
  [[1.000000,0.000000,0.000000,0.000000,0.000000,0.000000],[0.769004,0.096928,0.056755,0.009845,0.057622,0.009845],[0.491616,0.268820,0.009804,0.010099,0.209857,0.009804],[0.719949,0.188809,0.009772,0.009772,0.061927,0.009772],[0.739363,0.135190,0.052349,0.009856,0.053387,0.009856],[0.757835,0.129920,0.048312,0.009864,0.044204,0.009864],[0.718494,0.153640,0.052974,0.009855,0.055181,0.009855],[0.498823,0.250483,0.009804,0.013759,0.217328,0.009804],[0.717971,0.183393,0.009791,0.009791,0.069261,0.009791],[0.705857,0.198593,0.009784,0.009784,0.066200,0.009784],[0.717076,0.185290,0.009770,0.009770,0.068325,0.009770],[0.739741,0.169841,0.009796,0.009796,0.061031,0.009796],[0.774676,0.145994,0.009770,0.009770,0.050019,0.009770],[0.777933,0.131074,0.009769,0.009769,0.061686,0.009769],[0.000000,0.000000,0.000000,0.000000,0.000000,1.000000],[0.000000,0.000000,0.000000,0.000000,0.000000,1.000000],[0.000000,0.000000,0.000000,0.000000,0.000000,1.000000],[0.125642,0.128170,0.009762,0.009762,0.716903,0.009762],[0.785384,0.145248,0.009748,0.009748,0.040125,0.009748],[0.792823,0.136946,0.009747,0.009747,0.040988,0.009747],[0.783485,0.131903,0.009761,0.009761,0.055329,0.009761],[0.822341,0.107129,0.009743,0.009743,0.041302,0.009743],[0.815387,0.105527,0.009753,0.009753,0.049828,0.009753],[0.114646,0.105358,0.009759,0.009759,0.750721,0.009759],[0.832123,0.104227,0.009736,0.009736,0.034441,0.009736],[0.813330,0.086937,0.049407,0.009823,0.030679,0.009823],[0.101289,0.090550,0.041126,0.009845,0.747346,0.009845],[1.000000,0.000000,0.000000,0.000000,0.000000,0.000000],[0.112445,0.099271,0.040789,0.009847,0.727800,0.009847],[0.759918,0.129262,0.043308,0.009854,0.047804,0.009854],[0.721919,0.193333,0.009768,0.009768,0.055443,0.009768],[0.717743,0.192491,0.009787,0.009787,0.060406,0.009787],[0.704944,0.203156,0.009790,0.009790,0.062531,0.009790],[0.719068,0.173261,0.009787,0.009787,0.078311,0.009787],[0.730423,0.181871,0.009786,0.009786,0.058349,0.009786],[0.729251,0.181361,0.009804,0.009827,0.059953,0.009804],[0.752643,0.157585,0.009773,0.009773,0.060453,0.009773],[0.807278,0.121696,0.009767,0.009767,0.041724,0.009767],[0.822367,0.076249,0.046628,0.009833,0.035090,0.009833],[1.000000,0.000000,0.000000,0.000000,0.000000,0.000000]],
  [[1.000000,0.000000,0.000000,0.000000,0.000000,0.000000],[0.782539,0.105280,0.050932,0.009851,0.041548,0.009851],[0.765436,0.161528,0.009768,0.009768,0.043731,0.009768],[0.755188,0.164474,0.009766,0.009766,0.051038,0.009766],[0.106378,0.132706,0.032168,0.009865,0.709017,0.009865],[1.000000,0.000000,0.000000,0.000000,0.000000,0.000000],[0.736141,0.139390,0.048928,0.009872,0.055797,0.009872],[0.704698,0.169662,0.056774,0.009873,0.049121,0.009873],[0.696624,0.212158,0.009794,0.009794,0.061835,0.009794],[0.727317,0.183594,0.009782,0.009782,0.059742,0.009782],[0.742134,0.180166,0.009793,0.009793,0.048321,0.009793],[0.756179,0.162777,0.009775,0.009775,0.051719,0.009775],[0.783259,0.136423,0.009751,0.009751,0.051065,0.009751],[0.000000,0.000000,0.000000,0.000000,0.000000,1.000000],[0.798708,0.105838,0.009779,0.009779,0.066117,0.009779],[0.000000,0.000000,0.000000,0.000000,0.000000,1.000000],[0.776902,0.128509,0.009771,0.009771,0.065277,0.009771],[0.775432,0.145912,0.009769,0.009769,0.049350,0.009769],[0.773842,0.147877,0.009778,0.009778,0.048948,0.009778],[0.776900,0.144497,0.009770,0.009770,0.049292,0.009770],[0.784492,0.131144,0.009751,0.009751,0.055112,0.009751],[0.810157,0.113222,0.009760,0.009760,0.047342,0.009760],[0.000000,0.000000,0.000000,0.000000,0.000000,1.000000],[0.000000,0.000000,0.000000,0.000000,0.000000,1.000000],[0.109061,0.091873,0.038366,0.009862,0.740975,0.009862],[0.813801,0.075479,0.061149,0.009841,0.029889,0.009841],[1.000000,0.000000,0.000000,0.000000,0.000000,0.000000],[1.000000,0.000000,0.000000,0.000000,0.000000,0.000000],[0.769686,0.115134,0.049120,0.009848,0.046364,0.009848],[0.119409,0.161514,0.009778,0.009778,0.689744,0.009778],[0.753261,0.161903,0.009772,0.009772,0.055521,0.009772],[0.735193,0.181249,0.009780,0.009780,0.054217,0.009780],[0.715985,0.188754,0.009772,0.009772,0.065946,0.009772],[0.709255,0.205494,0.009804,0.010877,0.054766,0.009804],[0.463286,0.303950,0.009798,0.009798,0.203369,0.009798],[0.707079,0.211465,0.009804,0.011540,0.050308,0.009804],[0.733076,0.189276,0.009801,0.009801,0.048244,0.009801],[0.772821,0.145717,0.009748,0.009748,0.052218,0.009748],[0.111099,0.089063,0.040734,0.009852,0.739398,0.009852],[1.000000,0.000000,0.000000,0.000000,0.000000,0.000000]],
  [[1.000000,0.000000,0.000000,0.000000,0.000000,0.000000],[0.117742,0.088470,0.045342,0.009869,0.728709,0.009869],[0.793818,0.137953,0.009780,0.009780,0.038888,0.009780],[0.768238,0.148952,0.009776,0.009776,0.053483,0.009776],[0.755744,0.127724,0.049571,0.009861,0.047239,0.009861],[0.100208,0.102666,0.031411,0.009871,0.745973,0.009871],[1.000000,0.000000,0.000000,0.000000,0.000000,0.000000],[0.129540,0.133109,0.037934,0.009876,0.679665,0.009876],[0.154128,0.195892,0.009804,0.010044,0.620328,0.009804],[0.491864,0.262445,0.009804,0.011873,0.214210,0.009804],[0.730283,0.176749,0.009767,0.009767,0.063666,0.009767],[0.760030,0.164968,0.009758,0.009758,0.045729,0.009758],[0.113306,0.161748,0.009788,0.009788,0.695582,0.009788],[0.782278,0.143241,0.009756,0.009756,0.045212,0.009756],[0.779135,0.143811,0.009756,0.009756,0.047784,0.009756],[0.116072,0.175294,0.009760,0.009760,0.679355,0.009760],[0.121536,0.192577,0.009775,0.009775,0.656562,0.009775],[0.734109,0.185456,0.009779,0.009779,0.051098,0.009779],[0.120273,0.169429,0.009785,0.009785,0.680942,0.009785],[0.785071,0.145352,0.009762,0.009762,0.040291,0.009762],[0.784582,0.137493,0.009754,0.009754,0.048662,0.009754],[0.779728,0.101004,0.051520,0.009847,0.048054,0.009847],[0.808835,0.071591,0.053090,0.009838,0.046809,0.009838],[1.000000,0.000000,0.000000,0.000000,0.000000,0.000000],[0.814976,0.060342,0.053625,0.009837,0.051384,0.009837],[1.000000,0.000000,0.000000,0.000000,0.000000,0.000000],[1.000000,0.000000,0.000000,0.000000,0.000000,0.000000],[0.108237,0.092992,0.036527,0.009851,0.742542,0.009851],[0.777842,0.110098,0.044277,0.009860,0.048064,0.009860],[0.117635,0.165002,0.009780,0.009780,0.688023,0.009780],[0.113938,0.179760,0.009785,0.009785,0.676949,0.009785],[0.734729,0.172674,0.009763,0.009763,0.063306,0.009763],[0.706781,0.193916,0.009785,0.009785,0.069947,0.009785],[0.676595,0.231640,0.009792,0.009792,0.062389,0.009792],[0.141733,0.273422,0.009804,0.011795,0.553442,0.009804],[0.136968,0.259910,0.009804,0.011817,0.571697,0.009804],[0.127640,0.204690,0.009774,0.009774,0.638348,0.009774],[0.744302,0.177449,0.009755,0.009755,0.048985,0.009755],[0.781812,0.098297,0.048605,0.009850,0.051586,0.009850],[1.000000,0.000000,0.000000,0.000000,0.000000,0.000000]],
  [[1.000000,0.000000,0.000000,0.000000,0.000000,0.000000],[0.813290,0.079540,0.047380,0.009841,0.040109,0.009841],[0.796015,0.128243,0.009767,0.009767,0.046439,0.009767],[0.117278,0.153374,0.009769,0.009769,0.700042,0.009769],[0.113572,0.163495,0.009771,0.009771,0.693620,0.009771],[0.772606,0.100716,0.059453,0.009849,0.047528,0.009849],[1.000000,0.000000,0.000000,0.000000,0.000000,0.000000],[0.767075,0.109719,0.048769,0.009848,0.054741,0.009848],[0.765807,0.156309,0.009764,0.009764,0.048591,0.009764],[0.722601,0.189761,0.009755,0.009755,0.058372,0.009755],[0.739294,0.173521,0.009787,0.009787,0.057824,0.009787],[0.118914,0.170276,0.009794,0.009794,0.681427,0.009794],[0.122540,0.177186,0.009783,0.009783,0.670926,0.009783],[0.136469,0.171413,0.009779,0.009779,0.662782,0.009779],[0.738894,0.180482,0.009768,0.009768,0.051321,0.009768],[0.124992,0.248764,0.009787,0.009787,0.596881,0.009787],[0.134634,0.256055,0.009804,0.010166,0.579538,0.009804],[0.134527,0.247252,0.009785,0.009785,0.588866,0.009785],[0.732263,0.179750,0.009773,0.009773,0.058668,0.009773],[0.116786,0.169658,0.009770,0.009770,0.684246,0.009770],[0.112504,0.144016,0.035414,0.009859,0.688347,0.009859],[0.744454,0.124398,0.051974,0.009845,0.059484,0.009845],[1.000000,0.000000,0.000000,0.000000,0.000000,0.000000],[1.000000,0.000000,0.000000,0.000000,0.000000,0.000000],[1.000000,0.000000,0.000000,0.000000,0.000000,0.000000],[0.803082,0.084699,0.046766,0.009841,0.045771,0.009841],[0.778708,0.101201,0.044496,0.009844,0.055907,0.009844],[0.780152,0.110737,0.044610,0.009846,0.044809,0.009846],[0.762752,0.153809,0.009759,0.009759,0.054163,0.009759],[0.756429,0.165010,0.009775,0.009775,0.049235,0.009775],[0.747445,0.175162,0.009791,0.009791,0.048021,0.009791],[0.733834,0.177950,0.009791,0.009791,0.058843,0.009791],[0.115618,0.199813,0.009804,0.010256,0.654705,0.009804],[0.140722,0.258152,0.009782,0.009782,0.571778,0.009782],[0.152725,0.278391,0.009804,0.011662,0.537615,0.009804],[0.634506,0.277148,0.009804,0.009849,0.058889,0.009804],[0.122246,0.257754,0.009804,0.010178,0.590213,0.009804],[0.140292,0.235154,0.009804,0.011490,0.593456,0.009804],[0.143853,0.142111,0.030761,0.009866,0.663542,0.009866],[1.000000,0.000000,0.000000,0.000000,0.000000,0.000000]],
  [[1.000000,0.000000,0.000000,0.000000,0.000000,0.000000],[0.810818,0.076958,0.051834,0.009848,0.040695,0.009848],[0.794235,0.118299,0.009763,0.009763,0.058177,0.009763],[0.793351,0.135622,0.009763,0.009763,0.041739,0.009763],[0.763709,0.129296,0.040309,0.009843,0.046999,0.009843],[0.118291,0.089469,0.042340,0.009838,0.730224,0.009838],[1.000000,0.000000,0.000000,0.000000,0.000000,0.000000],[0.769455,0.103470,0.062288,0.009839,0.045109,0.009839],[0.785681,0.137916,0.009775,0.009775,0.047078,0.009775],[0.751807,0.161467,0.009770,0.009770,0.057416,0.009770],[0.754975,0.159840,0.009763,0.009763,0.055897,0.009763],[0.754392,0.166374,0.009772,0.009772,0.049918,0.009772],[0.756192,0.171344,0.009785,0.009785,0.043109,0.009785],[0.741656,0.180789,0.009782,0.009782,0.048209,0.009782],[0.110414,0.200805,0.009776,0.009776,0.659454,0.009776],[0.694297,0.230574,0.009771,0.009771,0.045816,0.009771],[0.393367,0.385340,0.009804,0.012720,0.188965,0.009804],[0.268363,0.451687,0.009892,0.083816,0.176350,0.009892],[0.443346,0.437155,0.009748,0.009748,0.090256,0.009748],[0.933364,0.026880,0.009682,0.009682,0.010712,0.009682],[0.020036,0.025895,0.009695,0.009695,0.924986,0.009695],[1.000000,0.000000,0.000000,0.000000,0.000000,0.000000],[0.643768,0.103497,0.117231,0.009804,0.115896,0.009804],[1.000000,0.000000,0.000000,0.000000,0.000000,0.000000],[0.017707,0.018927,0.009590,0.009590,0.934596,0.009590],[0.940770,0.020508,0.009681,0.009681,0.009681,0.009681],[0.937162,0.024273,0.009641,0.009641,0.009641,0.009641],[0.935068,0.026202,0.009683,0.009683,0.009683,0.009683],[0.931107,0.029989,0.009726,0.009726,0.009726,0.009726],[0.020171,0.356498,0.009711,0.009711,0.594198,0.009711],[0.928651,0.032338,0.009753,0.009753,0.009753,0.009753],[0.929901,0.031049,0.009751,0.009751,0.009797,0.009751],[0.119003,0.206044,0.009804,0.010335,0.645010,0.009804],[0.670046,0.239916,0.009785,0.009785,0.060683,0.009785],[0.397276,0.368321,0.009804,0.015720,0.199075,0.009804],[0.634115,0.264539,0.009804,0.010334,0.071405,0.009804],[0.652374,0.257734,0.009794,0.009794,0.060508,0.009794],[0.438918,0.322639,0.009804,0.012189,0.206646,0.009804],[0.769071,0.111216,0.052622,0.009846,0.047400,0.009846],[1.000000,0.000000,0.000000,0.000000,0.000000,0.000000]],
  [[1.000000,0.000000,0.000000,0.000000,0.000000,0.000000],[0.807730,0.082205,0.052514,0.009840,0.037871,0.009840],[0.808290,0.114706,0.009741,0.009741,0.047779,0.009741],[0.774125,0.109731,0.048667,0.009839,0.047799,0.009839],[0.764120,0.113765,0.058740,0.009834,0.043706,0.009834],[1.000000,0.000000,0.000000,0.000000,0.000000,0.000000],[0.775493,0.108396,0.047072,0.009865,0.049311,0.009865],[0.765009,0.123014,0.043501,0.009857,0.048762,0.009857],[0.776069,0.145310,0.009769,0.009769,0.049315,0.009769],[0.753564,0.158922,0.009786,0.009786,0.058157,0.009786],[0.756110,0.161733,0.009768,0.009768,0.052853,0.009768],[0.734229,0.174197,0.009772,0.009772,0.062257,0.009772],[0.121234,0.166082,0.009776,0.009776,0.683355,0.009776],[0.746520,0.179311,0.009784,0.009784,0.044817,0.009784],[0.124961,0.194377,0.009795,0.009795,0.651278,0.009795],[0.694773,0.211841,0.009800,0.009800,0.063987,0.009800],[0.690153,0.213563,0.009800,0.009800,0.066885,0.009800],[0.009803,0.840662,0.009803,0.031183,0.098745,0.009803],[0.858871,0.102469,0.009665,0.009665,0.009665,0.009665],[0.950520,0.010849,0.009658,0.009658,0.009658,0.009658],[0.891259,0.070032,0.009677,0.009677,0.009677,0.009677],[0.442829,0.286146,0.217436,0.009808,0.033972,0.009808],[0.410492,0.465761,0.009733,0.009733,0.094547,0.009733],[0.009762,0.102296,0.184988,0.009762,0.683429,0.009762],[0.951723,0.009655,0.009655,0.009655,0.009655,0.009655],[0.009679,0.011510,0.009679,0.009679,0.949772,0.009679],[0.009680,0.011527,0.009680,0.009680,0.949751,0.009680],[0.950489,0.010893,0.009654,0.009654,0.009654,0.009654],[0.009725,0.651929,0.009725,0.009725,0.309171,0.009725],[0.130712,0.537304,0.009838,0.123568,0.188741,0.009838],[0.009716,0.652062,0.009716,0.009716,0.309076,0.009716],[0.948872,0.012440,0.009672,0.009672,0.009672,0.009672],[0.103730,0.199130,0.009786,0.009786,0.667781,0.009786],[0.671054,0.240675,0.009803,0.009803,0.058863,0.009803],[0.141190,0.265214,0.009783,0.009783,0.564246,0.009783],[0.133296,0.254365,0.009804,0.011142,0.581590,0.009804],[0.144147,0.245968,0.009803,0.009803,0.580477,0.009803],[0.740711,0.177811,0.009787,0.009787,0.052116,0.009787],[0.759380,0.107842,0.048330,0.009859,0.064728,0.009859],[1.000000,0.000000,0.000000,0.000000,0.000000,0.000000]],
  [[1.000000,0.000000,0.000000,0.000000,0.000000,0.000000],[0.112175,0.091984,0.044849,0.009851,0.731290,0.009851],[0.790117,0.106273,0.043800,0.009837,0.040136,0.009837],[0.102380,0.113289,0.037108,0.009854,0.727515,0.009854],[1.000000,0.000000,0.000000,0.000000,0.000000,0.000000],[0.118699,0.121937,0.037696,0.009865,0.701939,0.009865],[0.751320,0.136299,0.043739,0.009860,0.048923,0.009860],[0.757189,0.157902,0.009789,0.009789,0.055542,0.009789],[0.760972,0.156058,0.009761,0.009761,0.053688,0.009761],[0.773291,0.150389,0.009767,0.009767,0.047019,0.009767],[0.131236,0.163119,0.009802,0.009802,0.676239,0.009802],[0.736624,0.181249,0.009775,0.009775,0.052803,0.009775],[0.732466,0.182273,0.009797,0.009797,0.055870,0.009797],[0.134767,0.225640,0.009795,0.009795,0.610210,0.009795],[0.730523,0.193828,0.009789,0.009789,0.046284,0.009789],[0.722818,0.194572,0.009796,0.009796,0.053221,0.009796],[0.736250,0.186521,0.009784,0.009784,0.047875,0.009784],[0.919927,0.041427,0.009661,0.009661,0.009661,0.009661],[0.950076,0.011294,0.009658,0.009658,0.009658,0.009658],[0.009683,0.012009,0.009683,0.009683,0.949258,0.009683],[0.464755,0.496521,0.009681,0.009681,0.009681,0.009681],[0.131842,0.413313,0.009830,0.031370,0.403816,0.009830],[0.378148,0.559096,0.009728,0.009728,0.033572,0.009728],[0.009682,0.132640,0.009682,0.009682,0.828631,0.009682],[0.950981,0.010426,0.009648,0.009648,0.009648,0.009648],[0.009686,0.011964,0.009686,0.009686,0.949291,0.009686],[0.950768,0.010659,0.009643,0.009643,0.009643,0.009643],[0.648615,0.312748,0.009659,0.009659,0.009659,0.009659],[0.316831,0.592327,0.009765,0.061545,0.009765,0.009765],[0.050865,0.856407,0.009920,0.031682,0.041206,0.009920],[0.038191,0.599610,0.009842,0.031204,0.311311,0.009842],[0.037316,0.316270,0.009715,0.009715,0.617268,0.009715],[0.712646,0.197832,0.009791,0.009791,0.060149,0.009791],[0.121340,0.199076,0.009777,0.009777,0.650252,0.009777],[0.694402,0.215710,0.009785,0.009785,0.060533,0.009785],[0.125141,0.216112,0.009797,0.009797,0.629355,0.009797],[0.711445,0.204558,0.009803,0.009803,0.054588,0.009803],[0.745564,0.160660,0.009768,0.009768,0.064473,0.009768],[0.793373,0.087808,0.054292,0.009843,0.044840,0.009843],[1.000000,0.000000,0.000000,0.000000,0.000000,0.000000]],
  [[1.000000,0.000000,0.000000,0.000000,0.000000,0.000000],[0.101854,0.071996,0.044295,0.009841,0.762174,0.009841],[0.108068,0.098947,0.037773,0.009820,0.735573,0.009820],[1.000000,0.000000,0.000000,0.000000,0.000000,0.000000],[0.115171,0.105056,0.038965,0.009854,0.721102,0.009854],[0.785465,0.107051,0.043095,0.009852,0.044684,0.009852],[0.146135,0.189626,0.009775,0.009775,0.634915,0.009775],[0.485775,0.269934,0.009804,0.010726,0.213956,0.009804],[0.763277,0.130726,0.051108,0.009852,0.035184,0.009852],[0.113383,0.143668,0.029901,0.009875,0.693298,0.009875],[0.753553,0.131061,0.055175,0.009865,0.040482,0.009865],[0.761367,0.163081,0.009758,0.009758,0.046279,0.009758],[0.368627,0.200960,0.225876,0.009873,0.184790,0.009873],[0.736883,0.151505,0.042362,0.009844,0.049562,0.009844],[0.111819,0.160283,0.029474,0.009864,0.678697,0.009864],[0.109145,0.179284,0.009769,0.009769,0.682265,0.009769],[0.120448,0.164827,0.009776,0.009776,0.685396,0.009776],[0.950810,0.010587,0.009651,0.009651,0.009651,0.009651],[0.919798,0.041593,0.009652,0.009652,0.009652,0.009652],[0.129137,0.409752,0.009792,0.031021,0.410506,0.009792],[0.468264,0.468859,0.009734,0.009734,0.033675,0.009734],[0.207427,0.659121,0.009789,0.009789,0.104084,0.009789],[0.529793,0.407701,0.009734,0.009734,0.033304,0.009734],[0.618580,0.342795,0.009656,0.009656,0.009656,0.009656],[0.920342,0.041036,0.009655,0.009655,0.009655,0.009655],[0.009665,0.010698,0.009665,0.009665,0.950642,0.009665],[0.951529,0.009910,0.009640,0.009640,0.009640,0.009640],[0.950776,0.010607,0.009654,0.009654,0.009654,0.009654],[0.374400,0.586901,0.009675,0.009675,0.009675,0.009675],[0.160733,0.660830,0.009841,0.062045,0.096710,0.009841],[0.373095,0.588164,0.009685,0.009685,0.009685,0.009685],[0.009690,0.011889,0.009690,0.009690,0.949352,0.009690],[0.726836,0.192420,0.009774,0.009774,0.051423,0.009774],[0.720095,0.188260,0.009794,0.009794,0.062264,0.009794],[0.711427,0.199880,0.009776,0.009776,0.059364,0.009776],[0.097687,0.201894,0.009779,0.009779,0.671080,0.009779],[0.720534,0.190576,0.009783,0.009783,0.059541,0.009783],[0.751537,0.167303,0.009767,0.009767,0.051860,0.009767],[0.112747,0.097690,0.038951,0.009848,0.730916,0.009848],[1.000000,0.000000,0.000000,0.000000,0.000000,0.000000]],
  [[1.000000,0.000000,0.000000,0.000000,0.000000,0.000000],[1.000000,0.000000,0.000000,0.000000,0.000000,0.000000],[1.000000,0.000000,0.000000,0.000000,0.000000,0.000000],[0.811756,0.071097,0.054833,0.009836,0.042642,0.009836],[0.809372,0.079825,0.050989,0.009839,0.040135,0.009839],[0.781961,0.092360,0.054932,0.009837,0.051073,0.009837],[0.778636,0.102585,0.043402,0.009861,0.055655,0.009861],[0.766193,0.118159,0.045323,0.009870,0.050584,0.009870],[0.140874,0.114054,0.035935,0.009859,0.689418,0.009859],[1.000000,0.000000,0.000000,0.000000,0.000000,0.000000],[0.798737,0.096328,0.039312,0.009853,0.045916,0.009853],[0.768190,0.123695,0.045372,0.009850,0.043043,0.009850],[0.133435,0.120518,0.028953,0.009863,0.697369,0.009863],[1.000000,0.000000,0.000000,0.000000,0.000000,0.000000],[0.766831,0.109954,0.052010,0.009873,0.051458,0.009873],[0.768541,0.124132,0.046955,0.009859,0.040654,0.009859],[0.753035,0.167858,0.009760,0.009760,0.049828,0.009760],[0.009674,0.011567,0.009674,0.009674,0.949736,0.009674],[0.009675,0.011569,0.009675,0.009675,0.949730,0.009675],[0.009673,0.071623,0.009673,0.009673,0.889687,0.009673],[0.434988,0.526313,0.009675,0.009675,0.009675,0.009675],[0.254596,0.319850,0.009815,0.031231,0.374694,0.009815],[0.470681,0.469090,0.009757,0.030958,0.009757,0.009757],[0.009681,0.011241,0.009681,0.009681,0.950036,0.009681],[0.951302,0.010108,0.009648,0.009648,0.009648,0.009648],[0.951028,0.010378,0.009648,0.009648,0.009648,0.009648],[0.009675,0.010852,0.009675,0.009675,0.950449,0.009675],[0.951045,0.010375,0.009645,0.009645,0.009645,0.009645],[0.009674,0.011568,0.009674,0.009674,0.949734,0.009674],[0.036957,0.316306,0.009711,0.009711,0.617602,0.009711],[0.009684,0.012233,0.009684,0.009684,0.949030,0.009684],[0.950365,0.011007,0.009657,0.009657,0.009657,0.009657],[0.756546,0.160437,0.009784,0.009784,0.053666,0.009784],[0.129785,0.176096,0.009804,0.009804,0.664708,0.009804],[0.712739,0.196971,0.009798,0.009798,0.060895,0.009798],[0.701020,0.217982,0.009785,0.009785,0.051642,0.009785],[0.136682,0.205459,0.009796,0.009796,0.628469,0.009796],[0.116267,0.177485,0.009774,0.009774,0.676926,0.009774],[0.782577,0.098609,0.052899,0.009855,0.046205,0.009855],[1.000000,0.000000,0.000000,0.000000,0.000000,0.000000]],
  [[1.000000,0.000000,0.000000,0.000000,0.000000,0.000000],[1.000000,0.000000,0.000000,0.000000,0.000000,0.000000],[1.000000,0.000000,0.000000,0.000000,0.000000,0.000000],[1.000000,0.000000,0.000000,0.000000,0.000000,0.000000],[1.000000,0.000000,0.000000,0.000000,0.000000,0.000000],[1.000000,0.000000,0.000000,0.000000,0.000000,0.000000],[1.000000,0.000000,0.000000,0.000000,0.000000,0.000000],[1.000000,0.000000,0.000000,0.000000,0.000000,0.000000],[1.000000,0.000000,0.000000,0.000000,0.000000,0.000000],[1.000000,0.000000,0.000000,0.000000,0.000000,0.000000],[1.000000,0.000000,0.000000,0.000000,0.000000,0.000000],[1.000000,0.000000,0.000000,0.000000,0.000000,0.000000],[1.000000,0.000000,0.000000,0.000000,0.000000,0.000000],[1.000000,0.000000,0.000000,0.000000,0.000000,0.000000],[1.000000,0.000000,0.000000,0.000000,0.000000,0.000000],[0.762646,0.120806,0.050907,0.009881,0.045878,0.009881],[0.128667,0.163590,0.009780,0.009780,0.678404,0.009780],[0.950604,0.010781,0.009654,0.009654,0.009654,0.009654],[0.009680,0.012339,0.009680,0.009680,0.948941,0.009680],[0.950459,0.010937,0.009651,0.009651,0.009651,0.009651],[0.830089,0.131328,0.009646,0.009646,0.009646,0.009646],[0.649189,0.312199,0.009653,0.009653,0.009653,0.009653],[0.009675,0.071832,0.009675,0.009675,0.889467,0.009675],[0.950089,0.011291,0.009655,0.009655,0.009655,0.009655],[0.951224,0.010212,0.009641,0.009641,0.009641,0.009641],[0.951280,0.010150,0.009642,0.009642,0.009642,0.009642],[0.951571,0.009851,0.009645,0.009645,0.009645,0.009645],[0.951486,0.009931,0.009646,0.009646,0.009646,0.009646],[0.951030,0.010365,0.009651,0.009651,0.009651,0.009651],[0.009671,0.010864,0.009671,0.009671,0.950453,0.009671],[0.951290,0.010123,0.009647,0.009647,0.009647,0.009647],[0.951857,0.009629,0.009629,0.009629,0.009629,0.009629],[0.770272,0.144730,0.009770,0.009770,0.055688,0.009770],[0.736036,0.177393,0.009776,0.009776,0.057242,0.009776],[0.153894,0.206566,0.009798,0.009798,0.610145,0.009798],[0.471726,0.305867,0.009794,0.009794,0.193025,0.009794],[0.714964,0.205669,0.009769,0.009769,0.050059,0.009769],[0.761327,0.161050,0.009772,0.009772,0.048309,0.009772],[0.101968,0.109357,0.043193,0.009852,0.725778,0.009852],[1.000000,0.000000,0.000000,0.000000,0.000000,0.000000]],
  [[1.000000,0.000000,0.000000,0.000000,0.000000,0.000000],[0.830276,0.049910,0.061356,0.009843,0.038772,0.009843],[1.000000,0.000000,0.000000,0.000000,0.000000,0.000000],[0.462285,0.110120,0.209241,0.009873,0.198607,0.009873],[0.741382,0.119611,0.047203,0.009867,0.072070,0.009867],[0.746436,0.123548,0.052030,0.009852,0.058281,0.009852],[0.145773,0.122360,0.027134,0.009853,0.685026,0.009853],[0.764019,0.111652,0.043383,0.009860,0.061227,0.009860],[0.801633,0.082617,0.043631,0.009854,0.052411,0.009854],[0.800678,0.079769,0.057097,0.009853,0.042751,0.009853],[0.809331,0.081900,0.049920,0.009849,0.039151,0.009849],[0.797301,0.081182,0.052753,0.009833,0.049097,0.009833],[0.796394,0.078767,0.054926,0.009838,0.050237,0.009838],[0.785584,0.098769,0.047570,0.009840,0.048396,0.009840],[0.763565,0.119040,0.060601,0.009836,0.037121,0.009836],[0.108691,0.140676,0.031589,0.009868,0.699309,0.009868],[0.773716,0.152934,0.009774,0.009774,0.044027,0.009774],[0.951050,0.010386,0.009641,0.009641,0.009641,0.009641],[0.949929,0.011450,0.009655,0.009655,0.009655,0.009655],[0.009667,0.011210,0.009667,0.009667,0.950120,0.009667],[0.951330,0.010089,0.009645,0.009645,0.009645,0.009645],[0.920772,0.040637,0.009648,0.009648,0.009648,0.009648],[0.951481,0.009932,0.009647,0.009647,0.009647,0.009647],[0.009674,0.011313,0.009674,0.009674,0.949989,0.009674],[0.009678,0.011015,0.009678,0.009678,0.950274,0.009678],[0.009679,0.011319,0.009679,0.009679,0.949966,0.009679],[0.800741,0.160707,0.009638,0.009638,0.009638,0.009638],[0.951412,0.010009,0.009645,0.009645,0.009645,0.009645],[0.951056,0.010360,0.009646,0.009646,0.009646,0.009646],[0.951482,0.009945,0.009643,0.009643,0.009643,0.009643],[0.951873,0.009625,0.009625,0.009625,0.009625,0.009625],[0.951871,0.009626,0.009626,0.009626,0.009626,0.009626],[0.766147,0.152398,0.009760,0.009760,0.052174,0.009760],[0.739660,0.177669,0.009780,0.009780,0.053332,0.009780],[0.701247,0.197749,0.009787,0.009787,0.071643,0.009787],[0.690512,0.209153,0.009779,0.009779,0.071000,0.009779],[0.708366,0.210347,0.009786,0.009786,0.051928,0.009786],[0.748721,0.165257,0.009754,0.009754,0.056760,0.009754],[0.786425,0.093331,0.046892,0.009848,0.053656,0.009848],[1.000000,0.000000,0.000000,0.000000,0.000000,0.000000]],
