[
  [[1.000000,0.000000,0.000000,0.000000,0.000000,0.000000],[1.000000,0.000000,0.000000,0.000000,0.000000,0.000000],[1.000000,0.000000,0.000000,0.000000,0.000000,0.000000],[1.000000,0.000000,0.000000,0.000000,0.000000,0.000000],[1.000000,0.000000,0.000000,0.000000,0.000000,0.000000],[1.000000,0.000000,0.000000,0.000000,0.000000,0.000000],[1.000000,0.000000,0.000000,0.000000,0.000000,0.000000],[1.000000,0.000000,0.000000,0.000000,0.000000,0.000000],[1.000000,0.000000,0.000000,0.000000,0.000000,0.000000],[1.000000,0.000000,0.000000,0.000000,0.000000,0.000000],[1.000000,0.000000,0.000000,0.000000,0.000000,0.000000],[1.000000,0.000000,0.000000,0.000000,0.000000,0.000000],[1.000000,0.000000,0.000000,0.000000,0.000000,0.000000],[1.000000,0.000000,0.000000,0.000000,0.000000,0.000000],[1.000000,0.000000,0.000000,0.000000,0.000000,0.000000],[1.000000,0.000000,0.000000,0.000000,0.000000,0.000000],[1.000000,0.000000,0.000000,0.000000,0.000000,0.000000],[1.000000,0.000000,0.000000,0.000000,0.000000,0.000000],[1.000000,0.000000,0.000000,0.000000,0.000000,0.000000],[1.000000,0.000000,0.000000,0.000000,0.000000,0.000000],[1.000000,0.000000,0.000000,0.000000,0.000000,0.000000],[1.000000,0.000000,0.000000,0.000000,0.000000,0.000000],[1.000000,0.000000,0.000000,0.000000,0.000000,0.000000],[1.000000,0.000000,0.000000,0.000000,0.000000,0.000000],[1.000000,0.000000,0.000000,0.000000,0.000000,0.000000],[1.000000,0.000000,0.000000,0.000000,0.000000,0.000000],[1.000000,0.000000,0.000000,0.000000,0.000000,0.000000],[1.000000,0.000000,0.000000,0.000000,0.000000,0.000000],[1.000000,0.000000,0.000000,0.000000,0.000000,0.000000],[1.000000,0.000000,0.000000,0.000000,0.000000,0.000000],[1.000000,0.000000,0.000000,0.000000,0.000000,0.000000],[1.000000,0.000000,0.000000,0.000000,0.000000,0.000000],[1.000000,0.000000,0.000000,0.000000,0.000000,0.000000],[1.000000,0.000000,0.000000,0.000000,0.000000,0.000000],[1.000000,0.000000,0.000000,0.000000,0.000000,0.000000],[1.000000,0.000000,0.000000,0.000000,0.000000,0.000000],[1.000000,0.000000,0.000000,0.000000,0.000000,0.000000],[1.000000,0.000000,0.000000,0.000000,0.000000,0.000000],[1.000000,0.000000,0.000000,0.000000,0.000000,0.000000],[1.000000,0.000000,0.000000,0.000000,0.000000,0.000000]],
  [[1.000000,0.000000,0.000000,0.000000,0.000000,0.000000],[0.032446,0.008976,0.004399,0.002433,0.951746,0.000000],[0.968834,0.010010,0.005320,0.002214,0.013623,0.000000],[0.965289,0.011597,0.005957,0.002588,0.014568,0.000000],[0.960910,0.013538,0.006995,0.003027,0.015529,0.000000],[0.954643,0.016160,0.008670,0.003597,0.016930,0.000000],[0.039133,0.020000,0.011362,0.004631,0.924874,0.000000],[0.922322,0.027193,0.017689,0.006589,0.026207,0.000000],[0.923098,0.027006,0.017106,0.006569,0.026220,0.000000],[0.052494,0.027107,0.017107,0.006425,0.896868,0.000000],[0.052506,0.027126,0.017110,0.006429,0.896830,0.000000],[0.922849,0.027125,0.017136,0.006592,0.026298,0.000000],[0.839997,0.041649,0.076228,0.008447,0.033680,0.000000],[0.813999,0.061092,0.070322,0.009479,0.045109,0.000000],[0.812475,0.061753,0.070640,0.009548,0.045584,0.000000],[0.811683,0.062083,0.070799,0.009582,0.045853,0.000000],[0.813189,0.061244,0.071451,0.009407,0.044708,0.000000],[0.083999,0.058759,0.068409,0.009066,0.779767,0.000000],[0.064594,0.040543,0.072495,0.007897,0.814472,0.000000],[0.922289,0.027213,0.017692,0.006592,0.026214,0.000000],[0.053058,0.026869,0.016527,0.006382,0.897165,0.000000],[0.922917,0.027090,0.017129,0.006585,0.026279,0.000000],[0.838065,0.041784,0.078318,0.008431,0.033402,0.000000],[0.084860,0.061831,0.073827,0.009434,0.770049,0.000000],[0.113059,0.074792,0.086610,0.010066,0.715473,0.000000],[0.790093,0.066213,0.075489,0.009270,0.058935,0.000000],[0.794057,0.065138,0.072600,0.009222,0.058982,0.000000],[0.789192,0.067312,0.080576,0.010732,0.052188,0.000000],[0.787797,0.067317,0.077908,0.009338,0.057640,0.000000],[0.112105,0.064682,0.071439,0.009111,0.742664,0.000000],[0.792775,0.065209,0.074939,0.009174,0.057902,0.000000],[0.811825,0.062053,0.070771,0.009581,0.045770,0.000000],[0.813242,0.061294,0.071420,0.009415,0.044629,0.000000],[0.812053,0.061807,0.071662,0.009469,0.045010,0.000000],[0.810016,0.062513,0.072947,0.009543,0.044981,0.000000],[0.811015,0.062305,0.071861,0.009521,0.045298,0.000000],[0.812108,0.061991,0.070689,0.009575,0.045637,0.000000],[0.842517,0.041714,0.073734,0.008466,0.033569,0.000000],[0.870781,0.036052,0.055694,0.007115,0.030357,0.000000],[1.000000,0.000000,0.000000,0.000000,0.000000,0.000000]],
  [[1.000000,0.000000,0.000000,0.000000,0.000000,0.000000],[0.025543,0.009453,0.004451,0.002325,0.958229,0.000000],[0.962827,0.017770,0.000000,0.002836,0.016567,0.000000],[0.959162,0.019954,0.000000,0.003234,0.017650,0.000000],[0.955515,0.022452,0.000000,0.003628,0.018405,0.000000],[0.944907,0.030083,0.000000,0.004478,0.020532,0.000000],[0.041361,0.038605,0.000000,0.005794,0.914240,0.000000],[0.903311,0.055761,0.000000,0.008440,0.032489,0.000000],[0.860398,0.087117,0.000000,0.010598,0.041888,0.000000],[0.859818,0.087462,0.000000,0.010644,0.042075,0.000000],[0.859076,0.088541,0.000000,0.010676,0.041707,0.000000],[0.859439,0.087692,0.000000,0.010676,0.042192,0.000000],[0.858402,0.088923,0.000000,0.010730,0.041944,0.000000],[0.097574,0.121915,0.000000,0.010477,0.770033,0.000000],[0.785603,0.138196,0.000000,0.010197,0.066004,0.000000],[0.786154,0.136708,0.000000,0.010180,0.066958,0.000000],[0.121560,0.133891,0.000000,0.009763,0.734786,0.000000],[0.805705,0.130756,0.000000,0.011034,0.052505,0.000000],[0.859601,0.088788,0.000000,0.010571,0.041040,0.000000],[0.903346,0.055752,0.000000,0.008438,0.032464,0.000000],[0.860084,0.087940,0.000000,0.010596,0.041380,0.000000],[0.876145,0.077828,0.000000,0.009383,0.036644,0.000000],[0.851258,0.102256,0.000000,0.009470,0.037017,0.000000],[0.084916,0.110781,0.000000,0.009456,0.794847,0.000000],[0.107029,0.144645,0.000000,0.008764,0.739561,0.000000],[0.479902,0.248754,0.000000,0.021521,0.249822,0.000000],[0.784527,0.146252,0.000000,0.009147,0.060075,0.000000],[0.145592,0.118992,0.000000,0.010549,0.724867,0.000000],[0.132765,0.120514,0.000000,0.008823,0.737898,0.000000],[0.506723,0.245360,0.000000,0.020970,0.226948,0.000000],[0.784795,0.123258,0.000000,0.009111,0.082836,0.000000],[0.088340,0.107255,0.000000,0.009302,0.795102,0.000000],[0.827232,0.114779,0.000000,0.009929,0.048060,0.000000],[0.132378,0.118986,0.000000,0.008699,0.739938,0.000000],[0.144120,0.152669,0.000000,0.009799,0.693412,0.000000],[0.121777,0.176264,0.000000,0.009803,0.692155,0.000000],[0.779113,0.143055,0.000000,0.012807,0.065026,0.000000],[0.813148,0.121996,0.000000,0.010749,0.054107,0.000000],[0.812896,0.061859,0.069680,0.009684,0.045881,0.000000],[1.000000,0.000000,0.000000,0.000000,0.000000,0.000000]],
  [[1.000000,0.000000,0.000000,0.000000,0.000000,0.000000],[0.969151,0.009817,0.005172,0.002160,0.013701,0.000000],[0.961252,0.018551,0.000000,0.002996,0.017202,0.000000],[0.957908,0.020609,0.000000,0.003355,0.018128,0.000000],[0.029179,0.020861,0.000000,0.003367,0.946593,0.000000],[0.032638,0.027283,0.000000,0.004242,0.935837,0.000000],[0.041287,0.037819,0.000000,0.005772,0.915122,0.000000],[0.056651,0.050723,0.000000,0.007929,0.884697,0.000000],[0.859083,0.086980,0.000000,0.010730,0.043207,0.000000],[0.808808,0.126400,0.000000,0.010975,0.053817,0.000000],[0.804379,0.129930,0.000000,0.011241,0.054450,0.000000],[0.097508,0.124067,0.000000,0.010647,0.767778,0.000000],[0.802588,0.132743,0.000000,0.011235,0.053434,0.000000],[0.108443,0.134113,0.000000,0.011905,0.745539,0.000000],[0.778632,0.143908,0.000000,0.010436,0.067025,0.000000],[0.491032,0.254891,0.000000,0.024412,0.229665,0.000000],[0.783143,0.140881,0.000000,0.010222,0.065753,0.000000],[0.095686,0.124765,0.000000,0.010649,0.768899,0.000000],[0.078596,0.084830,0.000000,0.010331,0.826243,0.000000],[0.901322,0.055954,0.000000,0.008693,0.034031,0.000000],[0.078455,0.084679,0.000000,0.010312,0.826554,0.000000],[0.084934,0.108327,0.000000,0.009281,0.797458,0.000000],[0.824681,0.117078,0.000000,0.010076,0.048165,0.000000],[0.779285,0.152191,0.000000,0.011399,0.057125,0.000000],[0.121010,0.128834,0.000000,0.009788,0.740368,0.000000],[0.788362,0.134124,0.000000,0.010173,0.067342,0.000000],[0.807586,0.123065,0.000000,0.009213,0.060136,0.000000],[0.781700,0.150033,0.000000,0.011301,0.056966,0.000000],[0.735665,0.148092,0.000000,0.009217,0.107026,0.000000],[0.806441,0.124577,0.000000,0.009234,0.059748,0.000000],[0.760933,0.147201,0.000000,0.032917,0.058949,0.000000],[0.754100,0.139667,0.000000,0.010038,0.096196,0.000000],[0.823969,0.116847,0.000000,0.010137,0.049047,0.000000],[0.755612,0.150375,0.000000,0.009409,0.084604,0.000000],[0.471388,0.279059,0.000000,0.023164,0.226389,0.000000],[0.138041,0.190867,0.000000,0.010678,0.660415,0.000000],[0.753287,0.155899,0.000000,0.011857,0.078957,0.000000],[0.788619,0.133971,0.000000,0.010121,0.067289,0.000000],[0.810108,0.063144,0.070240,0.009823,0.046685,0.000000],[1.000000,0.000000,0.000000,0.000000,0.000000,0.000000]],
  [[1.000000,0.000000,0.000000,0.000000,0.000000,0.000000],[0.968831,0.009952,0.005183,0.002197,0.013837,0.000000],[0.960652,0.018807,0.000000,0.003054,0.017487,0.000000],[0.957674,0.020751,0.000000,0.003381,0.018193,0.000000],[0.953777,0.023600,0.000000,0.003770,0.018853,0.000000],[0.944423,0.030087,0.000000,0.004619,0.020871,0.000000],[0.928121,0.040897,0.000000,0.006149,0.024833,0.000000],[0.900907,0.056198,0.000000,0.008737,0.034158,0.000000],[0.858213,0.087522,0.000000,0.010806,0.043459,0.000000],[0.806366,0.127927,0.000000,0.011122,0.054585,0.000000],[0.123109,0.134440,0.000000,0.009830,0.732622,0.000000],[0.777877,0.143997,0.000000,0.010524,0.067602,0.000000],[0.119218,0.135804,0.000000,0.009819,0.735158,0.000000],[0.108747,0.134687,0.000000,0.011965,0.744602,0.000000],[0.780067,0.143171,0.000000,0.010381,0.066381,0.000000],[0.124779,0.135820,0.000000,0.009943,0.729458,0.000000],[0.120380,0.134607,0.000000,0.009854,0.735159,0.000000],[0.096155,0.123975,0.000000,0.010673,0.769196,0.000000],[0.857565,0.089438,0.000000,0.010808,0.042189,0.000000],[0.900931,0.056191,0.000000,0.008736,0.034142,0.000000],[0.857430,0.089524,0.000000,0.010820,0.042225,0.000000],[0.085735,0.109365,0.000000,0.009383,0.795516,0.000000],[0.784317,0.147464,0.000000,0.009159,0.059060,0.000000],[0.792601,0.130691,0.000000,0.010029,0.066679,0.000000],[0.768195,0.154965,0.000000,0.010065,0.066775,0.000000],[0.806206,0.125023,0.000000,0.011266,0.057505,0.000000],[0.806752,0.110671,0.000000,0.033582,0.048995,0.000000],[0.817263,0.116926,0.000000,0.010649,0.055163,0.000000],[0.808680,0.133209,0.000000,0.009680,0.048430,0.000000],[0.827897,0.113681,0.000000,0.009893,0.048530,0.000000],[0.087687,0.106853,0.000000,0.009278,0.796182,0.000000],[0.829301,0.112875,0.000000,0.009819,0.048005,0.000000],[0.784178,0.133713,0.000000,0.009731,0.072378,0.000000],[0.762477,0.167970,0.000000,0.009143,0.060411,0.000000],[0.760500,0.135515,0.000000,0.010448,0.093537,0.000000],[0.736977,0.173235,0.000000,0.011007,0.078781,0.000000],[0.490218,0.252821,0.000000,0.024877,0.232084,0.000000],[0.785948,0.135532,0.000000,0.010252,0.068269,0.000000],[0.809079,0.063617,0.070434,0.009871,0.046998,0.000000],[1.000000,0.000000,0.000000,0.000000,0.000000,0.000000]],
  [[1.000000,0.000000,0.000000,0.000000,0.000000,0.000000],[0.969106,0.009844,0.005175,0.002165,0.013710,0.000000],[0.961112,0.018640,0.000000,0.003012,0.017236,0.000000],[0.957156,0.020977,0.000000,0.003419,0.018448,0.000000],[0.953774,0.023291,0.000000,0.003802,0.019133,0.000000],[0.033352,0.026449,0.000000,0.004196,0.936003,0.000000],[0.927581,0.040614,0.000000,0.006292,0.025514,0.000000],[0.902801,0.054503,0.000000,0.008558,0.034138,0.000000],[0.861714,0.084218,0.000000,0.010524,0.043544,0.000000],[0.802508,0.131114,0.000000,0.011358,0.055020,0.000000],[0.780268,0.141388,0.000000,0.010482,0.067863,0.000000],[0.490411,0.255476,0.000000,0.024497,0.229616,0.000000],[0.777057,0.144514,0.000000,0.010569,0.067860,0.000000],[0.109505,0.134050,0.000000,0.011866,0.744578,0.000000],[0.800489,0.133244,0.000000,0.011478,0.054789,0.000000],[0.802625,0.131044,0.000000,0.011350,0.054980,0.000000],[0.801866,0.132348,0.000000,0.011392,0.054393,0.000000],[0.805972,0.129006,0.000000,0.011157,0.053865,0.000000],[0.858818,0.087166,0.000000,0.010758,0.043258,0.000000],[0.902833,0.054495,0.000000,0.008557,0.034116,0.000000],[0.857199,0.089673,0.000000,0.010842,0.042286,0.000000],[0.824591,0.117128,0.000000,0.010081,0.048200,0.000000],[0.806430,0.124624,0.000000,0.009237,0.059710,0.000000],[0.539808,0.209420,0.000000,0.043833,0.206939,0.000000],[0.785786,0.144362,0.000000,0.009149,0.060703,0.000000],[0.825566,0.115191,0.000000,0.010042,0.049202,0.000000],[0.848504,0.102594,0.000000,0.009761,0.039141,0.000000],[0.873472,0.078112,0.000000,0.009665,0.038752,0.000000],[0.877204,0.074797,0.000000,0.009359,0.038640,0.000000],[0.826787,0.101368,0.000000,0.009594,0.062250,0.000000],[0.850655,0.101298,0.000000,0.009584,0.038463,0.000000],[0.873276,0.079003,0.000000,0.009658,0.038062,0.000000],[0.826679,0.115237,0.000000,0.009985,0.048098,0.000000],[0.774848,0.141664,0.000000,0.010232,0.073256,0.000000],[0.754768,0.175129,0.000000,0.011479,0.058624,0.000000],[0.740344,0.157384,0.000000,0.010271,0.092000,0.000000],[0.761189,0.150352,0.000000,0.011555,0.076904,0.000000],[0.785402,0.137358,0.000000,0.010248,0.066992,0.000000],[0.810200,0.063116,0.070215,0.009819,0.046651,0.000000],[1.000000,0.000000,0.000000,0.000000,0.000000,0.000000]],
  [[1.000000,0.000000,0.000000,0.000000,0.000000,0.000000],[0.025359,0.009469,0.004472,0.002315,0.958385,0.000000],[0.962055,0.018241,0.000000,0.002901,0.016803,0.000000],[0.957644,0.020775,0.000000,0.003386,0.018196,0.000000],[0.953709,0.023326,0.000000,0.003809,0.019156,0.000000],[0.944723,0.029685,0.000000,0.004655,0.020937,0.000000],[0.041011,0.036871,0.000000,0.005694,0.916424,0.000000],[0.900842,0.056238,0.000000,0.008745,0.034175,0.000000],[0.861958,0.084066,0.000000,0.010503,0.043473,0.000000],[0.806305,0.127974,0.000000,0.011127,0.054593,0.000000],[0.124273,0.133036,0.000000,0.009809,0.732882,0.000000],[0.782732,0.138878,0.000000,0.010381,0.068009,0.000000],[0.784773,0.137739,0.000000,0.010287,0.067200,0.000000],[0.805368,0.128591,0.000000,0.011187,0.054855,0.000000],[0.856945,0.088287,0.000000,0.010914,0.043854,0.000000],[0.861549,0.084331,0.000000,0.010541,0.043579,0.000000],[0.861819,0.084150,0.000000,0.010515,0.043515,0.000000],[0.862385,0.083817,0.000000,0.010469,0.043330,0.000000],[0.862842,0.083549,0.000000,0.010432,0.043177,0.000000],[0.902796,0.054509,0.000000,0.008560,0.034135,0.000000],[0.063827,0.098653,0.000000,0.006171,0.831348,0.000000],[0.084065,0.097892,0.000000,0.005905,0.812138,0.000000],[0.775775,0.122001,0.000000,0.020631,0.081593,0.000000],[0.790338,0.136512,0.000000,0.005749,0.067401,0.000000],[0.821150,0.106162,0.000000,0.035516,0.037172,0.000000],[0.862390,0.086150,0.000000,0.006200,0.045259,0.000000],[0.045554,0.076421,0.000000,0.005691,0.872334,0.000000],[0.930714,0.045421,0.000000,0.004799,0.019066,0.000000],[0.932879,0.043790,0.000000,0.004590,0.018741,0.000000],[0.945959,0.030312,0.000000,0.004766,0.018964,0.000000],[0.931077,0.045214,0.000000,0.004761,0.018948,0.000000],[0.861388,0.064157,0.000000,0.035837,0.038618,0.000000],[0.054461,0.083045,0.000000,0.005891,0.856602,0.000000],[0.084099,0.099448,0.000000,0.020699,0.795754,0.000000],[0.816433,0.080637,0.000000,0.037148,0.065782,0.000000],[0.777065,0.154302,0.000000,0.011398,0.057235,0.000000],[0.110153,0.135063,0.000000,0.011969,0.742815,0.000000],[0.804370,0.129954,0.000000,0.011236,0.054440,0.000000],[0.812069,0.062263,0.069845,0.009730,0.046093,0.000000],[1.000000,0.000000,0.000000,0.000000,0.000000,0.000000]],
  [[1.000000,0.000000,0.000000,0.000000,0.000000,0.000000],[0.025109,0.009367,0.004464,0.002280,0.958781,0.000000],[0.025038,0.015786,0.000000,0.002567,0.956608,0.000000],[0.958256,0.020472,0.000000,0.003325,0.017948,0.000000],[0.953718,0.023320,0.000000,0.003808,0.019154,0.000000],[0.944770,0.029661,0.000000,0.004650,0.020919,0.000000],[0.041357,0.037950,0.000000,0.005799,0.914894,0.000000],[0.901195,0.056435,0.000000,0.008698,0.033671,0.000000],[0.858050,0.088523,0.000000,0.010799,0.042628,0.000000],[0.803682,0.131256,0.000000,0.011287,0.053775,0.000000],[0.801551,0.132560,0.000000,0.011410,0.054479,0.000000],[0.802451,0.131167,0.000000,0.011360,0.055021,0.000000],[0.811179,0.123340,0.000000,0.010900,0.054582,0.000000],[0.812925,0.122290,0.000000,0.010801,0.053985,0.000000],[0.858103,0.087615,0.000000,0.010822,0.043460,0.000000],[0.900495,0.056441,0.000000,0.008782,0.034281,0.000000],[0.900718,0.056310,0.000000,0.008759,0.034214,0.000000],[0.902870,0.054467,0.000000,0.008552,0.034112,0.000000],[0.902982,0.054406,0.000000,0.008541,0.034072,0.000000],[0.901044,0.056524,0.000000,0.008716,0.033716,0.000000],[0.906370,0.049751,0.000000,0.005942,0.037938,0.000000],[0.899165,0.067430,0.000000,0.005798,0.027607,0.000000],[0.801999,0.136414,0.000000,0.005795,0.055791,0.000000],[0.119652,0.091658,0.000000,0.032861,0.755829,0.000000],[0.843076,0.095118,0.000000,0.019728,0.042079,0.000000],[0.899274,0.066966,0.000000,0.005799,0.027961,0.000000],[0.898530,0.059379,0.000000,0.005627,0.036463,0.000000],[0.926654,0.045285,0.000000,0.005597,0.022464,0.000000],[0.914977,0.057208,0.000000,0.005419,0.022395,0.000000],[0.913363,0.058806,0.000000,0.005549,0.022283,0.000000],[0.031289,0.040013,0.000000,0.004110,0.924588,0.000000],[0.898695,0.073946,0.000000,0.005586,0.021773,0.000000],[0.842323,0.110229,0.000000,0.005800,0.041648,0.000000],[0.777617,0.141834,0.000000,0.019142,0.061407,0.000000],[0.104164,0.126483,0.000000,0.005178,0.764174,0.000000],[0.105729,0.120510,0.000000,0.008727,0.765034,0.000000],[0.095639,0.125210,0.000000,0.010705,0.768445,0.000000],[0.857792,0.089293,0.000000,0.010782,0.042132,0.000000],[0.839677,0.041780,0.076319,0.008466,0.033758,0.000000],[1.000000,0.000000,0.000000,0.000000,0.000000,0.000000]],
  [[1.000000,0.000000,0.000000,0.000000,0.000000,0.000000],[0.969410,0.009748,0.005176,0.002124,0.013541,0.000000],[0.025482,0.015980,0.000000,0.002611,0.955927,0.000000],[0.958311,0.020442,0.000000,0.003320,0.017928,0.000000],[0.953736,0.023309,0.000000,0.003805,0.019150,0.000000],[0.033352,0.026452,0.000000,0.004197,0.935999,0.000000],[0.928055,0.040932,0.000000,0.006156,0.024857,0.000000],[0.056678,0.050778,0.000000,0.007942,0.884602,0.000000],[0.858252,0.089039,0.000000,0.010753,0.041956,0.000000],[0.078642,0.084938,0.000000,0.010348,0.826072,0.000000],[0.078803,0.085171,0.000000,0.010383,0.825642,0.000000],[0.857165,0.089057,0.000000,0.010874,0.042904,0.000000],[0.861603,0.084289,0.000000,0.010536,0.043572,0.000000],[0.861872,0.084130,0.000000,0.010515,0.043482,0.000000],[0.858788,0.087196,0.000000,0.010764,0.043252,0.000000],[0.056715,0.050860,0.000000,0.007959,0.884467,0.000000],[0.056899,0.051905,0.000000,0.008035,0.883161,0.000000],[0.901621,0.056678,0.000000,0.008607,0.033093,0.000000],[0.901151,0.056462,0.000000,0.008704,0.033683,0.000000],[0.056751,0.050905,0.000000,0.007967,0.884376,0.000000],[0.088559,0.061770,0.000000,0.005704,0.843967,0.000000],[0.857735,0.100500,0.000000,0.005560,0.036205,0.000000],[0.899183,0.072860,0.000000,0.005574,0.022383,0.000000],[0.898345,0.060271,0.000000,0.005614,0.035771,0.000000],[0.049951,0.078239,0.000000,0.019221,0.852590,0.000000],[0.842137,0.096106,0.000000,0.019783,0.041973,0.000000],[0.871818,0.094083,0.000000,0.005770,0.028329,0.000000],[0.886367,0.065920,0.000000,0.005733,0.041979,0.000000],[0.901375,0.065233,0.000000,0.005667,0.027725,0.000000],[0.926827,0.045638,0.000000,0.005571,0.021964,0.000000],[0.936076,0.041953,0.000000,0.004408,0.017563,0.000000],[0.829572,0.115087,0.000000,0.005580,0.049761,0.000000],[0.078653,0.091529,0.000000,0.005533,0.824285,0.000000],[0.105351,0.139448,0.000000,0.005176,0.750025,0.000000],[0.445122,0.285353,0.000000,0.012700,0.256825,0.000000],[0.107867,0.143759,0.000000,0.008825,0.739549,0.000000],[0.800454,0.133842,0.000000,0.011327,0.054377,0.000000],[0.079472,0.084207,0.000000,0.010199,0.826122,0.000000],[0.922723,0.027181,0.017152,0.006603,0.026341,0.000000],[1.000000,0.000000,0.000000,0.000000,0.000000,0.000000]],
  [[1.000000,0.000000,0.000000,0.000000,0.000000,0.000000],[0.969369,0.009741,0.005168,0.002133,0.013588,0.000000],[0.961818,0.018313,0.000000,0.002936,0.016934,0.000000],[0.958383,0.020401,0.000000,0.003312,0.017903,0.000000],[0.953961,0.023296,0.000000,0.003783,0.018960,0.000000],[0.945040,0.029221,0.000000,0.004662,0.021077,0.000000],[0.927829,0.040793,0.000000,0.006240,0.025138,0.000000],[0.057512,0.050360,0.000000,0.007853,0.884275,0.000000],[0.901376,0.056332,0.000000,0.008680,0.033612,0.000000],[0.901674,0.056646,0.000000,0.008601,0.033078,0.000000],[0.056929,0.051943,0.000000,0.008042,0.883086,0.000000],[0.900986,0.056557,0.000000,0.008721,0.033737,0.000000],[0.906267,0.051826,0.000000,0.008224,0.033683,0.000000],[0.906210,0.051854,0.000000,0.008230,0.033705,0.000000],[0.902868,0.054468,0.000000,0.008552,0.034112,0.000000],[0.901184,0.056440,0.000000,0.008700,0.033676,0.000000],[0.056895,0.051891,0.000000,0.008032,0.883183,0.000000],[0.078279,0.085750,0.000000,0.010419,0.825552,0.000000],[0.078658,0.084976,0.000000,0.010355,0.826012,0.000000],[0.856860,0.089872,0.000000,0.010868,0.042400,0.000000],[0.861237,0.108976,0.000000,0.006025,0.023762,0.000000],[0.912873,0.059098,0.000000,0.005588,0.022441,0.000000],[0.899192,0.058989,0.000000,0.019443,0.022375,0.000000],[0.898488,0.074363,0.000000,0.005571,0.021579,0.000000],[0.077033,0.106050,0.000000,0.005559,0.811358,0.000000],[0.062458,0.111264,0.000000,0.032636,0.793641,0.000000],[0.818600,0.127120,0.000000,0.005357,0.048923,0.000000],[0.832519,0.113807,0.000000,0.005346,0.048328,0.000000],[0.064698,0.063999,0.000000,0.005514,0.865789,0.000000],[0.898718,0.060053,0.000000,0.005584,0.035645,0.000000],[0.921145,0.042861,0.000000,0.004505,0.031489,0.000000],[0.898805,0.059997,0.000000,0.005576,0.035622,0.000000],[0.828606,0.096205,0.000000,0.005786,0.069402,0.000000],[0.803645,0.115035,0.000000,0.005357,0.075963,0.000000],[0.774595,0.143537,0.000000,0.019310,0.062558,0.000000],[0.810794,0.121067,0.000000,0.009037,0.059102,0.000000],[0.804117,0.130113,0.000000,0.011258,0.054512,0.000000],[0.860151,0.086363,0.000000,0.010637,0.042849,0.000000],[0.922831,0.027131,0.017139,0.006594,0.026306,0.000000],[1.000000,0.000000,0.000000,0.000000,0.000000,0.000000]],
  [[1.000000,0.000000,0.000000,0.000000,0.000000,0.000000],[0.025620,0.009564,0.004469,0.002349,0.957999,0.000000],[0.961734,0.018355,0.000000,0.002944,0.016967,0.000000],[0.958518,0.020429,0.000000,0.003273,0.017779,0.000000],[0.029250,0.020990,0.000000,0.003393,0.946367,0.000000],[0.945018,0.029230,0.000000,0.004664,0.021088,0.000000],[0.927617,0.040589,0.000000,0.006287,0.025508,0.000000],[0.927609,0.040588,0.000000,0.006287,0.025516,0.000000],[0.927697,0.040544,0.000000,0.006279,0.025480,0.000000],[0.927699,0.040542,0.000000,0.006278,0.025481,0.000000],[0.040969,0.035751,0.000000,0.005582,0.917699,0.000000],[0.927783,0.040823,0.000000,0.006246,0.025148,0.000000],[0.927485,0.040671,0.000000,0.006302,0.025542,0.000000],[0.927379,0.040727,0.000000,0.006313,0.025581,0.000000],[0.929199,0.039101,0.000000,0.006149,0.025551,0.000000],[0.929267,0.039063,0.000000,0.006142,0.025528,0.000000],[0.901020,0.056135,0.000000,0.008727,0.034119,0.000000],[0.857757,0.089336,0.000000,0.010793,0.042115,0.000000],[0.805942,0.129047,0.000000,0.011157,0.053855,0.000000],[0.806270,0.128019,0.000000,0.011129,0.054582,0.000000],[0.850302,0.113258,0.000000,0.006059,0.030381,0.000000],[0.875093,0.077348,0.000000,0.019482,0.028077,0.000000],[0.859447,0.093187,0.000000,0.005686,0.041680,0.000000],[0.096025,0.071963,0.000000,0.005430,0.826582,0.000000],[0.064359,0.092803,0.000000,0.005650,0.837189,0.000000],[0.829412,0.116471,0.000000,0.005438,0.048680,0.000000],[0.529080,0.229267,0.000000,0.012652,0.229002,0.000000],[0.787341,0.130599,0.000000,0.005457,0.076603,0.000000],[0.091752,0.133922,0.000000,0.005663,0.768663,0.000000],[0.884290,0.088436,0.000000,0.005596,0.021678,0.000000],[0.082058,0.057891,0.000000,0.005382,0.854669,0.000000],[0.054653,0.071732,0.000000,0.005395,0.868221,0.000000],[0.815050,0.123809,0.000000,0.019669,0.041472,0.000000],[0.119077,0.133146,0.000000,0.019229,0.728547,0.000000],[0.841408,0.096542,0.000000,0.005921,0.056129,0.000000],[0.781058,0.160793,0.000000,0.009843,0.048306,0.000000],[0.805462,0.129321,0.000000,0.011184,0.054033,0.000000],[0.860389,0.086224,0.000000,0.010619,0.042767,0.000000],[0.922829,0.027127,0.017140,0.006593,0.026309,0.000000],[1.000000,0.000000,0.000000,0.000000,0.000000,0.000000]],
  [[1.000000,0.000000,0.000000,0.000000,0.000000,0.000000],[0.969259,0.009786,0.005184,0.002143,0.013629,0.000000],[0.025943,0.016185,0.000000,0.002655,0.955216,0.000000],[0.958432,0.020473,0.000000,0.003282,0.017813,0.000000],[0.029249,0.020990,0.000000,0.003394,0.946367,0.000000],[0.945049,0.029207,0.000000,0.004660,0.021085,0.000000],[0.946078,0.028266,0.000000,0.004567,0.021089,0.000000],[0.034458,0.026599,0.000000,0.004202,0.934741,0.000000],[0.946281,0.028140,0.000000,0.004545,0.021034,0.000000],[0.946187,0.028199,0.000000,0.004555,0.021059,0.000000],[0.946006,0.028305,0.000000,0.004575,0.021114,0.000000],[0.945069,0.029199,0.000000,0.004658,0.021074,0.000000],[0.032729,0.026547,0.000000,0.004201,0.936523,0.000000],[0.032731,0.026559,0.000000,0.004205,0.936505,0.000000],[0.945006,0.029243,0.000000,0.004666,0.021084,0.000000],[0.929232,0.039080,0.000000,0.006145,0.025544,0.000000],[0.900893,0.056206,0.000000,0.008740,0.034162,0.000000],[0.857534,0.088826,0.000000,0.010841,0.042800,0.000000],[0.803840,0.130320,0.000000,0.011281,0.054560,0.000000],[0.785083,0.137551,0.000000,0.010274,0.067092,0.000000],[0.805167,0.121624,0.000000,0.005752,0.067457,0.000000],[0.849481,0.096792,0.000000,0.005226,0.048501,0.000000],[0.842996,0.095182,0.000000,0.005839,0.055982,0.000000],[0.897230,0.074834,0.000000,0.005707,0.022229,0.000000],[0.854193,0.111225,0.000000,0.005999,0.028583,0.000000],[0.708999,0.162167,0.000000,0.033841,0.094993,0.000000],[0.100742,0.132693,0.000000,0.019730,0.746835,0.000000],[0.085534,0.132016,0.000000,0.005850,0.776600,0.000000],[0.801323,0.116851,0.000000,0.006677,0.075149,0.000000],[0.050471,0.064600,0.000000,0.005549,0.879380,0.000000],[0.912152,0.046440,0.000000,0.005621,0.035786,0.000000],[0.857136,0.095441,0.000000,0.019717,0.027706,0.000000],[0.077622,0.092298,0.000000,0.019261,0.810819,0.000000],[0.133032,0.174450,0.000000,0.019261,0.673256,0.000000],[0.758389,0.179734,0.000000,0.005902,0.055975,0.000000],[0.087173,0.106253,0.000000,0.009218,0.797355,0.000000],[0.857133,0.089044,0.000000,0.010872,0.042951,0.000000],[0.081022,0.082852,0.000000,0.009999,0.826126,0.000000],[0.922891,0.027097,0.017133,0.006588,0.026291,0.000000],[1.000000,0.000000,0.000000,0.000000,0.000000,0.000000]],
  [[1.000000,0.000000,0.000000,0.000000,0.000000,0.000000],[0.969112,0.009841,0.005174,0.002165,0.013708,0.000000],[0.961217,0.018583,0.000000,0.003002,0.017198,0.000000],[0.958299,0.020444,0.000000,0.003320,0.017937,0.000000],[0.953765,0.023286,0.000000,0.003801,0.019147,0.000000],[0.954134,0.023088,0.000000,0.003765,0.019013,0.000000],[0.954949,0.022747,0.000000,0.003682,0.018621,0.000000],[0.956744,0.021693,0.000000,0.003495,0.018068,0.000000],[0.956919,0.021594,0.000000,0.003478,0.018009,0.000000],[0.956659,0.021405,0.000000,0.003516,0.018419,0.000000],[0.953996,0.023050,0.000000,0.003751,0.019202,0.000000],[0.954095,0.023215,0.000000,0.003768,0.018923,0.000000],[0.953360,0.024058,0.000000,0.003754,0.018828,0.000000],[0.028327,0.021025,0.000000,0.003366,0.947281,0.000000],[0.945043,0.029220,0.000000,0.004662,0.021075,0.000000],[0.927488,0.040663,0.000000,0.006301,0.025549,0.000000],[0.056730,0.050875,0.000000,0.007962,0.884433,0.000000],[0.078866,0.085286,0.000000,0.010400,0.825448,0.000000],[0.802460,0.131152,0.000000,0.011360,0.055029,0.000000],[0.125804,0.134520,0.000000,0.009937,0.729739,0.000000],[0.465808,0.289028,0.000000,0.013221,0.231943,0.000000],[0.846322,0.085521,0.000000,0.005360,0.062797,0.000000],[0.869875,0.081845,0.000000,0.005894,0.042387,0.000000],[0.092717,0.090688,0.000000,0.005514,0.811081,0.000000],[0.803557,0.086836,0.000000,0.020504,0.089103,0.000000],[0.790943,0.149299,0.000000,0.007351,0.052406,0.000000],[0.723714,0.197238,0.000000,0.020604,0.058444,0.000000],[0.822930,0.126443,0.000000,0.006538,0.044089,0.000000],[0.835124,0.119932,0.000000,0.005933,0.039010,0.000000],[0.885261,0.080545,0.000000,0.005807,0.028387,0.000000],[0.898216,0.045700,0.000000,0.019530,0.036554,0.000000],[0.830766,0.107630,0.000000,0.005738,0.055866,0.000000],[0.763413,0.169153,0.000000,0.005332,0.062103,0.000000],[0.831648,0.114292,0.000000,0.005384,0.048677,0.000000],[0.805034,0.113641,0.000000,0.033088,0.048237,0.000000],[0.805563,0.112767,0.000000,0.009803,0.071867,0.000000],[0.857106,0.089720,0.000000,0.010847,0.042327,0.000000],[0.902323,0.055439,0.000000,0.008598,0.033640,0.000000],[0.922131,0.027281,0.017713,0.006606,0.026269,0.000000],[1.000000,0.000000,0.000000,0.000000,0.000000,0.000000]],
  [[1.000000,0.000000,0.000000,0.000000,0.000000,0.000000],[0.968874,0.009933,0.005178,0.002193,0.013822,0.000000],[0.961220,0.018576,0.000000,0.003001,0.017203,0.000000],[0.958312,0.020430,0.000000,0.003318,0.017940,0.000000],[0.958228,0.020486,0.000000,0.003328,0.017958,0.000000],[0.958122,0.020506,0.000000,0.003336,0.018036,0.000000],[0.961041,0.018808,0.000000,0.003059,0.017091,0.000000],[0.028572,0.015070,0.000000,0.002703,0.953655,0.000000],[0.000000,0.000000,0.000000,0.000000,0.000000,1.000000],[0.962558,0.017906,0.000000,0.002909,0.016628,0.000000],[0.958662,0.020207,0.000000,0.003282,0.017848,0.000000],[0.958598,0.020389,0.000000,0.003265,0.017748,0.000000],[0.026593,0.017789,0.000000,0.002906,0.952713,0.000000],[0.953835,0.023572,0.000000,0.003765,0.018828,0.000000],[0.945862,0.028395,0.000000,0.004591,0.021153,0.000000],[0.927573,0.040620,0.000000,0.006293,0.025513,0.000000],[0.056727,0.050870,0.000000,0.007961,0.884442,0.000000],[0.856932,0.089829,0.000000,0.010862,0.042377,0.000000],[0.803481,0.130557,0.000000,0.011305,0.054657,0.000000],[0.784767,0.137763,0.000000,0.010293,0.067177,0.000000],[0.788764,0.123106,0.000000,0.020735,0.067395,0.000000],[0.105756,0.096751,0.000000,0.018861,0.778632,0.000000],[0.827318,0.096717,0.000000,0.005944,0.070021,0.000000],[0.799866,0.123924,0.000000,0.005933,0.070278,0.000000],[0.746216,0.185199,0.000000,0.005513,0.063072,0.000000],[0.722529,0.189026,0.000000,0.006071,0.082374,0.000000],[0.691500,0.185848,0.000000,0.006502,0.116150,0.000000],[0.500717,0.256264,0.000000,0.040813,0.202206,0.000000],[0.842483,0.088446,0.000000,0.033357,0.035714,0.000000],[0.856730,0.081011,0.000000,0.019747,0.042513,0.000000],[0.870011,0.087612,0.000000,0.019573,0.022804,0.000000],[0.832419,0.078014,0.000000,0.019552,0.070015,0.000000],[0.820539,0.125221,0.000000,0.005285,0.048955,0.000000],[0.449565,0.321977,0.000000,0.011944,0.216514,0.000000],[0.791229,0.154625,0.000000,0.005337,0.048810,0.000000],[0.828624,0.113175,0.000000,0.009842,0.048359,0.000000],[0.857595,0.088787,0.000000,0.010834,0.042784,0.000000],[0.057384,0.050152,0.000000,0.007803,0.884660,0.000000],[0.942610,0.020568,0.011856,0.004735,0.020231,0.000000],[1.000000,0.000000,0.000000,0.000000,0.000000,0.000000]],
  [[1.000000,0.000000,0.000000,0.000000,0.000000,0.000000],[0.968044,0.010343,0.005391,0.002295,0.013927,0.000000],[0.961780,0.018326,0.000000,0.002939,0.016956,0.000000],[0.025609,0.016174,0.000000,0.002658,0.955558,0.000000],[0.026086,0.016401,0.000000,0.002706,0.954807,0.000000],[0.961180,0.018619,0.000000,0.002993,0.017208,0.000000],[0.964448,0.016839,0.000000,0.002667,0.016047,0.000000],[0.000000,0.000000,0.000000,0.000000,0.000000,1.000000],[0.000000,0.000000,0.000000,0.000000,0.000000,1.000000],[0.963833,0.017180,0.000000,0.002777,0.016210,0.000000],[0.026829,0.017595,0.000000,0.002869,0.952707,0.000000],[0.958398,0.020644,0.000000,0.003249,0.017709,0.000000],[0.026157,0.017667,0.000000,0.002871,0.953304,0.000000],[0.953361,0.024057,0.000000,0.003754,0.018828,0.000000],[0.945112,0.029181,0.000000,0.004655,0.021052,0.000000],[0.927567,0.040625,0.000000,0.006294,0.025514,0.000000],[0.902888,0.054455,0.000000,0.008549,0.034108,0.000000],[0.857748,0.088713,0.000000,0.010827,0.042713,0.000000],[0.807721,0.127148,0.000000,0.011048,0.054083,0.000000],[0.805088,0.128777,0.000000,0.011204,0.054931,0.000000],[0.860126,0.073021,0.000000,0.021270,0.045583,0.000000],[0.786773,0.123378,0.000000,0.005879,0.083970,0.000000],[0.841507,0.096558,0.000000,0.005930,0.056004,0.000000],[0.120742,0.132462,0.000000,0.019249,0.727547,0.000000],[0.830054,0.100941,0.000000,0.005496,0.063510,0.000000],[0.478227,0.236318,0.000000,0.026347,0.259107,0.000000],[0.749213,0.128741,0.000000,0.006411,0.115635,0.000000],[0.170464,0.118286,0.000000,0.005868,0.705382,0.000000],[0.732794,0.143183,0.000000,0.005486,0.118536,0.000000],[0.065776,0.118431,0.000000,0.005557,0.810236,0.000000],[0.855608,0.074032,0.000000,0.019616,0.050745,0.000000],[0.873782,0.092076,0.000000,0.005695,0.028446,0.000000],[0.779556,0.138768,0.000000,0.019119,0.062558,0.000000],[0.720089,0.170119,0.000000,0.033182,0.076610,0.000000],[0.105027,0.152243,0.000000,0.005101,0.737629,0.000000],[0.803582,0.114665,0.000000,0.033744,0.048009,0.000000],[0.857815,0.088643,0.000000,0.010814,0.042728,0.000000],[0.056539,0.050551,0.000000,0.007887,0.885023,0.000000],[0.941755,0.020961,0.012260,0.004806,0.020219,0.000000],[1.000000,0.000000,0.000000,0.000000,0.000000,0.000000]],
  [[1.000000,0.000000,0.000000,0.000000,0.000000,0.000000],[0.966236,0.011208,0.005846,0.002487,0.014222,0.000000],[0.026004,0.017428,0.000000,0.002816,0.953751,0.000000],[0.958412,0.020637,0.000000,0.003248,0.017703,0.000000],[0.958387,0.020387,0.000000,0.003309,0.017917,0.000000],[0.959206,0.019933,0.000000,0.003227,0.017634,0.000000],[0.026557,0.015416,0.000000,0.002652,0.955374,0.000000],[0.032747,0.014430,0.000000,0.002719,0.950104,0.000000],[0.000000,0.000000,0.000000,0.000000,0.000000,1.000000],[0.958619,0.020469,0.000000,0.003317,0.017595,0.000000],[0.955173,0.022607,0.000000,0.003658,0.018562,0.000000],[0.028648,0.020752,0.000000,0.003348,0.947252,0.000000],[0.953881,0.023542,0.000000,0.003760,0.018817,0.000000],[0.028319,0.021006,0.000000,0.003362,0.947313,0.000000],[0.032727,0.026542,0.000000,0.004200,0.936531,0.000000],[0.927486,0.040665,0.000000,0.006301,0.025548,0.000000],[0.906527,0.051676,0.000000,0.008197,0.033600,0.000000],[0.858869,0.087144,0.000000,0.010756,0.043231,0.000000],[0.079752,0.084753,0.000000,0.010293,0.825203,0.000000],[0.804067,0.130242,0.000000,0.011276,0.054415,0.000000],[0.771168,0.132379,0.000000,0.021230,0.075223,0.000000],[0.093280,0.077473,0.000000,0.005551,0.823696,0.000000],[0.814149,0.109744,0.000000,0.005904,0.070204,0.000000],[0.805207,0.127552,0.000000,0.006472,0.060769,0.000000],[0.747529,0.170437,0.000000,0.005440,0.076594,0.000000],[0.792139,0.106654,0.000000,0.033862,0.067346,0.000000],[0.748585,0.178051,0.000000,0.006012,0.067352,0.000000],[0.743756,0.159794,0.000000,0.006782,0.089668,0.000000],[0.885361,0.074829,0.000000,0.006662,0.033149,0.000000],[0.802718,0.143903,0.000000,0.006602,0.046777,0.000000],[0.827575,0.096119,0.000000,0.005930,0.070376,0.000000],[0.847265,0.099504,0.000000,0.006452,0.046779,0.000000],[0.781483,0.124221,0.000000,0.006250,0.088046,0.000000],[0.786740,0.137256,0.000000,0.005875,0.070129,0.000000],[0.064310,0.132938,0.000000,0.019209,0.783544,0.000000],[0.803446,0.139316,0.000000,0.009930,0.047307,0.000000],[0.857976,0.089188,0.000000,0.010772,0.042065,0.000000],[0.902793,0.055572,0.000000,0.008540,0.033095,0.000000],[0.038757,0.019996,0.011666,0.004626,0.924955,0.000000],[1.000000,0.000000,0.000000,0.000000,0.000000,0.000000]],
  [[1.000000,0.000000,0.000000,0.000000,0.000000,0.000000],[0.026953,0.012025,0.006043,0.002841,0.952139,0.000000],[0.028499,0.020517,0.000000,0.003292,0.947692,0.000000],[0.954330,0.023075,0.000000,0.003741,0.018854,0.000000],[0.954377,0.022948,0.000000,0.003738,0.018938,0.000000],[0.955329,0.022522,0.000000,0.003641,0.018507,0.000000],[0.957763,0.021460,0.000000,0.003314,0.017463,0.000000],[0.000000,0.000000,0.000000,0.000000,0.000000,1.000000],[0.958995,0.020426,0.000000,0.003256,0.017324,0.000000],[0.950844,0.024975,0.000000,0.004113,0.020068,0.000000],[0.945887,0.028735,0.000000,0.004574,0.020805,0.000000],[0.945207,0.029114,0.000000,0.004642,0.021037,0.000000],[0.944951,0.029564,0.000000,0.004632,0.020853,0.000000],[0.944859,0.029610,0.000000,0.004641,0.020890,0.000000],[0.032728,0.026549,0.000000,0.004202,0.936521,0.000000],[0.927684,0.040875,0.000000,0.006255,0.025186,0.000000],[0.903066,0.054357,0.000000,0.008532,0.034045,0.000000],[0.900914,0.056595,0.000000,0.008728,0.033763,0.000000],[0.857050,0.089757,0.000000,0.010853,0.042340,0.000000],[0.097048,0.123836,0.000000,0.010628,0.768489,0.000000],[0.805314,0.137072,0.000000,0.005732,0.051882,0.000000],[0.845094,0.100666,0.000000,0.005407,0.048832,0.000000],[0.830394,0.101807,0.000000,0.005415,0.062384,0.000000],[0.832059,0.128595,0.000000,0.006531,0.032816,0.000000],[0.786276,0.095897,0.000000,0.019809,0.098018,0.000000],[0.133642,0.119593,0.000000,0.005612,0.741153,0.000000],[0.106090,0.092074,0.000000,0.032914,0.768922,0.000000],[0.842337,0.095636,0.000000,0.005886,0.056141,0.000000],[0.120430,0.104734,0.000000,0.005550,0.769286,0.000000],[0.804007,0.114266,0.000000,0.005386,0.076341,0.000000],[0.092410,0.112156,0.000000,0.005200,0.790234,0.000000],[0.776371,0.141933,0.000000,0.005378,0.076317,0.000000],[0.830030,0.135850,0.000000,0.005781,0.028338,0.000000],[0.842951,0.073295,0.000000,0.005632,0.078122,0.000000],[0.898787,0.059682,0.000000,0.005594,0.035938,0.000000],[0.070171,0.074458,0.000000,0.009031,0.846340,0.000000],[0.858929,0.087979,0.000000,0.010723,0.042369,0.000000],[0.056485,0.050466,0.000000,0.007870,0.885180,0.000000],[0.941857,0.020916,0.012247,0.004796,0.020185,0.000000],[1.000000,0.000000,0.000000,0.000000,0.000000,0.000000]],
