[
  [[1.000000,0.000000,0.000000,0.000000,0.000000,0.000000],[1.000000,0.000000,0.000000,0.000000,0.000000,0.000000],[1.000000,0.000000,0.000000,0.000000,0.000000,0.000000],[1.000000,0.000000,0.000000,0.000000,0.000000,0.000000],[1.000000,0.000000,0.000000,0.000000,0.000000,0.000000],[1.000000,0.000000,0.000000,0.000000,0.000000,0.000000],[1.000000,0.000000,0.000000,0.000000,0.000000,0.000000],[1.000000,0.000000,0.000000,0.000000,0.000000,0.000000],[1.000000,0.000000,0.000000,0.000000,0.000000,0.000000],[1.000000,0.000000,0.000000,0.000000,0.000000,0.000000],[1.000000,0.000000,0.000000,0.000000,0.000000,0.000000],[1.000000,0.000000,0.000000,0.000000,0.000000,0.000000],[1.000000,0.000000,0.000000,0.000000,0.000000,0.000000],[1.000000,0.000000,0.000000,0.000000,0.000000,0.000000],[1.000000,0.000000,0.000000,0.000000,0.000000,0.000000],[1.000000,0.000000,0.000000,0.000000,0.000000,0.000000],[1.000000,0.000000,0.000000,0.000000,0.000000,0.000000],[1.000000,0.000000,0.000000,0.000000,0.000000,0.000000],[1.000000,0.000000,0.000000,0.000000,0.000000,0.000000],[1.000000,0.000000,0.000000,0.000000,0.000000,0.000000],[1.000000,0.000000,0.000000,0.000000,0.000000,0.000000],[1.000000,0.000000,0.000000,0.000000,0.000000,0.000000],[1.000000,0.000000,0.000000,0.000000,0.000000,0.000000],[1.000000,0.000000,0.000000,0.000000,0.000000,0.000000],[1.000000,0.000000,0.000000,0.000000,0.000000,0.000000],[1.000000,0.000000,0.000000,0.000000,0.000000,0.000000],[1.000000,0.000000,0.000000,0.000000,0.000000,0.000000],[1.000000,0.000000,0.000000,0.000000,0.000000,0.000000],[1.000000,0.000000,0.000000,0.000000,0.000000,0.000000],[1.000000,0.000000,0.000000,0.000000,0.000000,0.000000],[1.000000,0.000000,0.000000,0.000000,0.000000,0.000000],[1.000000,0.000000,0.000000,0.000000,0.000000,0.000000],[1.000000,0.000000,0.000000,0.000000,0.000000,0.000000],[1.000000,0.000000,0.000000,0.000000,0.000000,0.000000],[1.000000,0.000000,0.000000,0.000000,0.000000,0.000000],[1.000000,0.000000,0.000000,0.000000,0.000000,0.000000],[1.000000,0.000000,0.000000,0.000000,0.000000,0.000000],[1.000000,0.000000,0.000000,0.000000,0.000000,0.000000],[1.000000,0.000000,0.000000,0.000000,0.000000,0.000000],[1.000000,0.000000,0.000000,0.000000,0.000000,0.000000]],
  [[1.000000,0.000000,0.000000,0.000000,0.000000,0.000000],[0.965483,0.010903,0.006078,0.002349,0.015187,0.000000],[0.962086,0.012426,0.006662,0.002630,0.016196,0.000000],[0.962068,0.012437,0.006664,0.002632,0.016200,0.000000],[0.022423,0.008833,0.004979,0.001986,0.961779,0.000000],[1.000000,0.000000,0.000000,0.000000,0.000000,0.000000],[0.955450,0.015370,0.008259,0.003291,0.017631,0.000000],[0.036313,0.019310,0.011469,0.004185,0.928723,0.000000],[0.919363,0.028193,0.018476,0.006540,0.027428,0.000000],[0.919884,0.028084,0.017927,0.006544,0.027561,0.000000],[0.919692,0.028173,0.017951,0.006561,0.027624,0.000000],[0.920037,0.028202,0.017449,0.006597,0.027715,0.000000],[0.919597,0.028227,0.017959,0.006571,0.027646,0.000000],[0.919587,0.028230,0.017961,0.006572,0.027650,0.000000],[0.919646,0.028204,0.017953,0.006566,0.027630,0.000000],[0.919806,0.028140,0.017931,0.006553,0.027570,0.000000],[0.917369,0.029000,0.019282,0.006698,0.027650,0.000000],[0.047742,0.026218,0.018435,0.005963,0.901642,0.000000],[0.048188,0.026288,0.017937,0.005943,0.901644,0.000000],[0.919740,0.028181,0.017936,0.006559,0.027584,0.000000],[0.919558,0.028258,0.017961,0.006575,0.027648,0.000000],[0.048722,0.026127,0.016746,0.005891,0.902513,0.000000],[0.833536,0.043042,0.080716,0.008361,0.034346,0.000000],[0.809801,0.062585,0.073110,0.009276,0.045228,0.000000],[0.104455,0.066631,0.077302,0.009011,0.742601,0.000000],[0.106471,0.068122,0.077937,0.009153,0.738316,0.000000],[0.787551,0.067282,0.076970,0.009111,0.059086,0.000000],[0.807489,0.063866,0.072569,0.009499,0.046577,0.000000],[0.850989,0.040652,0.067209,0.007828,0.033322,0.000000],[1.000000,0.000000,0.000000,0.000000,0.000000,0.000000],[1.000000,0.000000,0.000000,0.000000,0.000000,0.000000],[1.000000,0.000000,0.000000,0.000000,0.000000,0.000000],[1.000000,0.000000,0.000000,0.000000,0.000000,0.000000],[1.000000,0.000000,0.000000,0.000000,0.000000,0.000000],[0.942959,0.020226,0.011342,0.004460,0.021013,0.000000],[0.950155,0.017674,0.009554,0.003758,0.018858,0.000000],[0.956578,0.014897,0.007847,0.003162,0.017516,0.000000],[0.961404,0.012743,0.006726,0.002703,0.016424,0.000000],[0.966918,0.010168,0.005778,0.002203,0.014934,0.000000],[1.000000,0.000000,0.000000,0.000000,0.000000,0.000000]],
  [[1.000000,0.000000,0.000000,0.000000,0.000000,0.000000],[0.025391,0.011805,0.006203,0.002515,0.954085,0.000000],[0.951956,0.023868,0.000000,0.003740,0.020435,0.000000],[0.952120,0.023909,0.000000,0.003724,0.020248,0.000000],[0.957953,0.014245,0.007708,0.003002,0.017091,0.000000],[1.000000,0.000000,0.000000,0.000000,0.000000,0.000000],[0.953276,0.016307,0.008844,0.003480,0.018093,0.000000],[0.932873,0.030639,0.007202,0.005176,0.024109,0.000000],[0.900060,0.056777,0.000000,0.008573,0.034590,0.000000],[0.081296,0.082876,0.000000,0.009899,0.825929,0.000000],[0.857969,0.087376,0.000000,0.010616,0.044039,0.000000],[0.861009,0.084330,0.000000,0.010369,0.044292,0.000000],[0.856722,0.088139,0.000000,0.010722,0.044418,0.000000],[0.080019,0.084688,0.000000,0.010169,0.825124,0.000000],[0.856220,0.089360,0.000000,0.010747,0.043673,0.000000],[0.856403,0.089257,0.000000,0.010732,0.043608,0.000000],[0.079000,0.086315,0.000000,0.010384,0.824301,0.000000],[0.078534,0.088190,0.000000,0.010146,0.823130,0.000000],[0.856678,0.090917,0.000000,0.010545,0.041859,0.000000],[0.855731,0.089673,0.000000,0.010789,0.043807,0.000000],[0.855443,0.089856,0.000000,0.010815,0.043886,0.000000],[0.855334,0.089942,0.000000,0.010828,0.043896,0.000000],[0.854109,0.091891,0.000000,0.010835,0.043164,0.000000],[0.098522,0.125736,0.000000,0.010724,0.765018,0.000000],[0.756062,0.155370,0.000000,0.011454,0.077114,0.000000],[0.481966,0.256601,0.000000,0.025757,0.235676,0.000000],[0.145540,0.151479,0.000000,0.011457,0.691525,0.000000],[0.775007,0.145439,0.000000,0.012911,0.066643,0.000000],[0.816442,0.103395,0.022502,0.009430,0.048231,0.000000],[0.834194,0.046012,0.075812,0.008524,0.035457,0.000000],[0.833841,0.042925,0.080621,0.008340,0.034273,0.000000],[0.058799,0.033315,0.055186,0.006722,0.845978,0.000000],[1.000000,0.000000,0.000000,0.000000,0.000000,0.000000],[0.924222,0.026543,0.016382,0.006102,0.026751,0.000000],[0.041468,0.028254,0.005730,0.004562,0.919985,0.000000],[0.942117,0.030445,0.000000,0.004709,0.022729,0.000000],[0.950296,0.024756,0.000000,0.003903,0.021045,0.000000],[0.954405,0.022047,0.000000,0.003458,0.020090,0.000000],[0.961360,0.012760,0.006733,0.002707,0.016440,0.000000],[1.000000,0.000000,0.000000,0.000000,0.000000,0.000000]],
  [[1.000000,0.000000,0.000000,0.000000,0.000000,0.000000],[0.950639,0.017492,0.009616,0.003685,0.018568,0.000000],[0.941953,0.031100,0.000000,0.004620,0.022326,0.000000],[0.942237,0.030676,0.000000,0.004654,0.022433,0.000000],[0.028462,0.014557,0.008159,0.003097,0.945726,0.000000],[1.000000,0.000000,0.000000,0.000000,0.000000,0.000000],[1.000000,0.000000,0.000000,0.000000,0.000000,0.000000],[0.041736,0.028091,0.005624,0.004511,0.920038,0.000000],[0.908074,0.051595,0.000000,0.007836,0.032495,0.000000],[0.862958,0.084374,0.000000,0.010234,0.042434,0.000000],[0.811903,0.122570,0.000000,0.010734,0.054793,0.000000],[0.806878,0.127263,0.000000,0.010926,0.054934,0.000000],[0.801802,0.131233,0.000000,0.011238,0.055727,0.000000],[0.800111,0.133201,0.000000,0.011347,0.055341,0.000000],[0.095764,0.123825,0.000000,0.010582,0.769829,0.000000],[0.801113,0.132683,0.000000,0.011301,0.054903,0.000000],[0.799171,0.134562,0.000000,0.011272,0.054994,0.000000],[0.096350,0.126005,0.000000,0.010692,0.766953,0.000000],[0.095818,0.125624,0.000000,0.010664,0.767893,0.000000],[0.779112,0.144023,0.000000,0.012687,0.064178,0.000000],[0.799182,0.133114,0.000000,0.011435,0.056269,0.000000],[0.098964,0.124391,0.000000,0.010666,0.765980,0.000000],[0.796336,0.136398,0.000000,0.011458,0.055808,0.000000],[0.110193,0.135749,0.000000,0.011962,0.742096,0.000000],[0.750761,0.158325,0.000000,0.011773,0.079141,0.000000],[0.721081,0.173750,0.000000,0.012564,0.092605,0.000000],[0.721414,0.173827,0.000000,0.012531,0.092229,0.000000],[0.735608,0.165514,0.000000,0.012426,0.086452,0.000000],[0.110884,0.136028,0.000000,0.011970,0.741118,0.000000],[0.098873,0.123831,0.000000,0.010589,0.766707,0.000000],[0.804101,0.129942,0.000000,0.011109,0.054848,0.000000],[0.815774,0.065842,0.063807,0.009131,0.045447,0.000000],[1.000000,0.000000,0.000000,0.000000,0.000000,0.000000],[0.049859,0.028887,0.014392,0.006114,0.900748,0.000000],[0.924614,0.042242,0.000000,0.006318,0.026826,0.000000],[0.034895,0.027266,0.000000,0.004242,0.933597,0.000000],[0.948917,0.025475,0.000000,0.004036,0.021572,0.000000],[0.949762,0.024930,0.000000,0.003931,0.021377,0.000000],[0.960644,0.013062,0.006828,0.002769,0.016698,0.000000],[1.000000,0.000000,0.000000,0.000000,0.000000,0.000000]],
  [[1.000000,0.000000,0.000000,0.000000,0.000000,0.000000],[0.035660,0.019332,0.011611,0.004177,0.929220,0.000000],[0.042450,0.038353,0.000000,0.005746,0.913452,0.000000],[0.041274,0.027821,0.006044,0.004609,0.920252,0.000000],[0.936884,0.022628,0.013606,0.004932,0.021950,0.000000],[1.000000,0.000000,0.000000,0.000000,0.000000,0.000000],[0.941419,0.020822,0.011933,0.004562,0.021263,0.000000],[0.937602,0.027178,0.007280,0.004947,0.022993,0.000000],[0.054744,0.041549,0.000000,0.006826,0.896881,0.000000],[0.000000,0.000000,0.000000,0.000000,0.000000,1.000000],[0.095990,0.097466,0.000000,0.009317,0.797227,0.000000],[0.793850,0.129778,0.000000,0.009734,0.066638,0.000000],[0.780580,0.141640,0.000000,0.010233,0.067547,0.000000],[0.122873,0.134432,0.000000,0.009745,0.732951,0.000000],[0.799477,0.134294,0.000000,0.011247,0.054982,0.000000],[0.097666,0.124871,0.000000,0.010651,0.766811,0.000000],[0.776770,0.144335,0.000000,0.010485,0.068410,0.000000],[0.773750,0.146515,0.000000,0.010587,0.069148,0.000000],[0.123079,0.137978,0.000000,0.010089,0.728854,0.000000],[0.111663,0.137949,0.000000,0.012183,0.738205,0.000000],[0.773763,0.145110,0.000000,0.010734,0.070394,0.000000],[0.773037,0.145415,0.000000,0.010754,0.070795,0.000000],[0.122666,0.137484,0.000000,0.010047,0.729803,0.000000],[0.772878,0.147865,0.000000,0.013053,0.066204,0.000000],[0.769066,0.150082,0.000000,0.013255,0.067597,0.000000],[0.144641,0.148496,0.000000,0.011237,0.695625,0.000000],[0.494295,0.238288,0.000000,0.025184,0.242233,0.000000],[0.152685,0.145635,0.000000,0.011861,0.689819,0.000000],[0.769670,0.143365,0.000000,0.011000,0.075965,0.000000],[0.777755,0.143424,0.000000,0.010388,0.068433,0.000000],[0.783577,0.138975,0.000000,0.010192,0.067255,0.000000],[0.817218,0.102927,0.022408,0.009389,0.048059,0.000000],[0.067434,0.066247,0.020991,0.007810,0.837518,0.000000],[0.904873,0.045757,0.008721,0.007571,0.033078,0.000000],[0.924137,0.042783,0.000000,0.006304,0.026776,0.000000],[0.940090,0.031839,0.000000,0.004869,0.023202,0.000000],[0.940162,0.031792,0.000000,0.004860,0.023186,0.000000],[0.950131,0.024865,0.000000,0.003922,0.021081,0.000000],[0.956970,0.014731,0.007796,0.003114,0.017388,0.000000],[1.000000,0.000000,0.000000,0.000000,0.000000,0.000000]],
  [[1.000000,0.000000,0.000000,0.000000,0.000000,0.000000],[0.919635,0.028097,0.018432,0.006519,0.027317,0.000000],[0.905214,0.045855,0.008493,0.007602,0.032836,0.000000],[0.049775,0.028749,0.014373,0.006087,0.901016,0.000000],[1.000000,0.000000,0.000000,0.000000,0.000000,0.000000],[0.048658,0.026587,0.012026,0.005570,0.907159,0.000000],[0.050916,0.029077,0.006068,0.005144,0.908795,0.000000],[0.000000,0.000000,0.000000,0.000000,0.000000,1.000000],[0.054605,0.041363,0.000000,0.006792,0.897240,0.000000],[0.000000,0.000000,0.000000,0.000000,0.000000,1.000000],[0.000000,0.000000,0.000000,0.000000,0.000000,1.000000],[0.124113,0.104508,0.000000,0.008726,0.762652,0.000000],[0.526007,0.203798,0.000000,0.024314,0.245881,0.000000],[0.119384,0.116668,0.000000,0.009154,0.754793,0.000000],[0.807934,0.125795,0.000000,0.010925,0.055346,0.000000],[0.798654,0.133240,0.000000,0.011436,0.056670,0.000000],[0.127323,0.138479,0.000000,0.010111,0.724088,0.000000],[0.486515,0.252659,0.000000,0.024291,0.236535,0.000000],[0.747154,0.160654,0.000000,0.011981,0.080212,0.000000],[0.740901,0.166111,0.000000,0.014809,0.078178,0.000000],[0.742603,0.163115,0.000000,0.012183,0.082099,0.000000],[0.482311,0.255359,0.000000,0.025553,0.236776,0.000000],[0.752371,0.157214,0.000000,0.011672,0.078742,0.000000],[0.099240,0.126940,0.000000,0.010856,0.762965,0.000000],[0.796373,0.135581,0.000000,0.011576,0.056470,0.000000],[0.789437,0.131511,0.000000,0.009984,0.069069,0.000000],[0.803362,0.118601,0.000000,0.009444,0.068593,0.000000],[0.000000,0.000000,0.000000,0.000000,0.000000,1.000000],[0.798090,0.117039,0.000000,0.009741,0.075130,0.000000],[0.517165,0.207717,0.000000,0.022648,0.252470,0.000000],[0.121206,0.125688,0.000000,0.009567,0.743539,0.000000],[0.799036,0.133897,0.000000,0.011409,0.055659,0.000000],[0.853927,0.090787,0.000000,0.010948,0.044338,0.000000],[0.896953,0.058093,0.000000,0.008897,0.036056,0.000000],[0.042324,0.036638,0.000000,0.005644,0.915394,0.000000],[0.042286,0.036565,0.000000,0.005632,0.915517,0.000000],[0.940035,0.031865,0.000000,0.004873,0.023227,0.000000],[0.034758,0.027062,0.000000,0.004196,0.933984,0.000000],[0.950512,0.017509,0.009528,0.003694,0.018757,0.000000],[1.000000,0.000000,0.000000,0.000000,0.000000,0.000000]],
  [[1.000000,0.000000,0.000000,0.000000,0.000000,0.000000],[0.920684,0.027783,0.017806,0.006477,0.027249,0.000000],[0.837360,0.044691,0.074949,0.008329,0.034671,0.000000],[1.000000,0.000000,0.000000,0.000000,0.000000,0.000000],[0.832745,0.043155,0.081950,0.008356,0.033794,0.000000],[0.868653,0.058497,0.028545,0.008262,0.036043,0.000000],[0.000000,0.000000,0.000000,0.000000,0.000000,1.000000],[0.866401,0.081042,0.000000,0.009956,0.042600,0.000000],[0.867416,0.080445,0.000000,0.009874,0.042265,0.000000],[0.081068,0.066060,0.000000,0.008821,0.844051,0.000000],[0.000000,0.000000,0.000000,0.000000,0.000000,1.000000],[0.000000,0.000000,0.000000,0.000000,0.000000,1.000000],[0.000000,0.000000,0.000000,0.000000,0.000000,1.000000],[0.000000,0.000000,0.000000,0.000000,0.000000,1.000000],[0.815852,0.117474,0.000000,0.010584,0.056090,0.000000],[0.788834,0.133433,0.000000,0.012273,0.065460,0.000000],[0.769291,0.141889,0.000000,0.011089,0.077731,0.000000],[0.750358,0.157262,0.000000,0.011899,0.080480,0.000000],[0.733566,0.165770,0.000000,0.012763,0.087901,0.000000],[0.173439,0.169831,0.000000,0.013826,0.642905,0.000000],[0.163630,0.164975,0.000000,0.012218,0.659177,0.000000],[0.737862,0.158563,0.000000,0.012023,0.091551,0.000000],[0.767472,0.143650,0.000000,0.011134,0.077745,0.000000],[0.095498,0.114282,0.000000,0.010316,0.779904,0.000000],[0.810059,0.123754,0.000000,0.010851,0.055336,0.000000],[0.815676,0.116484,0.000000,0.010642,0.057199,0.000000],[0.000000,0.000000,0.000000,0.000000,0.000000,1.000000],[0.000000,0.000000,0.000000,0.000000,0.000000,1.000000],[0.000000,0.000000,0.000000,0.000000,0.000000,1.000000],[0.000000,0.000000,0.000000,0.000000,0.000000,1.000000],[0.772738,0.141672,0.000000,0.010869,0.074721,0.000000],[0.097341,0.124313,0.000000,0.010598,0.767749,0.000000],[0.853308,0.091783,0.000000,0.010972,0.043938,0.000000],[0.896470,0.058335,0.000000,0.008944,0.036251,0.000000],[0.896955,0.058471,0.000000,0.008884,0.035690,0.000000],[0.922787,0.042884,0.000000,0.006525,0.027805,0.000000],[0.923267,0.042940,0.000000,0.006447,0.027346,0.000000],[0.042089,0.036254,0.000000,0.005561,0.916096,0.000000],[0.938969,0.021768,0.012686,0.004768,0.021809,0.000000],[1.000000,0.000000,0.000000,0.000000,0.000000,0.000000]],
  [[1.000000,0.000000,0.000000,0.000000,0.000000,0.000000],[0.920581,0.027819,0.017824,0.006486,0.027291,0.000000],[0.060821,0.039143,0.071249,0.007335,0.821452,0.000000],[1.000000,0.000000,0.000000,0.000000,0.000000,0.000000],[0.808846,0.062971,0.073345,0.009328,0.045510,0.000000],[0.096199,0.114996,0.000000,0.010378,0.778427,0.000000],[0.787351,0.135406,0.000000,0.012374,0.064868,0.000000],[0.789407,0.133174,0.000000,0.012243,0.065176,0.000000],[0.098595,0.123072,0.000000,0.010506,0.767827,0.000000],[0.816054,0.117380,0.000000,0.010567,0.055999,0.000000],[0.000000,0.000000,0.000000,0.000000,0.000000,1.000000],[0.830566,0.103401,0.000000,0.009752,0.056281,0.000000],[0.825629,0.108989,0.000000,0.010064,0.055318,0.000000],[0.090738,0.105711,0.000000,0.009705,0.793846,0.000000],[0.818200,0.116704,0.000000,0.010440,0.054656,0.000000],[0.000000,0.000000,0.000000,0.000000,0.000000,1.000000],[0.770314,0.141180,0.000000,0.011023,0.077483,0.000000],[0.764706,0.144406,0.000000,0.011302,0.079587,0.000000],[0.153661,0.147891,0.000000,0.012084,0.686364,0.000000],[0.742593,0.152170,0.000000,0.012459,0.092778,0.000000],[0.494108,0.238151,0.000000,0.025181,0.242560,0.000000],[0.781080,0.129012,0.000000,0.010545,0.079363,0.000000],[0.000000,0.000000,0.000000,0.000000,0.000000,1.000000],[0.820542,0.111210,0.000000,0.010395,0.057852,0.000000],[0.865336,0.079918,0.000000,0.010151,0.044595,0.000000],[0.000000,0.000000,0.000000,0.000000,0.000000,1.000000],[0.094321,0.100674,0.000000,0.009391,0.795614,0.000000],[0.134265,0.123755,0.000000,0.010063,0.731917,0.000000],[0.786903,0.126439,0.000000,0.010376,0.076282,0.000000],[0.781581,0.130791,0.000000,0.010510,0.077118,0.000000],[0.784362,0.137273,0.000000,0.012558,0.065807,0.000000],[0.097889,0.123329,0.000000,0.010563,0.768218,0.000000],[0.852509,0.092276,0.000000,0.011040,0.044175,0.000000],[0.081896,0.084108,0.000000,0.010103,0.823893,0.000000],[0.898315,0.056639,0.000000,0.008768,0.036277,0.000000],[0.902180,0.053719,0.000000,0.008392,0.035709,0.000000],[0.898994,0.056245,0.000000,0.008695,0.036066,0.000000],[0.900667,0.055354,0.000000,0.008531,0.035448,0.000000],[0.919772,0.028145,0.017938,0.006556,0.027589,0.000000],[1.000000,0.000000,0.000000,0.000000,0.000000,0.000000]],
  [[1.000000,0.000000,0.000000,0.000000,0.000000,0.000000],[0.919601,0.028122,0.018434,0.006523,0.027320,0.000000],[0.835877,0.045285,0.075377,0.008419,0.035042,0.000000],[1.000000,0.000000,0.000000,0.000000,0.000000,0.000000],[0.785747,0.073561,0.072600,0.009285,0.058807,0.000000],[0.126385,0.138901,0.000000,0.010137,0.724577,0.000000],[0.756845,0.153457,0.000000,0.011580,0.078117,0.000000],[0.761272,0.149801,0.000000,0.011438,0.077489,0.000000],[0.779134,0.140514,0.000000,0.010441,0.069912,0.000000],[0.790933,0.130721,0.000000,0.009916,0.068430,0.000000],[0.814531,0.118558,0.000000,0.010642,0.056270,0.000000],[0.862022,0.084401,0.000000,0.010352,0.043224,0.000000],[0.078599,0.085599,0.000000,0.010282,0.825520,0.000000],[0.858032,0.090062,0.000000,0.010432,0.041475,0.000000],[0.076627,0.080979,0.000000,0.009949,0.832446,0.000000],[0.095739,0.114304,0.000000,0.010314,0.779643,0.000000],[0.787064,0.132790,0.000000,0.010087,0.070059,0.000000],[0.502628,0.228861,0.000000,0.023198,0.245314,0.000000],[0.000000,0.000000,0.000000,0.000000,0.000000,1.000000],[0.776475,0.135227,0.000000,0.010762,0.077536,0.000000],[0.000000,0.000000,0.000000,0.000000,0.000000,1.000000],[0.804668,0.117391,0.000000,0.009297,0.068644,0.000000],[0.000000,0.000000,0.000000,0.000000,0.000000,1.000000],[0.000000,0.000000,0.000000,0.000000,0.000000,1.000000],[0.864848,0.079204,0.000000,0.010196,0.045752,0.000000],[0.859576,0.084779,0.000000,0.010569,0.045076,0.000000],[0.806350,0.127336,0.000000,0.011027,0.055287,0.000000],[0.124780,0.138386,0.000000,0.010099,0.726735,0.000000],[0.482671,0.255349,0.000000,0.025641,0.236339,0.000000],[0.760136,0.148898,0.000000,0.011542,0.079424,0.000000],[0.769925,0.148716,0.000000,0.013243,0.068116,0.000000],[0.795916,0.135203,0.000000,0.011641,0.057240,0.000000],[0.798629,0.134404,0.000000,0.011476,0.055490,0.000000],[0.853022,0.091385,0.000000,0.011033,0.044561,0.000000],[0.854135,0.090708,0.000000,0.010940,0.044217,0.000000],[0.855451,0.088975,0.000000,0.010847,0.044727,0.000000],[0.859917,0.085049,0.000000,0.010478,0.044556,0.000000],[0.861700,0.083986,0.000000,0.010325,0.043990,0.000000],[0.920215,0.028125,0.017426,0.006583,0.027652,0.000000],[1.000000,0.000000,0.000000,0.000000,0.000000,0.000000]],
  [[1.000000,0.000000,0.000000,0.000000,0.000000,0.000000],[0.920048,0.028070,0.017887,0.006534,0.027461,0.000000],[0.067803,0.063845,0.020782,0.007620,0.839949,0.000000],[0.814349,0.104431,0.022846,0.009540,0.048834,0.000000],[0.107451,0.108106,0.019776,0.008520,0.756146,0.000000],[0.485304,0.254912,0.000000,0.024710,0.235075,0.000000],[0.750279,0.157420,0.000000,0.011922,0.080379,0.000000],[0.754789,0.153691,0.000000,0.011776,0.079744,0.000000],[0.500024,0.235815,0.000000,0.022687,0.241474,0.000000],[0.780019,0.140033,0.000000,0.010405,0.069543,0.000000],[0.803277,0.129586,0.000000,0.011158,0.055979,0.000000],[0.854455,0.091054,0.000000,0.010865,0.043625,0.000000],[0.057657,0.051355,0.000000,0.007940,0.883048,0.000000],[0.057900,0.052469,0.000000,0.008028,0.881603,0.000000],[0.854807,0.091428,0.000000,0.010775,0.042991,0.000000],[0.800305,0.133119,0.000000,0.011337,0.055239,0.000000],[0.779495,0.142620,0.000000,0.010330,0.067555,0.000000],[0.789450,0.131436,0.000000,0.009975,0.069140,0.000000],[0.773246,0.140387,0.000000,0.010866,0.075501,0.000000],[0.796597,0.127153,0.000000,0.011864,0.064386,0.000000],[0.105498,0.124092,0.000000,0.011430,0.758980,0.000000],[0.797343,0.127385,0.000000,0.011766,0.063507,0.000000],[0.795598,0.127704,0.000000,0.011913,0.064785,0.000000],[0.813005,0.118147,0.000000,0.010808,0.058039,0.000000],[0.791243,0.132138,0.000000,0.012152,0.064467,0.000000],[0.801131,0.130972,0.000000,0.011298,0.056599,0.000000],[0.771469,0.148662,0.000000,0.013129,0.066740,0.000000],[0.141530,0.149492,0.000000,0.011330,0.697648,0.000000],[0.730301,0.167858,0.000000,0.012950,0.088891,0.000000],[0.729289,0.166811,0.000000,0.012494,0.091406,0.000000],[0.752780,0.155038,0.000000,0.011902,0.080280,0.000000],[0.125761,0.138255,0.000000,0.010121,0.725863,0.000000],[0.775340,0.145674,0.000000,0.012968,0.066018,0.000000],[0.813112,0.105281,0.022987,0.009631,0.048990,0.000000],[0.084209,0.064826,0.043430,0.008638,0.798897,0.000000],[0.814223,0.066510,0.064183,0.009222,0.045862,0.000000],[0.820050,0.101493,0.021976,0.009252,0.047228,0.000000],[0.857361,0.088728,0.000000,0.010656,0.043255,0.000000],[0.920039,0.028047,0.017897,0.006533,0.027484,0.000000],[1.000000,0.000000,0.000000,0.000000,0.000000,0.000000]],
  [[1.000000,0.000000,0.000000,0.000000,0.000000,0.000000],[0.918973,0.028393,0.018519,0.006578,0.027537,0.000000],[0.855585,0.089807,0.000000,0.010806,0.043802,0.000000],[0.799732,0.132807,0.000000,0.011402,0.056060,0.000000],[0.779458,0.140608,0.000000,0.010466,0.069468,0.000000],[0.769160,0.148995,0.000000,0.010883,0.070961,0.000000],[0.139436,0.148953,0.000000,0.011293,0.700318,0.000000],[0.751612,0.158028,0.000000,0.011758,0.078602,0.000000],[0.775690,0.142741,0.000000,0.010645,0.070924,0.000000],[0.779119,0.141805,0.000000,0.010447,0.068630,0.000000],[0.097984,0.123139,0.000000,0.010539,0.768338,0.000000],[0.853930,0.091402,0.000000,0.010917,0.043751,0.000000],[0.897257,0.058299,0.000000,0.008851,0.035592,0.000000],[0.897338,0.058251,0.000000,0.008843,0.035568,0.000000],[0.854410,0.091111,0.000000,0.010876,0.043603,0.000000],[0.098162,0.119775,0.000000,0.010307,0.771756,0.000000],[0.801996,0.131293,0.000000,0.011252,0.055459,0.000000],[0.099872,0.121531,0.000000,0.010474,0.768123,0.000000],[0.799950,0.133341,0.000000,0.011359,0.055350,0.000000],[0.096748,0.123663,0.000000,0.010530,0.769059,0.000000],[0.798811,0.134711,0.000000,0.011284,0.055194,0.000000],[0.123508,0.135730,0.000000,0.009868,0.730894,0.000000],[0.126605,0.137047,0.000000,0.009979,0.726369,0.000000],[0.780925,0.139470,0.000000,0.010362,0.069244,0.000000],[0.776603,0.144618,0.000000,0.012855,0.065923,0.000000],[0.125880,0.137587,0.000000,0.010050,0.726484,0.000000],[0.750925,0.158390,0.000000,0.011792,0.078892,0.000000],[0.754367,0.154247,0.000000,0.011842,0.079544,0.000000],[0.747420,0.159905,0.000000,0.014710,0.077965,0.000000],[0.754740,0.152607,0.000000,0.011889,0.080763,0.000000],[0.482499,0.254894,0.000000,0.025537,0.237070,0.000000],[0.769117,0.149525,0.000000,0.010860,0.070498,0.000000],[0.111944,0.140507,0.000000,0.012479,0.735070,0.000000],[0.772822,0.121727,0.029329,0.010019,0.066103,0.000000],[1.000000,0.000000,0.000000,0.000000,0.000000,0.000000],[1.000000,0.000000,0.000000,0.000000,0.000000,0.000000],[0.081001,0.063203,0.057037,0.008657,0.790102,0.000000],[0.066643,0.066095,0.021345,0.007799,0.838118,0.000000],[0.919889,0.027975,0.018402,0.006497,0.027237,0.000000],[1.000000,0.000000,0.000000,0.000000,0.000000,0.000000]],
  [[1.000000,0.000000,0.000000,0.000000,0.000000,0.000000],[0.048235,0.026316,0.017330,0.005929,0.902191,0.000000],[0.855582,0.089800,0.000000,0.010808,0.043810,0.000000],[0.808777,0.124715,0.000000,0.010923,0.055585,0.000000],[0.786647,0.136196,0.000000,0.012315,0.064842,0.000000],[0.772565,0.147226,0.000000,0.013113,0.067095,0.000000],[0.123905,0.147279,0.000000,0.013528,0.715289,0.000000],[0.123039,0.146209,0.000000,0.013424,0.717328,0.000000],[0.773678,0.147364,0.000000,0.013004,0.065954,0.000000],[0.797196,0.135195,0.000000,0.011545,0.056064,0.000000],[0.096327,0.123381,0.000000,0.010512,0.769781,0.000000],[0.854484,0.090431,0.000000,0.010905,0.044180,0.000000],[0.896877,0.058100,0.000000,0.008901,0.036122,0.000000],[0.058528,0.051086,0.000000,0.007888,0.882498,0.000000],[0.854701,0.090952,0.000000,0.010856,0.043491,0.000000],[0.855136,0.089117,0.000000,0.010869,0.044878,0.000000],[0.853866,0.090790,0.000000,0.010954,0.044391,0.000000],[0.854340,0.089587,0.000000,0.010934,0.045139,0.000000],[0.853320,0.091771,0.000000,0.010969,0.043940,0.000000],[0.080625,0.085701,0.000000,0.010332,0.823341,0.000000],[0.797118,0.135131,0.000000,0.011534,0.056216,0.000000],[0.777030,0.142865,0.000000,0.010534,0.069571,0.000000],[0.488860,0.250171,0.000000,0.023982,0.236986,0.000000],[0.776527,0.142185,0.000000,0.010596,0.070692,0.000000],[0.772446,0.147198,0.000000,0.013105,0.067252,0.000000],[0.126525,0.139752,0.000000,0.010236,0.723487,0.000000],[0.484617,0.255274,0.000000,0.024785,0.235324,0.000000],[0.771221,0.145587,0.000000,0.010901,0.072291,0.000000],[0.777241,0.142180,0.000000,0.012907,0.067673,0.000000],[0.777927,0.140294,0.000000,0.010621,0.071158,0.000000],[0.774613,0.143558,0.000000,0.010727,0.071102,0.000000],[0.124041,0.138063,0.000000,0.010106,0.727791,0.000000],[0.113132,0.140647,0.000000,0.012457,0.733764,0.000000],[0.768761,0.123660,0.029433,0.010183,0.067963,0.000000],[0.461288,0.086357,0.211317,0.019797,0.221241,0.000000],[0.774653,0.072220,0.080170,0.009598,0.063358,0.000000],[1.000000,0.000000,0.000000,0.000000,0.000000,0.000000],[0.058186,0.039119,0.077443,0.007402,0.817850,0.000000],[0.930151,0.024425,0.014258,0.005599,0.025567,0.000000],[1.000000,0.000000,0.000000,0.000000,0.000000,0.000000]],
  [[1.000000,0.000000,0.000000,0.000000,0.000000,0.000000],[0.059129,0.039174,0.074980,0.007372,0.819345,0.000000],[0.854519,0.091074,0.000000,0.010862,0.043545,0.000000],[0.851456,0.091293,0.000000,0.011170,0.046081,0.000000],[0.799095,0.132391,0.000000,0.011445,0.057069,0.000000],[0.775808,0.143785,0.000000,0.010621,0.069787,0.000000],[0.775551,0.145161,0.000000,0.010518,0.068770,0.000000],[0.122835,0.137305,0.000000,0.010031,0.729829,0.000000],[0.796266,0.136430,0.000000,0.011462,0.055842,0.000000],[0.080821,0.086019,0.000000,0.010379,0.822780,0.000000],[0.853852,0.090816,0.000000,0.010959,0.044372,0.000000],[0.855502,0.088915,0.000000,0.010843,0.044739,0.000000],[0.896912,0.058085,0.000000,0.008898,0.036105,0.000000],[0.057711,0.051497,0.000000,0.007974,0.882818,0.000000],[0.897626,0.058590,0.000000,0.008766,0.035018,0.000000],[0.896801,0.058142,0.000000,0.008908,0.036149,0.000000],[0.898604,0.056482,0.000000,0.008738,0.036177,0.000000],[0.898644,0.056468,0.000000,0.008735,0.036153,0.000000],[0.896409,0.058365,0.000000,0.008949,0.036277,0.000000],[0.853453,0.091046,0.000000,0.010988,0.044512,0.000000],[0.803185,0.129784,0.000000,0.011183,0.055847,0.000000],[0.782127,0.138884,0.000000,0.010314,0.068675,0.000000],[0.778681,0.140890,0.000000,0.010483,0.069946,0.000000],[0.777650,0.142711,0.000000,0.010526,0.069113,0.000000],[0.775742,0.145251,0.000000,0.012920,0.066088,0.000000],[0.773989,0.146076,0.000000,0.010642,0.069293,0.000000],[0.126980,0.138450,0.000000,0.010123,0.724447,0.000000],[0.778386,0.141270,0.000000,0.010530,0.069814,0.000000],[0.785520,0.136990,0.000000,0.012398,0.065092,0.000000],[0.798896,0.132639,0.000000,0.011471,0.056994,0.000000],[0.795079,0.136599,0.000000,0.011686,0.056635,0.000000],[0.794472,0.137698,0.000000,0.011591,0.056239,0.000000],[0.771040,0.149315,0.000000,0.013202,0.066443,0.000000],[0.763957,0.151339,0.000000,0.011261,0.073443,0.000000],[0.761743,0.151702,0.000000,0.011402,0.075153,0.000000],[0.773048,0.121558,0.029263,0.009990,0.066141,0.000000],[0.079812,0.059327,0.069560,0.008820,0.782482,0.000000],[1.000000,0.000000,0.000000,0.000000,0.000000,0.000000],[1.000000,0.000000,0.000000,0.000000,0.000000,0.000000],[1.000000,0.000000,0.000000,0.000000,0.000000,0.000000]],
  [[1.000000,0.000000,0.000000,0.000000,0.000000,0.000000],[0.810468,0.062271,0.072978,0.009242,0.045041,0.000000],[0.098661,0.123513,0.000000,0.010554,0.767272,0.000000],[0.799070,0.133167,0.000000,0.011437,0.056326,0.000000],[0.774674,0.146731,0.000000,0.012945,0.065650,0.000000],[0.126018,0.138744,0.000000,0.010137,0.725101,0.000000],[0.485182,0.254841,0.000000,0.025062,0.234915,0.000000],[0.125771,0.138198,0.000000,0.010090,0.725942,0.000000],[0.796681,0.136112,0.000000,0.011430,0.055777,0.000000],[0.853172,0.091233,0.000000,0.011014,0.044580,0.000000],[0.896517,0.058718,0.000000,0.008928,0.035836,0.000000],[0.896738,0.058184,0.000000,0.008917,0.036162,0.000000],[0.896882,0.058099,0.000000,0.008901,0.036117,0.000000],[0.922827,0.042858,0.000000,0.006520,0.027795,0.000000],[0.042347,0.037690,0.000000,0.005744,0.914219,0.000000],[0.042285,0.036572,0.000000,0.005634,0.915509,0.000000],[0.924537,0.041258,0.000000,0.006365,0.027840,0.000000],[0.897042,0.057993,0.000000,0.008881,0.036084,0.000000],[0.057746,0.051543,0.000000,0.007983,0.882728,0.000000],[0.853742,0.091520,0.000000,0.010933,0.043805,0.000000],[0.805353,0.128470,0.000000,0.011059,0.055117,0.000000],[0.800351,0.132377,0.000000,0.011362,0.055910,0.000000],[0.098888,0.124277,0.000000,0.010652,0.766184,0.000000],[0.797331,0.135118,0.000000,0.011538,0.056012,0.000000],[0.110482,0.130385,0.000000,0.011542,0.747591,0.000000],[0.798995,0.133244,0.000000,0.011451,0.056310,0.000000],[0.798346,0.133625,0.000000,0.011484,0.056545,0.000000],[0.797126,0.135254,0.000000,0.011555,0.056065,0.000000],[0.800742,0.132230,0.000000,0.011354,0.055674,0.000000],[0.851723,0.092111,0.000000,0.011138,0.045028,0.000000],[0.080604,0.085869,0.000000,0.010364,0.823163,0.000000],[0.080889,0.086286,0.000000,0.010427,0.822398,0.000000],[0.799894,0.131983,0.000000,0.011411,0.056711,0.000000],[0.775939,0.144475,0.000000,0.012938,0.066648,0.000000],[0.115104,0.137253,0.000000,0.012237,0.735407,0.000000],[0.768676,0.150669,0.000000,0.013312,0.067343,0.000000],[0.090899,0.069528,0.058514,0.009787,0.771273,0.000000],[1.000000,0.000000,0.000000,0.000000,0.000000,0.000000],[1.000000,0.000000,0.000000,0.000000,0.000000,0.000000],[1.000000,0.000000,0.000000,0.000000,0.000000,0.000000]],
  [[1.000000,0.000000,0.000000,0.000000,0.000000,0.000000],[0.792964,0.065241,0.073923,0.008978,0.058893,0.000000],[0.780071,0.140972,0.000000,0.010356,0.068601,0.000000],[0.777240,0.144439,0.000000,0.010414,0.067908,0.000000],[0.108109,0.136120,0.000000,0.011985,0.743786,0.000000],[0.122623,0.136821,0.000000,0.009984,0.730571,0.000000],[0.774353,0.146067,0.000000,0.010553,0.069027,0.000000],[0.124962,0.135971,0.000000,0.009902,0.729164,0.000000],[0.800315,0.132364,0.000000,0.011366,0.055956,0.000000],[0.854061,0.089771,0.000000,0.010960,0.045207,0.000000],[0.058623,0.051262,0.000000,0.007925,0.882190,0.000000],[0.042340,0.036682,0.000000,0.005657,0.915321,0.000000],[0.924276,0.041420,0.000000,0.006395,0.027909,0.000000],[0.924374,0.041360,0.000000,0.006383,0.027882,0.000000],[0.940237,0.031454,0.000000,0.004895,0.023415,0.000000],[0.940761,0.031156,0.000000,0.004841,0.023242,0.000000],[0.925898,0.040501,0.000000,0.006227,0.027374,0.000000],[0.898461,0.057188,0.000000,0.008737,0.035614,0.000000],[0.078938,0.084951,0.000000,0.010246,0.825866,0.000000],[0.079333,0.085543,0.000000,0.010333,0.824790,0.000000],[0.853468,0.091005,0.000000,0.010979,0.044549,0.000000],[0.852222,0.092999,0.000000,0.010994,0.043785,0.000000],[0.079647,0.087460,0.000000,0.010571,0.822321,0.000000],[0.853313,0.092942,0.000000,0.010833,0.042912,0.000000],[0.852668,0.091513,0.000000,0.011055,0.044764,0.000000],[0.852592,0.092227,0.000000,0.011033,0.044148,0.000000],[0.853137,0.091252,0.000000,0.011017,0.044594,0.000000],[0.079595,0.086089,0.000000,0.010421,0.823895,0.000000],[0.080261,0.085266,0.000000,0.010271,0.824201,0.000000],[0.854167,0.090644,0.000000,0.010936,0.044253,0.000000],[0.896124,0.058536,0.000000,0.008982,0.036359,0.000000],[0.853165,0.091918,0.000000,0.010994,0.043923,0.000000],[0.851459,0.092283,0.000000,0.011162,0.045096,0.000000],[0.795274,0.136479,0.000000,0.011678,0.056569,0.000000],[0.776097,0.143702,0.000000,0.010619,0.069583,0.000000],[0.771599,0.147528,0.000000,0.010753,0.070121,0.000000],[0.790327,0.113393,0.024647,0.009312,0.062321,0.000000],[0.813555,0.067611,0.062607,0.009342,0.046885,0.000000],[0.865222,0.037471,0.058195,0.007163,0.031949,0.000000],[1.000000,0.000000,0.000000,0.000000,0.000000,0.000000]],
  [[1.000000,0.000000,0.000000,0.000000,0.000000,0.000000],[0.791864,0.065891,0.072221,0.009161,0.060864,0.000000],[0.495096,0.243313,0.000000,0.023014,0.238577,0.000000],[0.125073,0.137427,0.000000,0.010016,0.727484,0.000000],[0.109111,0.135482,0.000000,0.011967,0.743440,0.000000],[0.797341,0.135076,0.000000,0.011536,0.056047,0.000000],[0.798941,0.133208,0.000000,0.011444,0.056407,0.000000],[0.802717,0.130070,0.000000,0.011217,0.055997,0.000000],[0.805042,0.128654,0.000000,0.011083,0.055221,0.000000],[0.854528,0.089499,0.000000,0.010924,0.045050,0.000000],[0.896418,0.058359,0.000000,0.008949,0.036274,0.000000],[0.922500,0.043044,0.000000,0.006555,0.027900,0.000000],[0.940349,0.031006,0.000000,0.004897,0.023748,0.000000],[0.941102,0.030253,0.000000,0.004812,0.023834,0.000000],[0.941703,0.029904,0.000000,0.004748,0.023646,0.000000],[0.945129,0.027640,0.000000,0.004438,0.022792,0.000000],[0.934619,0.033672,0.000000,0.005459,0.026250,0.000000],[0.914439,0.045009,0.000000,0.007285,0.033266,0.000000],[0.866419,0.080155,0.000000,0.010048,0.043378,0.000000],[0.810645,0.124218,0.000000,0.010778,0.054360,0.000000],[0.800079,0.133275,0.000000,0.011355,0.055291,0.000000],[0.097308,0.125641,0.000000,0.010757,0.766293,0.000000],[0.097309,0.124470,0.000000,0.010614,0.767607,0.000000],[0.800746,0.132989,0.000000,0.011335,0.054929,0.000000],[0.082050,0.084288,0.000000,0.010128,0.823534,0.000000],[0.896274,0.058446,0.000000,0.008964,0.036316,0.000000],[0.058595,0.051197,0.000000,0.007910,0.882298,0.000000],[0.897536,0.058645,0.000000,0.008776,0.035042,0.000000],[0.897212,0.058331,0.000000,0.008858,0.035599,0.000000],[0.897136,0.058379,0.000000,0.008867,0.035618,0.000000],[0.898623,0.056479,0.000000,0.008738,0.036160,0.000000],[0.896216,0.058482,0.000000,0.008971,0.036330,0.000000],[0.082272,0.084609,0.000000,0.010174,0.822945,0.000000],[0.796932,0.135299,0.000000,0.011556,0.056213,0.000000],[0.125530,0.138027,0.000000,0.010076,0.726367,0.000000],[0.486857,0.253248,0.000000,0.024500,0.235394,0.000000],[0.779704,0.140226,0.000000,0.010420,0.069650,0.000000],[0.809845,0.123886,0.000000,0.010819,0.055451,0.000000],[0.838822,0.042664,0.075844,0.008355,0.034315,0.000000],[1.000000,0.000000,0.000000,0.000000,0.000000,0.000000]],
  [[1.000000,0.000000,0.000000,0.000000,0.000000,0.000000],[0.792962,0.065249,0.073922,0.008978,0.058888,0.000000],[0.777568,0.143679,0.000000,0.010408,0.068344,0.000000],[0.778438,0.143706,0.000000,0.010351,0.067505,0.000000],[0.797553,0.135618,0.000000,0.011383,0.055446,0.000000],[0.852114,0.091863,0.000000,0.011102,0.044920,0.000000],[0.857002,0.086809,0.000000,0.010730,0.045458,0.000000],[0.853669,0.090016,0.000000,0.010996,0.045320,0.000000],[0.854450,0.089547,0.000000,0.010931,0.045072,0.000000],[0.855165,0.089124,0.000000,0.010872,0.044839,0.000000],[0.902047,0.053798,0.000000,0.008407,0.035748,0.000000],[0.926512,0.039465,0.000000,0.006183,0.027840,0.000000],[0.941086,0.030268,0.000000,0.004815,0.023831,0.000000],[0.948197,0.025774,0.000000,0.004088,0.021940,0.000000],[0.942056,0.030038,0.000000,0.004719,0.023187,0.000000],[0.932968,0.035468,0.000000,0.005616,0.025947,0.000000],[0.000000,0.000000,0.000000,0.000000,0.000000,1.000000],[0.000000,0.000000,0.000000,0.000000,0.000000,1.000000],[0.000000,0.000000,0.000000,0.000000,0.000000,1.000000],[0.809252,0.124171,0.000000,0.010893,0.055683,0.000000],[0.123241,0.135330,0.000000,0.009835,0.731594,0.000000],[0.779565,0.142655,0.000000,0.010299,0.067480,0.000000],[0.777388,0.143939,0.000000,0.010450,0.068223,0.000000],[0.798670,0.134228,0.000000,0.011453,0.055648,0.000000],[0.854213,0.089676,0.000000,0.010947,0.045164,0.000000],[0.896914,0.058502,0.000000,0.008889,0.035695,0.000000],[0.923353,0.042914,0.000000,0.006443,0.027290,0.000000],[0.922902,0.043637,0.000000,0.006323,0.027139,0.000000],[0.042323,0.037640,0.000000,0.005732,0.914305,0.000000],[0.923240,0.042969,0.000000,0.006453,0.027338,0.000000],[0.044491,0.037536,0.000000,0.005711,0.912261,0.000000],[0.896506,0.058307,0.000000,0.008939,0.036248,0.000000],[0.853831,0.090815,0.000000,0.010957,0.044397,0.000000],[0.800493,0.133945,0.000000,0.011233,0.054329,0.000000],[0.120803,0.136659,0.000000,0.009824,0.732713,0.000000],[0.123940,0.137577,0.000000,0.010039,0.728443,0.000000],[0.782490,0.138541,0.000000,0.010284,0.068685,0.000000],[0.810736,0.123347,0.000000,0.010773,0.055144,0.000000],[0.838190,0.042886,0.076047,0.008393,0.034483,0.000000],[1.000000,0.000000,0.000000,0.000000,0.000000,0.000000]],
