[
  [[1.000000,0.000000,0.000000,0.000000,0.000000,0.000000],[1.000000,0.000000,0.000000,0.000000,0.000000,0.000000],[1.000000,0.000000,0.000000,0.000000,0.000000,0.000000],[1.000000,0.000000,0.000000,0.000000,0.000000,0.000000],[1.000000,0.000000,0.000000,0.000000,0.000000,0.000000],[1.000000,0.000000,0.000000,0.000000,0.000000,0.000000],[1.000000,0.000000,0.000000,0.000000,0.000000,0.000000],[1.000000,0.000000,0.000000,0.000000,0.000000,0.000000],[1.000000,0.000000,0.000000,0.000000,0.000000,0.000000],[1.000000,0.000000,0.000000,0.000000,0.000000,0.000000],[1.000000,0.000000,0.000000,0.000000,0.000000,0.000000],[1.000000,0.000000,0.000000,0.000000,0.000000,0.000000],[1.000000,0.000000,0.000000,0.000000,0.000000,0.000000],[1.000000,0.000000,0.000000,0.000000,0.000000,0.000000],[1.000000,0.000000,0.000000,0.000000,0.000000,0.000000],[1.000000,0.000000,0.000000,0.000000,0.000000,0.000000],[1.000000,0.000000,0.000000,0.000000,0.000000,0.000000],[1.000000,0.000000,0.000000,0.000000,0.000000,0.000000],[1.000000,0.000000,0.000000,0.000000,0.000000,0.000000],[1.000000,0.000000,0.000000,0.000000,0.000000,0.000000],[1.000000,0.000000,0.000000,0.000000,0.000000,0.000000],[1.000000,0.000000,0.000000,0.000000,0.000000,0.000000],[1.000000,0.000000,0.000000,0.000000,0.000000,0.000000],[1.000000,0.000000,0.000000,0.000000,0.000000,0.000000],[1.000000,0.000000,0.000000,0.000000,0.000000,0.000000],[1.000000,0.000000,0.000000,0.000000,0.000000,0.000000],[1.000000,0.000000,0.000000,0.000000,0.000000,0.000000],[1.000000,0.000000,0.000000,0.000000,0.000000,0.000000],[1.000000,0.000000,0.000000,0.000000,0.000000,0.000000],[1.000000,0.000000,0.000000,0.000000,0.000000,0.000000],[1.000000,0.000000,0.000000,0.000000,0.000000,0.000000],[1.000000,0.000000,0.000000,0.000000,0.000000,0.000000],[1.000000,0.000000,0.000000,0.000000,0.000000,0.000000],[1.000000,0.000000,0.000000,0.000000,0.000000,0.000000],[1.000000,0.000000,0.000000,0.000000,0.000000,0.000000],[1.000000,0.000000,0.000000,0.000000,0.000000,0.000000],[1.000000,0.000000,0.000000,0.000000,0.000000,0.000000],[1.000000,0.000000,0.000000,0.000000,0.000000,0.000000],[1.000000,0.000000,0.000000,0.000000,0.000000,0.000000],[1.000000,0.000000,0.000000,0.000000,0.000000,0.000000]],
  [[1.000000,0.000000,0.000000,0.000000,0.000000,0.000000],[1.000000,0.000000,0.000000,0.000000,0.000000,0.000000],[1.000000,0.000000,0.000000,0.000000,0.000000,0.000000],[0.959313,0.013722,0.007301,0.002923,0.016741,0.000000],[0.957234,0.014629,0.007759,0.003092,0.017286,0.000000],[0.025503,0.011975,0.006230,0.002551,0.953742,0.000000],[0.950642,0.017451,0.009511,0.003682,0.018713,0.000000],[0.939002,0.021798,0.012523,0.004812,0.021865,0.000000],[0.917464,0.028950,0.019272,0.006689,0.027625,0.000000],[0.059024,0.038991,0.074900,0.007344,0.819741,0.000000],[0.078003,0.057032,0.068735,0.008571,0.787659,0.000000],[0.809809,0.062738,0.072141,0.009380,0.045933,0.000000],[0.808722,0.063198,0.072368,0.009428,0.046284,0.000000],[0.079418,0.057489,0.066680,0.008613,0.787800,0.000000],[0.078427,0.059569,0.073934,0.008882,0.779188,0.000000],[0.059018,0.038988,0.074896,0.007343,0.819756,0.000000],[0.917346,0.029006,0.019287,0.006700,0.027662,0.000000],[0.938831,0.021873,0.012545,0.004827,0.021924,0.000000],[0.950661,0.017446,0.009508,0.003681,0.018704,0.000000],[0.028121,0.014384,0.008311,0.003063,0.946120,0.000000],[0.027880,0.014285,0.008408,0.003038,0.946389,0.000000],[0.035376,0.019307,0.011923,0.004173,0.929221,0.000000],[0.939276,0.021638,0.012645,0.004741,0.021700,0.000000],[0.939184,0.021675,0.012657,0.004749,0.021734,0.000000],[0.939061,0.021728,0.012674,0.004760,0.021777,0.000000],[0.919772,0.028151,0.017936,0.006556,0.027584,0.000000],[0.839432,0.042418,0.075677,0.008321,0.034152,0.000000],[0.838863,0.042637,0.075844,0.008354,0.034302,0.000000],[0.835259,0.042970,0.078676,0.008388,0.034707,0.000000],[0.061302,0.039709,0.071579,0.007419,0.819990,0.000000],[0.835447,0.042899,0.078618,0.008376,0.034660,0.000000],[0.839029,0.042562,0.075802,0.008343,0.034265,0.000000],[0.836374,0.042535,0.078350,0.008323,0.034418,0.000000],[0.048645,0.026016,0.016727,0.005869,0.902742,0.000000],[0.939062,0.021730,0.012673,0.004760,0.021775,0.000000],[0.950688,0.017430,0.009505,0.003679,0.018698,0.000000],[0.958158,0.014333,0.007575,0.003006,0.016928,0.000000],[0.024727,0.011618,0.006615,0.002450,0.954590,0.000000],[0.022996,0.009927,0.005562,0.002219,0.959296,0.000000],[1.000000,0.000000,0.000000,0.000000,0.000000,0.000000]],
  [[1.000000,0.000000,0.000000,0.000000,0.000000,0.000000],[0.965569,0.010882,0.006081,0.002342,0.015125,0.000000],[0.026262,0.012813,0.005807,0.002642,0.952476,0.000000],[0.945395,0.023163,0.006788,0.004084,0.020570,0.000000],[0.942866,0.029651,0.000000,0.004645,0.022838,0.000000],[0.942675,0.029743,0.000000,0.004662,0.022919,0.000000],[0.941822,0.030917,0.000000,0.004699,0.022562,0.000000],[0.042070,0.037228,0.000000,0.005641,0.915062,0.000000],[0.897736,0.058767,0.000000,0.008616,0.034881,0.000000],[0.079215,0.087715,0.000000,0.010371,0.822699,0.000000],[0.801328,0.133185,0.000000,0.011130,0.054357,0.000000],[0.785735,0.136603,0.000000,0.010101,0.067561,0.000000],[0.783253,0.137985,0.000000,0.010213,0.068548,0.000000],[0.781020,0.141698,0.000000,0.010242,0.067041,0.000000],[0.803425,0.132076,0.000000,0.011036,0.053463,0.000000],[0.078907,0.086202,0.000000,0.010368,0.824523,0.000000],[0.899036,0.057345,0.000000,0.008677,0.034942,0.000000],[0.044225,0.037093,0.000000,0.005613,0.913068,0.000000],[0.924825,0.041782,0.000000,0.006322,0.027071,0.000000],[0.925573,0.041989,0.000000,0.006160,0.026278,0.000000],[0.042102,0.039613,0.000000,0.005724,0.912561,0.000000],[0.924737,0.042647,0.000000,0.006143,0.026472,0.000000],[0.899366,0.057160,0.000000,0.008644,0.034830,0.000000],[0.057463,0.051095,0.000000,0.007885,0.883557,0.000000],[0.057744,0.052269,0.000000,0.007986,0.882000,0.000000],[0.898716,0.057520,0.000000,0.008710,0.035054,0.000000],[0.856709,0.088183,0.000000,0.010732,0.044376,0.000000],[0.807689,0.126948,0.000000,0.010906,0.054457,0.000000],[0.802912,0.130702,0.000000,0.011190,0.055196,0.000000],[0.801905,0.131284,0.000000,0.011242,0.055569,0.000000],[0.803330,0.130439,0.000000,0.011161,0.055070,0.000000],[0.805688,0.128997,0.000000,0.011027,0.054288,0.000000],[0.856148,0.090075,0.000000,0.010728,0.043049,0.000000],[0.898756,0.057083,0.000000,0.008714,0.035448,0.000000],[0.924733,0.041833,0.000000,0.006331,0.027103,0.000000],[0.034725,0.027000,0.000000,0.004183,0.934093,0.000000],[0.034097,0.027946,0.000000,0.004246,0.933711,0.000000],[0.033875,0.028591,0.000000,0.004232,0.933303,0.000000],[0.027800,0.014170,0.008388,0.003013,0.946628,0.000000],[1.000000,0.000000,0.000000,0.000000,0.000000,0.000000]],
  [[1.000000,0.000000,0.000000,0.000000,0.000000,0.000000],[0.962129,0.012410,0.006677,0.002614,0.016170,0.000000],[0.030248,0.021396,0.000000,0.003348,0.945007,0.000000],[0.940509,0.031878,0.000000,0.004762,0.022851,0.000000],[0.923978,0.042552,0.000000,0.006376,0.027094,0.000000],[0.923569,0.042423,0.000000,0.006440,0.027568,0.000000],[0.924150,0.042727,0.000000,0.006295,0.026827,0.000000],[0.042631,0.038610,0.000000,0.005812,0.912947,0.000000],[0.058169,0.054761,0.000000,0.007988,0.879083,0.000000],[0.079476,0.085777,0.000000,0.010368,0.824379,0.000000],[0.800041,0.132456,0.000000,0.011360,0.056143,0.000000],[0.780361,0.139735,0.000000,0.010379,0.069526,0.000000],[0.490030,0.249016,0.000000,0.023823,0.237130,0.000000],[0.776809,0.144522,0.000000,0.010412,0.068257,0.000000],[0.097128,0.125198,0.000000,0.010708,0.766966,0.000000],[0.854379,0.091110,0.000000,0.010875,0.043636,0.000000],[0.897151,0.057938,0.000000,0.008870,0.036041,0.000000],[0.924727,0.041155,0.000000,0.006345,0.027772,0.000000],[0.899316,0.056066,0.000000,0.008662,0.035956,0.000000],[0.897870,0.057948,0.000000,0.008788,0.035394,0.000000],[0.057863,0.052428,0.000000,0.008023,0.881685,0.000000],[0.057896,0.052481,0.000000,0.008033,0.881590,0.000000],[0.897202,0.057912,0.000000,0.008865,0.036021,0.000000],[0.854609,0.090998,0.000000,0.010860,0.043532,0.000000],[0.079181,0.086709,0.000000,0.010457,0.823653,0.000000],[0.079563,0.085970,0.000000,0.010400,0.824067,0.000000],[0.852327,0.091676,0.000000,0.011074,0.044924,0.000000],[0.799223,0.133021,0.000000,0.011425,0.056331,0.000000],[0.124712,0.135927,0.000000,0.009899,0.729462,0.000000],[0.779149,0.140490,0.000000,0.010447,0.069914,0.000000],[0.782851,0.138381,0.000000,0.010268,0.068500,0.000000],[0.097945,0.122935,0.000000,0.010514,0.768606,0.000000],[0.080191,0.085059,0.000000,0.010238,0.824511,0.000000],[0.899089,0.056195,0.000000,0.008686,0.036030,0.000000],[0.923162,0.042665,0.000000,0.006485,0.027689,0.000000],[0.923623,0.042745,0.000000,0.006411,0.027221,0.000000],[0.923398,0.043348,0.000000,0.006270,0.026984,0.000000],[0.925782,0.041872,0.000000,0.006139,0.026208,0.000000],[0.938473,0.022011,0.013049,0.004805,0.021662,0.000000],[1.000000,0.000000,0.000000,0.000000,0.000000,0.000000]],
  [[1.000000,0.000000,0.000000,0.000000,0.000000,0.000000],[0.961167,0.012830,0.006781,0.002711,0.016512,0.000000],[0.950557,0.024749,0.000000,0.003878,0.020816,0.000000],[0.034267,0.027329,0.000000,0.004240,0.934164,0.000000],[0.042665,0.038670,0.000000,0.005824,0.912841,0.000000],[0.057886,0.052464,0.000000,0.008030,0.881620,0.000000],[0.897306,0.059024,0.000000,0.008729,0.034941,0.000000],[0.057943,0.052561,0.000000,0.008049,0.881447,0.000000],[0.897514,0.058663,0.000000,0.008777,0.035046,0.000000],[0.853340,0.091770,0.000000,0.010967,0.043923,0.000000],[0.800406,0.132328,0.000000,0.011356,0.055910,0.000000],[0.779883,0.141264,0.000000,0.010401,0.068452,0.000000],[0.126433,0.137150,0.000000,0.009996,0.726422,0.000000],[0.121862,0.135657,0.000000,0.009876,0.732605,0.000000],[0.096520,0.124687,0.000000,0.010664,0.768129,0.000000],[0.854138,0.091267,0.000000,0.010898,0.043698,0.000000],[0.896899,0.058084,0.000000,0.008898,0.036119,0.000000],[0.924422,0.041334,0.000000,0.006379,0.027865,0.000000],[0.898880,0.056317,0.000000,0.008708,0.036095,0.000000],[0.854934,0.090805,0.000000,0.010835,0.043426,0.000000],[0.079212,0.087885,0.000000,0.010415,0.822488,0.000000],[0.855082,0.091876,0.000000,0.010684,0.042358,0.000000],[0.853716,0.090893,0.000000,0.010965,0.044426,0.000000],[0.853298,0.090200,0.000000,0.011017,0.045485,0.000000],[0.799683,0.133630,0.000000,0.011398,0.055289,0.000000],[0.797515,0.135626,0.000000,0.011383,0.055477,0.000000],[0.795039,0.137146,0.000000,0.011526,0.056290,0.000000],[0.111566,0.137052,0.000000,0.012085,0.739296,0.000000],[0.756925,0.153431,0.000000,0.011580,0.078064,0.000000],[0.492389,0.245635,0.000000,0.023352,0.238624,0.000000],[0.777405,0.142706,0.000000,0.010516,0.069373,0.000000],[0.797404,0.135657,0.000000,0.011377,0.055562,0.000000],[0.853549,0.092222,0.000000,0.010889,0.043341,0.000000],[0.896603,0.058255,0.000000,0.008929,0.036214,0.000000],[0.896706,0.058192,0.000000,0.008917,0.036184,0.000000],[0.058561,0.051124,0.000000,0.007895,0.882420,0.000000],[0.897955,0.058395,0.000000,0.008730,0.034919,0.000000],[0.058292,0.050690,0.000000,0.007799,0.883219,0.000000],[0.919123,0.028288,0.018511,0.006562,0.027516,0.000000],[1.000000,0.000000,0.000000,0.000000,0.000000,0.000000]],
  [[1.000000,0.000000,0.000000,0.000000,0.000000,0.000000],[0.960603,0.013088,0.006831,0.002773,0.016706,0.000000],[0.950248,0.024799,0.000000,0.003910,0.021043,0.000000],[0.940336,0.031688,0.000000,0.004841,0.023135,0.000000],[0.923069,0.043533,0.000000,0.006303,0.027095,0.000000],[0.059245,0.054639,0.000000,0.008204,0.877911,0.000000],[0.079137,0.087760,0.000000,0.010394,0.822709,0.000000],[0.854249,0.091215,0.000000,0.010891,0.043645,0.000000],[0.853622,0.090951,0.000000,0.010975,0.044452,0.000000],[0.853074,0.090350,0.000000,0.011040,0.045536,0.000000],[0.098763,0.120897,0.000000,0.010427,0.769913,0.000000],[0.799564,0.132844,0.000000,0.011409,0.056183,0.000000],[0.797114,0.135133,0.000000,0.011538,0.056216,0.000000],[0.798826,0.134771,0.000000,0.011300,0.055103,0.000000],[0.802751,0.132568,0.000000,0.011102,0.053579,0.000000],[0.079251,0.085548,0.000000,0.010339,0.824862,0.000000],[0.897192,0.058337,0.000000,0.008859,0.035612,0.000000],[0.044481,0.037513,0.000000,0.005706,0.912301,0.000000],[0.898819,0.056357,0.000000,0.008715,0.036108,0.000000],[0.854699,0.090292,0.000000,0.010883,0.044125,0.000000],[0.096212,0.123069,0.000000,0.010476,0.770243,0.000000],[0.097240,0.124330,0.000000,0.010598,0.767832,0.000000],[0.799528,0.132837,0.000000,0.011404,0.056231,0.000000],[0.801348,0.130930,0.000000,0.011299,0.056424,0.000000],[0.778616,0.143437,0.000000,0.012747,0.065199,0.000000],[0.125291,0.136586,0.000000,0.009958,0.728165,0.000000],[0.124743,0.138892,0.000000,0.010159,0.726205,0.000000],[0.755202,0.156046,0.000000,0.011536,0.077216,0.000000],[0.754253,0.156341,0.000000,0.011609,0.077797,0.000000],[0.775364,0.143957,0.000000,0.010624,0.070054,0.000000],[0.780333,0.141042,0.000000,0.010379,0.068246,0.000000],[0.097255,0.124355,0.000000,0.010601,0.767790,0.000000],[0.080377,0.085346,0.000000,0.010280,0.823998,0.000000],[0.854834,0.089308,0.000000,0.010895,0.044964,0.000000],[0.853636,0.090929,0.000000,0.010972,0.044464,0.000000],[0.080412,0.085409,0.000000,0.010289,0.823890,0.000000],[0.853688,0.092113,0.000000,0.010871,0.043328,0.000000],[0.079939,0.084594,0.000000,0.010156,0.825311,0.000000],[0.834378,0.042697,0.080475,0.008310,0.034140,0.000000],[1.000000,0.000000,0.000000,0.000000,0.000000,0.000000]],
  [[1.000000,0.000000,0.000000,0.000000,0.000000,0.000000],[0.960637,0.013076,0.006825,0.002770,0.016691,0.000000],[0.949807,0.024921,0.000000,0.003929,0.021343,0.000000],[0.940579,0.031248,0.000000,0.004856,0.023316,0.000000],[0.042304,0.037590,0.000000,0.005720,0.914386,0.000000],[0.898058,0.058357,0.000000,0.008723,0.034862,0.000000],[0.854381,0.091139,0.000000,0.010880,0.043599,0.000000],[0.097049,0.122037,0.000000,0.010431,0.770484,0.000000],[0.803046,0.129877,0.000000,0.011194,0.055883,0.000000],[0.798668,0.133377,0.000000,0.011458,0.056497,0.000000],[0.799422,0.132938,0.000000,0.011419,0.056222,0.000000],[0.799469,0.133774,0.000000,0.011412,0.055345,0.000000],[0.852752,0.091450,0.000000,0.011041,0.044758,0.000000],[0.080367,0.085325,0.000000,0.010276,0.824032,0.000000],[0.854205,0.091236,0.000000,0.010894,0.043665,0.000000],[0.079989,0.084795,0.000000,0.010198,0.825017,0.000000],[0.897735,0.058528,0.000000,0.008755,0.034982,0.000000],[0.923194,0.042990,0.000000,0.006457,0.027359,0.000000],[0.897207,0.058333,0.000000,0.008858,0.035602,0.000000],[0.854028,0.091346,0.000000,0.010909,0.043717,0.000000],[0.799499,0.133691,0.000000,0.011397,0.055413,0.000000],[0.777873,0.143687,0.000000,0.010426,0.068013,0.000000],[0.777191,0.142835,0.000000,0.010530,0.069444,0.000000],[0.124981,0.136543,0.000000,0.009957,0.728519,0.000000],[0.771802,0.149155,0.000000,0.012939,0.066104,0.000000],[0.772691,0.147125,0.000000,0.010642,0.069542,0.000000],[0.484064,0.256135,0.000000,0.024930,0.234870,0.000000],[0.139502,0.147918,0.000000,0.011190,0.701389,0.000000],[0.112251,0.135907,0.000000,0.012007,0.739836,0.000000],[0.795372,0.136297,0.000000,0.011647,0.056684,0.000000],[0.096678,0.125115,0.000000,0.010709,0.767498,0.000000],[0.805888,0.131078,0.000000,0.010969,0.052064,0.000000],[0.854706,0.092091,0.000000,0.010714,0.042489,0.000000],[0.801316,0.132615,0.000000,0.011297,0.054772,0.000000],[0.800973,0.131970,0.000000,0.011320,0.055737,0.000000],[0.802085,0.130418,0.000000,0.011242,0.056255,0.000000],[0.801026,0.131905,0.000000,0.011312,0.055757,0.000000],[0.808112,0.126683,0.000000,0.010876,0.054329,0.000000],[0.835863,0.042735,0.078498,0.008353,0.034551,0.000000],[1.000000,0.000000,0.000000,0.000000,0.000000,0.000000]],
  [[1.000000,0.000000,0.000000,0.000000,0.000000,0.000000],[0.961157,0.012835,0.006782,0.002712,0.016515,0.000000],[0.950572,0.024746,0.000000,0.003878,0.020805,0.000000],[0.939021,0.032935,0.000000,0.004811,0.023232,0.000000],[0.042696,0.038729,0.000000,0.005837,0.912738,0.000000],[0.897687,0.058560,0.000000,0.008760,0.034992,0.000000],[0.853791,0.090838,0.000000,0.010960,0.044412,0.000000],[0.800309,0.132397,0.000000,0.011363,0.055931,0.000000],[0.781769,0.139103,0.000000,0.010332,0.068796,0.000000],[0.776565,0.143181,0.000000,0.010562,0.069692,0.000000],[0.123513,0.136165,0.000000,0.009918,0.730403,0.000000],[0.798399,0.135064,0.000000,0.011329,0.055208,0.000000],[0.079338,0.086979,0.000000,0.010497,0.823186,0.000000],[0.896880,0.058511,0.000000,0.008889,0.035720,0.000000],[0.897205,0.058321,0.000000,0.008856,0.035618,0.000000],[0.899131,0.056170,0.000000,0.008681,0.036018,0.000000],[0.897251,0.057874,0.000000,0.008860,0.036016,0.000000],[0.042260,0.036514,0.000000,0.005621,0.915605,0.000000],[0.057703,0.051463,0.000000,0.007965,0.882868,0.000000],[0.854159,0.091852,0.000000,0.010836,0.043153,0.000000],[0.097898,0.124962,0.000000,0.010656,0.766484,0.000000],[0.778006,0.142319,0.000000,0.010482,0.069193,0.000000],[0.493234,0.244800,0.000000,0.023247,0.238719,0.000000],[0.775512,0.143855,0.000000,0.010619,0.070013,0.000000],[0.111330,0.136842,0.000000,0.012067,0.739761,0.000000],[0.124121,0.137196,0.000000,0.010010,0.728673,0.000000],[0.772624,0.146765,0.000000,0.010691,0.069920,0.000000],[0.775071,0.145409,0.000000,0.010581,0.068940,0.000000],[0.798242,0.133727,0.000000,0.011499,0.056531,0.000000],[0.851441,0.092916,0.000000,0.011127,0.044516,0.000000],[0.079526,0.086003,0.000000,0.010408,0.824063,0.000000],[0.079309,0.088031,0.000000,0.010436,0.822224,0.000000],[0.079463,0.088213,0.000000,0.010462,0.821862,0.000000],[0.096566,0.124869,0.000000,0.010683,0.767883,0.000000],[0.780526,0.140918,0.000000,0.010370,0.068187,0.000000],[0.783472,0.136521,0.000000,0.010274,0.069732,0.000000],[0.782732,0.138485,0.000000,0.010279,0.068504,0.000000],[0.805833,0.128066,0.000000,0.011007,0.055094,0.000000],[0.835398,0.042919,0.078633,0.008381,0.034670,0.000000],[1.000000,0.000000,0.000000,0.000000,0.000000,0.000000]],
  [[1.000000,0.000000,0.000000,0.000000,0.000000,0.000000],[0.958048,0.014249,0.007681,0.002998,0.017024,0.000000],[0.030275,0.021441,0.000000,0.003356,0.944928,0.000000],[0.034269,0.028230,0.000000,0.004308,0.933194,0.000000],[0.042331,0.037655,0.000000,0.005733,0.914281,0.000000],[0.897078,0.058402,0.000000,0.008871,0.035650,0.000000],[0.082202,0.084460,0.000000,0.010152,0.823186,0.000000],[0.801152,0.131019,0.000000,0.011303,0.056527,0.000000],[0.781811,0.137499,0.000000,0.010359,0.070331,0.000000],[0.486420,0.253519,0.000000,0.024541,0.235520,0.000000],[0.123124,0.139126,0.000000,0.010033,0.727717,0.000000],[0.095946,0.127813,0.000000,0.010581,0.765660,0.000000],[0.853975,0.092522,0.000000,0.010771,0.042731,0.000000],[0.079232,0.085482,0.000000,0.010326,0.824960,0.000000],[0.856128,0.089420,0.000000,0.010761,0.043691,0.000000],[0.900198,0.055574,0.000000,0.008572,0.035656,0.000000],[0.924094,0.042135,0.000000,0.006389,0.027382,0.000000],[0.924549,0.042521,0.000000,0.006259,0.026671,0.000000],[0.898236,0.058250,0.000000,0.008705,0.034810,0.000000],[0.079375,0.088104,0.000000,0.010445,0.822076,0.000000],[0.096491,0.124768,0.000000,0.010674,0.768067,0.000000],[0.777760,0.143756,0.000000,0.010433,0.068051,0.000000],[0.777401,0.142720,0.000000,0.010518,0.069361,0.000000],[0.778983,0.141859,0.000000,0.010452,0.068706,0.000000],[0.775739,0.146784,0.000000,0.012713,0.064764,0.000000],[0.795927,0.136646,0.000000,0.011481,0.055947,0.000000],[0.098611,0.126291,0.000000,0.010799,0.764299,0.000000],[0.800674,0.131404,0.000000,0.011345,0.056577,0.000000],[0.808180,0.125117,0.000000,0.010962,0.055741,0.000000],[0.853260,0.090265,0.000000,0.011029,0.045446,0.000000],[0.854207,0.090623,0.000000,0.010932,0.044239,0.000000],[0.897427,0.058718,0.000000,0.008789,0.035065,0.000000],[0.079465,0.088274,0.000000,0.010471,0.821789,0.000000],[0.097305,0.125710,0.000000,0.010763,0.766222,0.000000],[0.777419,0.142717,0.000000,0.010518,0.069346,0.000000],[0.501505,0.234204,0.000000,0.022487,0.241805,0.000000],[0.779763,0.140186,0.000000,0.010420,0.069630,0.000000],[0.099741,0.121331,0.000000,0.010446,0.768482,0.000000],[0.835242,0.042986,0.078675,0.008391,0.034707,0.000000],[1.000000,0.000000,0.000000,0.000000,0.000000,0.000000]],
  [[1.000000,0.000000,0.000000,0.000000,0.000000,0.000000],[0.025931,0.012040,0.006660,0.002729,0.952640,0.000000],[0.948249,0.018912,0.009550,0.003915,0.019374,0.000000],[0.944132,0.023852,0.006964,0.004162,0.020891,0.000000],[0.923696,0.042421,0.000000,0.006438,0.027445,0.000000],[0.896957,0.058071,0.000000,0.008895,0.036077,0.000000],[0.853687,0.090898,0.000000,0.010968,0.044446,0.000000],[0.800211,0.132458,0.000000,0.011368,0.055963,0.000000],[0.780564,0.139794,0.000000,0.010390,0.069251,0.000000],[0.757112,0.153258,0.000000,0.011564,0.078066,0.000000],[0.135847,0.147879,0.000000,0.011077,0.705197,0.000000],[0.108814,0.136663,0.000000,0.012028,0.742496,0.000000],[0.803218,0.132668,0.000000,0.011116,0.052998,0.000000],[0.096100,0.122712,0.000000,0.010432,0.770756,0.000000],[0.861947,0.085016,0.000000,0.010327,0.042711,0.000000],[0.911909,0.047230,0.000000,0.007564,0.033297,0.000000],[0.052448,0.041806,0.000000,0.006810,0.898935,0.000000],[0.907125,0.052104,0.000000,0.007930,0.032842,0.000000],[0.057635,0.051342,0.000000,0.007939,0.883084,0.000000],[0.854284,0.091199,0.000000,0.010888,0.043628,0.000000],[0.801123,0.132741,0.000000,0.011311,0.054825,0.000000],[0.098005,0.123202,0.000000,0.010545,0.768248,0.000000],[0.799486,0.132880,0.000000,0.011407,0.056227,0.000000],[0.098225,0.123524,0.000000,0.010577,0.767674,0.000000],[0.799117,0.133996,0.000000,0.011431,0.055455,0.000000],[0.096344,0.124930,0.000000,0.010699,0.768026,0.000000],[0.796490,0.136280,0.000000,0.011447,0.055783,0.000000],[0.795455,0.136207,0.000000,0.011643,0.056694,0.000000],[0.799112,0.133143,0.000000,0.011439,0.056305,0.000000],[0.804617,0.128934,0.000000,0.011107,0.055342,0.000000],[0.853882,0.090809,0.000000,0.010958,0.044350,0.000000],[0.854376,0.090521,0.000000,0.010917,0.044186,0.000000],[0.852986,0.092559,0.000000,0.010934,0.043521,0.000000],[0.797670,0.134872,0.000000,0.011511,0.055946,0.000000],[0.775996,0.144875,0.000000,0.010531,0.068598,0.000000],[0.778250,0.141137,0.000000,0.010503,0.070110,0.000000],[0.776794,0.144341,0.000000,0.010484,0.068382,0.000000],[0.802946,0.130686,0.000000,0.011187,0.055181,0.000000],[0.833482,0.043058,0.080732,0.008364,0.034363,0.000000],[1.000000,0.000000,0.000000,0.000000,0.000000,0.000000]],
  [[1.000000,0.000000,0.000000,0.000000,0.000000,0.000000],[1.000000,0.000000,0.000000,0.000000,0.000000,0.000000],[1.000000,0.000000,0.000000,0.000000,0.000000,0.000000],[0.937193,0.022628,0.012614,0.005004,0.022562,0.000000],[0.932546,0.030032,0.007321,0.005276,0.024826,0.000000],[0.903188,0.053191,0.000000,0.008292,0.035328,0.000000],[0.855627,0.088801,0.000000,0.010824,0.044748,0.000000],[0.096964,0.121787,0.000000,0.010402,0.770847,0.000000],[0.797805,0.134738,0.000000,0.011494,0.055964,0.000000],[0.773460,0.147379,0.000000,0.012991,0.066170,0.000000],[0.756379,0.155279,0.000000,0.011465,0.076877,0.000000],[0.137496,0.147053,0.000000,0.011102,0.704349,0.000000],[0.782287,0.141071,0.000000,0.010167,0.066476,0.000000],[0.096300,0.124066,0.000000,0.010591,0.769044,0.000000],[0.866923,0.080762,0.000000,0.009922,0.042393,0.000000],[0.000000,0.000000,0.000000,0.000000,0.000000,1.000000],[0.000000,0.000000,0.000000,0.000000,0.000000,1.000000],[0.076334,0.080574,0.000000,0.009888,0.833205,0.000000],[0.854919,0.090779,0.000000,0.010827,0.043475,0.000000],[0.854141,0.089692,0.000000,0.010946,0.045221,0.000000],[0.852756,0.091455,0.000000,0.011045,0.044743,0.000000],[0.852373,0.091676,0.000000,0.011075,0.044877,0.000000],[0.852729,0.092719,0.000000,0.010957,0.043595,0.000000],[0.852953,0.091993,0.000000,0.010998,0.044056,0.000000],[0.079660,0.088560,0.000000,0.010514,0.821266,0.000000],[0.798283,0.135124,0.000000,0.011331,0.055261,0.000000],[0.122429,0.136276,0.000000,0.009930,0.731365,0.000000],[0.125854,0.138068,0.000000,0.010072,0.726006,0.000000],[0.776653,0.144341,0.000000,0.010485,0.068520,0.000000],[0.098108,0.123291,0.000000,0.010556,0.768045,0.000000],[0.853322,0.091136,0.000000,0.011003,0.044539,0.000000],[0.082083,0.084366,0.000000,0.010141,0.823411,0.000000],[0.801728,0.131549,0.000000,0.011286,0.055437,0.000000],[0.110153,0.133318,0.000000,0.011751,0.744777,0.000000],[0.772703,0.148576,0.000000,0.012879,0.065842,0.000000],[0.111200,0.136485,0.000000,0.012026,0.740290,0.000000],[0.777641,0.144851,0.000000,0.012759,0.064749,0.000000],[0.098246,0.119712,0.000000,0.010288,0.771754,0.000000],[0.835932,0.042719,0.078472,0.008350,0.034526,0.000000],[1.000000,0.000000,0.000000,0.000000,0.000000,0.000000]],
  [[1.000000,0.000000,0.000000,0.000000,0.000000,0.000000],[0.933809,0.022911,0.012780,0.005272,0.025228,0.000000],[1.000000,0.000000,0.000000,0.000000,0.000000,0.000000],[1.000000,0.000000,0.000000,0.000000,0.000000,0.000000],[0.915185,0.031056,0.016945,0.007000,0.029814,0.000000],[0.900550,0.055439,0.000000,0.008544,0.035467,0.000000],[0.861674,0.084680,0.000000,0.010396,0.043250,0.000000],[0.861207,0.085451,0.000000,0.010387,0.042954,0.000000],[0.077096,0.081694,0.000000,0.010056,0.831153,0.000000],[0.098423,0.125564,0.000000,0.010709,0.765305,0.000000],[0.774550,0.145925,0.000000,0.010529,0.068996,0.000000],[0.487138,0.252830,0.000000,0.024441,0.235591,0.000000],[0.123913,0.137209,0.000000,0.009997,0.728880,0.000000],[0.800773,0.133381,0.000000,0.011147,0.054698,0.000000],[0.077545,0.072392,0.000000,0.009255,0.840808,0.000000],[0.000000,0.000000,0.000000,0.000000,0.000000,1.000000],[0.915155,0.044784,0.000000,0.007104,0.032957,0.000000],[0.076798,0.079644,0.000000,0.009883,0.833675,0.000000],[0.802312,0.131930,0.000000,0.011227,0.054532,0.000000],[0.803699,0.129436,0.000000,0.011149,0.055716,0.000000],[0.802020,0.130473,0.000000,0.011249,0.056259,0.000000],[0.098002,0.123211,0.000000,0.010547,0.768240,0.000000],[0.801127,0.132750,0.000000,0.011312,0.054811,0.000000],[0.079156,0.086749,0.000000,0.010465,0.823630,0.000000],[0.853675,0.092159,0.000000,0.010878,0.043288,0.000000],[0.096414,0.126031,0.000000,0.010696,0.766860,0.000000],[0.779313,0.142749,0.000000,0.010306,0.067632,0.000000],[0.481051,0.258794,0.000000,0.025352,0.234803,0.000000],[0.123652,0.143442,0.000000,0.010096,0.722809,0.000000],[0.797455,0.135596,0.000000,0.011377,0.055572,0.000000],[0.853001,0.091990,0.000000,0.011000,0.044009,0.000000],[0.853594,0.090069,0.000000,0.011003,0.045334,0.000000],[0.799834,0.132706,0.000000,0.011395,0.056066,0.000000],[0.778539,0.142062,0.000000,0.010470,0.068929,0.000000],[0.123186,0.139224,0.000000,0.010042,0.727547,0.000000],[0.121421,0.137549,0.000000,0.009903,0.731128,0.000000],[0.802596,0.133050,0.000000,0.011156,0.053198,0.000000],[0.855081,0.091289,0.000000,0.010750,0.042880,0.000000],[0.833975,0.042777,0.081514,0.008291,0.033442,0.000000],[1.000000,0.000000,0.000000,0.000000,0.000000,0.000000]],
  [[1.000000,0.000000,0.000000,0.000000,0.000000,0.000000],[0.059500,0.036272,0.063214,0.007031,0.833983,0.000000],[0.850118,0.039949,0.069138,0.007707,0.033088,0.000000],[1.000000,0.000000,0.000000,0.000000,0.000000,0.000000],[0.848953,0.040396,0.069503,0.007781,0.033365,0.000000],[0.859659,0.067353,0.027790,0.008533,0.036665,0.000000],[0.053946,0.047241,0.000000,0.007345,0.891468,0.000000],[0.000000,0.000000,0.000000,0.000000,0.000000,1.000000],[0.866919,0.081448,0.000000,0.009871,0.041762,0.000000],[0.093931,0.114982,0.000000,0.010296,0.780791,0.000000],[0.779178,0.143200,0.000000,0.010302,0.067319,0.000000],[0.123901,0.137384,0.000000,0.010013,0.728702,0.000000],[0.779633,0.142828,0.000000,0.010270,0.067269,0.000000],[0.810377,0.124798,0.000000,0.010776,0.054049,0.000000],[0.078549,0.069597,0.000000,0.009171,0.842683,0.000000],[0.000000,0.000000,0.000000,0.000000,0.000000,1.000000],[0.867506,0.079518,0.000000,0.009959,0.043018,0.000000],[0.856165,0.090588,0.000000,0.010659,0.042588,0.000000],[0.096486,0.124632,0.000000,0.010654,0.768228,0.000000],[0.780762,0.140756,0.000000,0.010355,0.068127,0.000000],[0.780081,0.140018,0.000000,0.010405,0.069496,0.000000],[0.777701,0.143812,0.000000,0.010440,0.068048,0.000000],[0.096538,0.124909,0.000000,0.010690,0.767864,0.000000],[0.853451,0.092303,0.000000,0.010901,0.043346,0.000000],[0.079285,0.086958,0.000000,0.010496,0.823260,0.000000],[0.800330,0.134065,0.000000,0.011242,0.054363,0.000000],[0.121066,0.136846,0.000000,0.009835,0.732253,0.000000],[0.123077,0.138548,0.000000,0.009976,0.728400,0.000000],[0.122398,0.136048,0.000000,0.009910,0.731643,0.000000],[0.096679,0.124956,0.000000,0.010695,0.767670,0.000000],[0.853388,0.091094,0.000000,0.010996,0.044521,0.000000],[0.853543,0.090102,0.000000,0.011007,0.045348,0.000000],[0.801266,0.130946,0.000000,0.011299,0.056489,0.000000],[0.776549,0.143166,0.000000,0.010560,0.069725,0.000000],[0.485079,0.255155,0.000000,0.024798,0.234968,0.000000],[0.124087,0.137691,0.000000,0.010047,0.728175,0.000000],[0.097333,0.125543,0.000000,0.010747,0.766377,0.000000],[0.079266,0.085426,0.000000,0.010306,0.825001,0.000000],[0.048216,0.026277,0.017324,0.005922,0.902261,0.000000],[1.000000,0.000000,0.000000,0.000000,0.000000,0.000000]],
  [[1.000000,0.000000,0.000000,0.000000,0.000000,0.000000],[0.810328,0.062539,0.072000,0.009349,0.045783,0.000000],[0.813621,0.067474,0.062614,0.009320,0.046972,0.000000],[1.000000,0.000000,0.000000,0.000000,0.000000,0.000000],[1.000000,0.000000,0.000000,0.000000,0.000000,0.000000],[0.059398,0.039139,0.072927,0.007344,0.821192,0.000000],[0.916335,0.037888,0.008398,0.006856,0.030524,0.000000],[0.051639,0.043633,0.000000,0.006898,0.897830,0.000000],[0.000000,0.000000,0.000000,0.000000,0.000000,1.000000],[0.811271,0.122992,0.000000,0.010777,0.054959,0.000000],[0.800199,0.133136,0.000000,0.011339,0.055326,0.000000],[0.108851,0.134743,0.000000,0.011880,0.744526,0.000000],[0.104831,0.125553,0.000000,0.011483,0.758133,0.000000],[0.799172,0.126253,0.000000,0.011652,0.062923,0.000000],[0.000000,0.000000,0.000000,0.000000,0.000000,1.000000],[0.818269,0.116038,0.000000,0.010444,0.055249,0.000000],[0.861818,0.084541,0.000000,0.010375,0.043266,0.000000],[0.079075,0.086485,0.000000,0.010421,0.824020,0.000000],[0.097887,0.124936,0.000000,0.010654,0.766523,0.000000],[0.778046,0.142313,0.000000,0.010482,0.069159,0.000000],[0.501833,0.233897,0.000000,0.022445,0.241825,0.000000],[0.774653,0.145555,0.000000,0.010582,0.069211,0.000000],[0.098123,0.125508,0.000000,0.010718,0.765652,0.000000],[0.851864,0.093257,0.000000,0.011031,0.043848,0.000000],[0.851813,0.092051,0.000000,0.011128,0.045008,0.000000],[0.096215,0.124870,0.000000,0.010696,0.768219,0.000000],[0.097040,0.125709,0.000000,0.010776,0.766475,0.000000],[0.798025,0.135465,0.000000,0.011377,0.055133,0.000000],[0.798429,0.135035,0.000000,0.011326,0.055210,0.000000],[0.800742,0.133632,0.000000,0.011194,0.054432,0.000000],[0.080199,0.085192,0.000000,0.010260,0.824349,0.000000],[0.853865,0.089892,0.000000,0.010977,0.045265,0.000000],[0.802885,0.129961,0.000000,0.011205,0.055950,0.000000],[0.125857,0.134312,0.000000,0.009857,0.729975,0.000000],[0.777086,0.142809,0.000000,0.010527,0.069578,0.000000],[0.780241,0.140990,0.000000,0.010374,0.068395,0.000000],[0.799613,0.133570,0.000000,0.011385,0.055431,0.000000],[0.855903,0.090221,0.000000,0.010745,0.043131,0.000000],[0.918935,0.028379,0.018534,0.006579,0.027573,0.000000],[1.000000,0.000000,0.000000,0.000000,0.000000,0.000000]],
  [[1.000000,0.000000,0.000000,0.000000,0.000000,0.000000],[0.794046,0.065308,0.071676,0.009094,0.059876,0.000000],[0.785148,0.113929,0.027236,0.009510,0.064177,0.000000],[0.791056,0.066759,0.072185,0.009237,0.060763,0.000000],[1.000000,0.000000,0.000000,0.000000,0.000000,0.000000],[1.000000,0.000000,0.000000,0.000000,0.000000,0.000000],[0.919007,0.028294,0.018543,0.006569,0.027587,0.000000],[0.916751,0.037696,0.008348,0.006819,0.030386,0.000000],[0.075053,0.075053,0.000000,0.009465,0.840429,0.000000],[0.866182,0.080272,0.000000,0.010059,0.043487,0.000000],[0.859083,0.085027,0.000000,0.010601,0.045288,0.000000],[0.798411,0.134206,0.000000,0.011438,0.055944,0.000000],[0.119280,0.126550,0.000000,0.009569,0.744601,0.000000],[0.000000,0.000000,0.000000,0.000000,0.000000,1.000000],[0.799252,0.122940,0.000000,0.009531,0.068278,0.000000],[0.809588,0.123971,0.000000,0.010872,0.055569,0.000000],[0.080167,0.084888,0.000000,0.010205,0.824740,0.000000],[0.853919,0.091995,0.000000,0.010856,0.043230,0.000000],[0.798943,0.134066,0.000000,0.011434,0.055557,0.000000],[0.780236,0.141115,0.000000,0.010387,0.068262,0.000000],[0.779888,0.140169,0.000000,0.010419,0.069524,0.000000],[0.776516,0.144542,0.000000,0.010503,0.068439,0.000000],[0.109313,0.134542,0.000000,0.011842,0.744303,0.000000],[0.797554,0.134170,0.000000,0.011538,0.056738,0.000000],[0.798207,0.132943,0.000000,0.011493,0.057357,0.000000],[0.795621,0.135427,0.000000,0.011661,0.057291,0.000000],[0.797774,0.134118,0.000000,0.011536,0.056572,0.000000],[0.850223,0.092974,0.000000,0.011253,0.045550,0.000000],[0.080752,0.085921,0.000000,0.010365,0.822963,0.000000],[0.853582,0.092199,0.000000,0.010885,0.043334,0.000000],[0.854256,0.091228,0.000000,0.010894,0.043621,0.000000],[0.853774,0.091515,0.000000,0.010933,0.043778,0.000000],[0.802767,0.130875,0.000000,0.011222,0.055137,0.000000],[0.798506,0.134320,0.000000,0.011461,0.055713,0.000000],[0.797541,0.134877,0.000000,0.011509,0.056073,0.000000],[0.799016,0.133986,0.000000,0.011423,0.055575,0.000000],[0.803805,0.130171,0.000000,0.011146,0.054878,0.000000],[0.857410,0.087749,0.000000,0.010669,0.044172,0.000000],[0.920248,0.028120,0.017418,0.006580,0.027634,0.000000],[1.000000,0.000000,0.000000,0.000000,0.000000,0.000000]],
  [[1.000000,0.000000,0.000000,0.000000,0.000000,0.000000],[0.790628,0.066572,0.072397,0.009219,0.061183,0.000000],[0.502432,0.234205,0.000000,0.022418,0.240946,0.000000],[0.783197,0.115028,0.027468,0.009613,0.064693,0.000000],[0.804055,0.065751,0.072364,0.009831,0.048000,0.000000],[1.000000,0.000000,0.000000,0.000000,0.000000,0.000000],[1.000000,0.000000,0.000000,0.000000,0.000000,0.000000],[0.912257,0.031430,0.019220,0.007188,0.029906,0.000000],[0.065448,0.047637,0.021005,0.006503,0.859407,0.000000],[0.000000,0.000000,0.000000,0.000000,0.000000,1.000000],[0.816201,0.114871,0.000000,0.010644,0.058284,0.000000],[0.776812,0.144065,0.000000,0.012778,0.066345,0.000000],[0.765816,0.144527,0.000000,0.011211,0.078446,0.000000],[0.492775,0.240521,0.000000,0.025440,0.241264,0.000000],[0.123752,0.124277,0.000000,0.009571,0.742400,0.000000],[0.799198,0.133747,0.000000,0.011395,0.055659,0.000000],[0.853589,0.090926,0.000000,0.010966,0.044519,0.000000],[0.852792,0.092078,0.000000,0.011008,0.044123,0.000000],[0.098738,0.120785,0.000000,0.010413,0.770064,0.000000],[0.799313,0.133022,0.000000,0.011423,0.056242,0.000000],[0.798548,0.133476,0.000000,0.011464,0.056513,0.000000],[0.097009,0.125785,0.000000,0.010782,0.766424,0.000000],[0.776012,0.145993,0.000000,0.012875,0.065120,0.000000],[0.776107,0.143694,0.000000,0.010615,0.069584,0.000000],[0.756801,0.152540,0.000000,0.011692,0.078967,0.000000],[0.755823,0.153206,0.000000,0.011755,0.079217,0.000000],[0.772347,0.146447,0.000000,0.013125,0.068081,0.000000],[0.798729,0.132664,0.000000,0.011469,0.057138,0.000000],[0.799747,0.133672,0.000000,0.011402,0.055180,0.000000],[0.079209,0.086801,0.000000,0.010474,0.823516,0.000000],[0.057749,0.051546,0.000000,0.007983,0.882722,0.000000],[0.854928,0.090156,0.000000,0.010865,0.044052,0.000000],[0.081937,0.084041,0.000000,0.010088,0.823934,0.000000],[0.853747,0.090842,0.000000,0.010959,0.044452,0.000000],[0.080376,0.085315,0.000000,0.010273,0.824036,0.000000],[0.079299,0.086830,0.000000,0.010473,0.823397,0.000000],[0.079240,0.085441,0.000000,0.010321,0.824997,0.000000],[0.856743,0.089717,0.000000,0.010677,0.042862,0.000000],[0.919831,0.028120,0.017930,0.006550,0.027568,0.000000],[1.000000,0.000000,0.000000,0.000000,0.000000,0.000000]],
  [[1.000000,0.000000,0.000000,0.000000,0.000000,0.000000],[0.794095,0.065164,0.071730,0.009092,0.059920,0.000000],[0.781420,0.139196,0.000000,0.010319,0.069065,0.000000],[0.782660,0.138622,0.000000,0.010282,0.068436,0.000000],[0.815543,0.103939,0.022606,0.009484,0.048427,0.000000],[0.833789,0.046181,0.075938,0.008553,0.035540,0.000000],[0.059628,0.039502,0.073100,0.007401,0.820370,0.000000],[1.000000,0.000000,0.000000,0.000000,0.000000,0.000000],[0.851227,0.040152,0.065706,0.007795,0.035121,0.000000],[0.000000,0.000000,0.000000,0.000000,0.000000,1.000000],[0.832070,0.074564,0.021145,0.007998,0.064223,0.000000],[0.771170,0.140415,0.000000,0.010945,0.077470,0.000000],[0.160267,0.158338,0.000000,0.011656,0.669740,0.000000],[0.755450,0.153938,0.000000,0.011610,0.079002,0.000000],[0.779254,0.141554,0.000000,0.010418,0.068774,0.000000],[0.798628,0.134898,0.000000,0.011307,0.055167,0.000000],[0.095929,0.124212,0.000000,0.010624,0.769235,0.000000],[0.799963,0.134279,0.000000,0.011265,0.054493,0.000000],[0.796349,0.136283,0.000000,0.011445,0.055923,0.000000],[0.796923,0.135991,0.000000,0.011419,0.055668,0.000000],[0.096825,0.124163,0.000000,0.010592,0.768419,0.000000],[0.851126,0.093665,0.000000,0.011086,0.044123,0.000000],[0.098451,0.126184,0.000000,0.010790,0.764575,0.000000],[0.772292,0.145927,0.000000,0.010800,0.070980,0.000000],[0.484681,0.251882,0.000000,0.025061,0.238375,0.000000],[0.164330,0.165830,0.000000,0.012351,0.657490,0.000000],[0.750027,0.156481,0.000000,0.012028,0.081465,0.000000],[0.781342,0.138040,0.000000,0.010417,0.070201,0.000000],[0.799701,0.132826,0.000000,0.011405,0.056069,0.000000],[0.079339,0.086938,0.000000,0.010491,0.823232,0.000000],[0.898119,0.058314,0.000000,0.008716,0.034852,0.000000],[0.897929,0.057909,0.000000,0.008782,0.035380,0.000000],[0.897635,0.057651,0.000000,0.008819,0.035895,0.000000],[0.897702,0.058032,0.000000,0.008803,0.035463,0.000000],[0.897745,0.058025,0.000000,0.008801,0.035429,0.000000],[0.897126,0.059117,0.000000,0.008746,0.035011,0.000000],[0.057864,0.052427,0.000000,0.008024,0.881685,0.000000],[0.899714,0.057452,0.000000,0.008560,0.034274,0.000000],[0.048626,0.025984,0.016723,0.005863,0.902804,0.000000],[1.000000,0.000000,0.000000,0.000000,0.000000,0.000000]],
