[
  [[1.000000,0.000000,0.000000,0.000000,0.000000,0.000000],[1.000000,0.000000,0.000000,0.000000,0.000000,0.000000],[1.000000,0.000000,0.000000,0.000000,0.000000,0.000000],[1.000000,0.000000,0.000000,0.000000,0.000000,0.000000],[1.000000,0.000000,0.000000,0.000000,0.000000,0.000000],[1.000000,0.000000,0.000000,0.000000,0.000000,0.000000],[1.000000,0.000000,0.000000,0.000000,0.000000,0.000000],[1.000000,0.000000,0.000000,0.000000,0.000000,0.000000],[1.000000,0.000000,0.000000,0.000000,0.000000,0.000000],[1.000000,0.000000,0.000000,0.000000,0.000000,0.000000],[1.000000,0.000000,0.000000,0.000000,0.000000,0.000000],[1.000000,0.000000,0.000000,0.000000,0.000000,0.000000],[1.000000,0.000000,0.000000,0.000000,0.000000,0.000000],[1.000000,0.000000,0.000000,0.000000,0.000000,0.000000],[1.000000,0.000000,0.000000,0.000000,0.000000,0.000000],[1.000000,0.000000,0.000000,0.000000,0.000000,0.000000],[1.000000,0.000000,0.000000,0.000000,0.000000,0.000000],[1.000000,0.000000,0.000000,0.000000,0.000000,0.000000],[1.000000,0.000000,0.000000,0.000000,0.000000,0.000000],[1.000000,0.000000,0.000000,0.000000,0.000000,0.000000],[1.000000,0.000000,0.000000,0.000000,0.000000,0.000000],[1.000000,0.000000,0.000000,0.000000,0.000000,0.000000],[1.000000,0.000000,0.000000,0.000000,0.000000,0.000000],[1.000000,0.000000,0.000000,0.000000,0.000000,0.000000],[1.000000,0.000000,0.000000,0.000000,0.000000,0.000000],[1.000000,0.000000,0.000000,0.000000,0.000000,0.000000],[1.000000,0.000000,0.000000,0.000000,0.000000,0.000000],[1.000000,0.000000,0.000000,0.000000,0.000000,0.000000],[1.000000,0.000000,0.000000,0.000000,0.000000,0.000000],[1.000000,0.000000,0.000000,0.000000,0.000000,0.000000],[1.000000,0.000000,0.000000,0.000000,0.000000,0.000000],[1.000000,0.000000,0.000000,0.000000,0.000000,0.000000],[1.000000,0.000000,0.000000,0.000000,0.000000,0.000000],[1.000000,0.000000,0.000000,0.000000,0.000000,0.000000],[1.000000,0.000000,0.000000,0.000000,0.000000,0.000000],[1.000000,0.000000,0.000000,0.000000,0.000000,0.000000],[1.000000,0.000000,0.000000,0.000000,0.000000,0.000000],[1.000000,0.000000,0.000000,0.000000,0.000000,0.000000],[1.000000,0.000000,0.000000,0.000000,0.000000,0.000000],[1.000000,0.000000,0.000000,0.000000,0.000000,0.000000]],
  [[1.000000,0.000000,0.000000,0.000000,0.000000,0.000000],[0.866119,0.037127,0.057917,0.007108,0.031730,0.000000],[0.809584,0.063000,0.071339,0.009537,0.046540,0.000000],[0.794879,0.064739,0.071611,0.009051,0.059720,0.000000],[0.790795,0.066023,0.074367,0.009052,0.059763,0.000000],[0.103978,0.065917,0.077117,0.008943,0.744045,0.000000],[0.078427,0.057228,0.068903,0.008592,0.786850,0.000000],[0.860594,0.038030,0.061798,0.007238,0.032340,0.000000],[1.000000,0.000000,0.000000,0.000000,0.000000,0.000000],[0.945758,0.019037,0.010564,0.004180,0.020460,0.000000],[0.028398,0.014449,0.008140,0.003070,0.945943,0.000000],[0.950014,0.017723,0.009577,0.003769,0.018917,0.000000],[0.949587,0.017915,0.009559,0.003833,0.019107,0.000000],[0.949621,0.017901,0.009554,0.003830,0.019094,0.000000],[0.950635,0.017454,0.009513,0.003683,0.018716,0.000000],[0.028488,0.014578,0.008162,0.003098,0.945674,0.000000],[0.950615,0.017466,0.009514,0.003685,0.018720,0.000000],[0.949964,0.017753,0.009581,0.003775,0.018927,0.000000],[0.035396,0.019344,0.011928,0.004181,0.929152,0.000000],[0.048170,0.026261,0.017932,0.005938,0.901698,0.000000],[0.833755,0.042831,0.081596,0.008299,0.033519,0.000000],[0.079297,0.057350,0.066619,0.008599,0.788135,0.000000],[0.103987,0.062018,0.071558,0.008585,0.753852,0.000000],[0.790496,0.066170,0.074418,0.009066,0.059850,0.000000],[0.792972,0.065242,0.073921,0.008979,0.058887,0.000000],[0.809863,0.062693,0.072138,0.009378,0.045929,0.000000],[0.833868,0.042893,0.080626,0.008339,0.034274,0.000000],[0.918831,0.028425,0.018548,0.006588,0.027609,0.000000],[0.059673,0.039433,0.073115,0.007387,0.820393,0.000000],[0.810247,0.062170,0.073900,0.009229,0.044454,0.000000],[0.104292,0.066128,0.077208,0.008965,0.743408,0.000000],[0.105923,0.067155,0.077725,0.009063,0.740133,0.000000],[0.793026,0.065186,0.073912,0.008973,0.058902,0.000000],[0.808385,0.063588,0.071575,0.009603,0.046849,0.000000],[0.835797,0.042747,0.078525,0.008354,0.034577,0.000000],[0.048202,0.026259,0.017321,0.005917,0.902301,0.000000],[0.939133,0.021692,0.012666,0.004753,0.021756,0.000000],[0.939644,0.021523,0.012437,0.004757,0.021639,0.000000],[0.944858,0.019438,0.010589,0.004299,0.020816,0.000000],[1.000000,0.000000,0.000000,0.000000,0.000000,0.000000]],
  [[1.000000,0.000000,0.000000,0.000000,0.000000,0.000000],[0.834806,0.042525,0.080341,0.008279,0.034048,0.000000],[0.804529,0.129565,0.000000,0.011064,0.054843,0.000000],[0.783176,0.137976,0.000000,0.010212,0.068636,0.000000],[0.495307,0.243114,0.000000,0.022983,0.238596,0.000000],[0.779016,0.143231,0.000000,0.010288,0.067464,0.000000],[0.096759,0.124456,0.000000,0.010615,0.768170,0.000000],[0.833419,0.042938,0.081714,0.008320,0.033608,0.000000],[1.000000,0.000000,0.000000,0.000000,0.000000,0.000000],[0.035306,0.019233,0.011908,0.004162,0.929392,0.000000],[0.926246,0.041348,0.000000,0.006156,0.026250,0.000000],[0.926743,0.040074,0.000000,0.006145,0.027037,0.000000],[0.926621,0.040143,0.000000,0.006159,0.027078,0.000000],[0.924999,0.041677,0.000000,0.006304,0.027020,0.000000],[0.925491,0.042027,0.000000,0.006168,0.026314,0.000000],[0.042112,0.037302,0.000000,0.005655,0.914932,0.000000],[0.924792,0.041803,0.000000,0.006325,0.027080,0.000000],[0.926436,0.040251,0.000000,0.006178,0.027136,0.000000],[0.925046,0.041999,0.000000,0.006274,0.026682,0.000000],[0.057756,0.052271,0.000000,0.007981,0.881991,0.000000],[0.856076,0.090704,0.000000,0.010669,0.042552,0.000000],[0.800837,0.132752,0.000000,0.011292,0.055120,0.000000],[0.780628,0.140648,0.000000,0.010325,0.068399,0.000000],[0.495039,0.243355,0.000000,0.023019,0.238587,0.000000],[0.782500,0.138442,0.000000,0.010255,0.068804,0.000000],[0.099767,0.121244,0.000000,0.010434,0.768554,0.000000],[0.855874,0.089589,0.000000,0.010778,0.043759,0.000000],[0.057580,0.051271,0.000000,0.007918,0.883231,0.000000],[0.855639,0.090378,0.000000,0.010766,0.043217,0.000000],[0.800038,0.133932,0.000000,0.011203,0.054827,0.000000],[0.125276,0.136922,0.000000,0.009953,0.727849,0.000000],[0.487003,0.253676,0.000000,0.024560,0.234761,0.000000],[0.777578,0.143615,0.000000,0.010402,0.068405,0.000000],[0.800455,0.132969,0.000000,0.011315,0.055261,0.000000],[0.855533,0.090450,0.000000,0.010778,0.043240,0.000000],[0.898573,0.057606,0.000000,0.008724,0.035096,0.000000],[0.057516,0.051180,0.000000,0.007901,0.883404,0.000000],[0.900069,0.056372,0.000000,0.008586,0.034972,0.000000],[0.920582,0.027797,0.017829,0.006485,0.027307,0.000000],[1.000000,0.000000,0.000000,0.000000,0.000000,0.000000]],
  [[1.000000,0.000000,0.000000,0.000000,0.000000,0.000000],[0.059681,0.039432,0.073120,0.007387,0.820380,0.000000],[0.096940,0.123541,0.000000,0.010503,0.769016,0.000000],[0.781198,0.140384,0.000000,0.010319,0.068100,0.000000],[0.780521,0.139663,0.000000,0.010370,0.069445,0.000000],[0.780857,0.140645,0.000000,0.010342,0.068155,0.000000],[0.097865,0.122802,0.000000,0.010493,0.768841,0.000000],[0.833418,0.046068,0.077109,0.008603,0.034802,0.000000],[1.000000,0.000000,0.000000,0.000000,0.000000,0.000000],[0.049783,0.029332,0.018274,0.006361,0.896250,0.000000],[0.898327,0.058481,0.000000,0.008630,0.034562,0.000000],[0.897772,0.057574,0.000000,0.008805,0.035849,0.000000],[0.897863,0.057941,0.000000,0.008787,0.035410,0.000000],[0.057837,0.052394,0.000000,0.008017,0.881751,0.000000],[0.059211,0.054588,0.000000,0.008196,0.878006,0.000000],[0.897614,0.058093,0.000000,0.008814,0.035480,0.000000],[0.897162,0.057930,0.000000,0.008869,0.036038,0.000000],[0.899180,0.056140,0.000000,0.008676,0.036005,0.000000],[0.897345,0.057822,0.000000,0.008850,0.035983,0.000000],[0.897654,0.058066,0.000000,0.008809,0.035470,0.000000],[0.079160,0.086613,0.000000,0.010440,0.823787,0.000000],[0.799726,0.133504,0.000000,0.011375,0.055395,0.000000],[0.783097,0.138212,0.000000,0.010252,0.068439,0.000000],[0.783776,0.136256,0.000000,0.010248,0.069720,0.000000],[0.782743,0.138451,0.000000,0.010274,0.068532,0.000000],[0.801145,0.131815,0.000000,0.011304,0.055737,0.000000],[0.853810,0.091462,0.000000,0.010924,0.043804,0.000000],[0.897056,0.058404,0.000000,0.008870,0.035670,0.000000],[0.080304,0.085193,0.000000,0.010255,0.824249,0.000000],[0.801162,0.131787,0.000000,0.011303,0.055748,0.000000],[0.782645,0.138447,0.000000,0.010273,0.068636,0.000000],[0.774819,0.145314,0.000000,0.010559,0.069308,0.000000],[0.123408,0.135746,0.000000,0.009874,0.730973,0.000000],[0.096664,0.124953,0.000000,0.010694,0.767689,0.000000],[0.080553,0.085618,0.000000,0.010322,0.823506,0.000000],[0.853071,0.091276,0.000000,0.011021,0.044632,0.000000],[0.853589,0.090973,0.000000,0.010975,0.044463,0.000000],[0.080115,0.084855,0.000000,0.010193,0.824837,0.000000],[0.836088,0.042650,0.078429,0.008339,0.034494,0.000000],[1.000000,0.000000,0.000000,0.000000,0.000000,0.000000]],
  [[1.000000,0.000000,0.000000,0.000000,0.000000,0.000000],[0.834263,0.042742,0.080509,0.008315,0.034171,0.000000],[0.803863,0.130965,0.000000,0.011129,0.054043,0.000000],[0.098017,0.123063,0.000000,0.010527,0.768393,0.000000],[0.798907,0.133202,0.000000,0.011436,0.056456,0.000000],[0.797646,0.134872,0.000000,0.011512,0.055971,0.000000],[0.800281,0.133297,0.000000,0.011361,0.055062,0.000000],[0.855775,0.068806,0.029441,0.008820,0.037157,0.000000],[0.067416,0.067178,0.022971,0.008035,0.834401,0.000000],[0.067465,0.066097,0.025421,0.008105,0.832913,0.000000],[0.059251,0.054661,0.000000,0.008204,0.877885,0.000000],[0.058510,0.051028,0.000000,0.007874,0.882588,0.000000],[0.855085,0.091302,0.000000,0.010761,0.042852,0.000000],[0.078532,0.088299,0.000000,0.010177,0.822993,0.000000],[0.078715,0.088557,0.000000,0.010214,0.822515,0.000000],[0.853628,0.091595,0.000000,0.010941,0.043836,0.000000],[0.853770,0.090852,0.000000,0.010961,0.044418,0.000000],[0.080125,0.085040,0.000000,0.010236,0.824598,0.000000],[0.854881,0.090841,0.000000,0.010840,0.043438,0.000000],[0.897408,0.058212,0.000000,0.008836,0.035544,0.000000],[0.079050,0.086518,0.000000,0.010429,0.824003,0.000000],[0.096311,0.123197,0.000000,0.010487,0.770005,0.000000],[0.803547,0.129528,0.000000,0.011158,0.055768,0.000000],[0.801872,0.130543,0.000000,0.011254,0.056331,0.000000],[0.803230,0.129736,0.000000,0.011179,0.055855,0.000000],[0.801004,0.132807,0.000000,0.011316,0.054874,0.000000],[0.080190,0.085104,0.000000,0.010245,0.824461,0.000000],[0.896849,0.058531,0.000000,0.008894,0.035726,0.000000],[0.854124,0.090641,0.000000,0.010933,0.044302,0.000000],[0.802658,0.130950,0.000000,0.011226,0.055166,0.000000],[0.802965,0.129905,0.000000,0.011196,0.055935,0.000000],[0.797227,0.135088,0.000000,0.011532,0.056153,0.000000],[0.096727,0.125219,0.000000,0.010724,0.767330,0.000000],[0.800381,0.134127,0.000000,0.011256,0.054237,0.000000],[0.800001,0.132713,0.000000,0.011403,0.055883,0.000000],[0.800227,0.131829,0.000000,0.011386,0.056557,0.000000],[0.799681,0.132110,0.000000,0.011405,0.056804,0.000000],[0.815354,0.104276,0.022126,0.009546,0.048698,0.000000],[0.815588,0.061933,0.067270,0.009146,0.046063,0.000000],[1.000000,0.000000,0.000000,0.000000,0.000000,0.000000]],
  [[1.000000,0.000000,0.000000,0.000000,0.000000,0.000000],[0.836575,0.042457,0.078289,0.008310,0.034368,0.000000],[0.856222,0.090035,0.000000,0.010721,0.043022,0.000000],[0.853081,0.091869,0.000000,0.010979,0.044071,0.000000],[0.799048,0.134729,0.000000,0.011296,0.054926,0.000000],[0.097749,0.125266,0.000000,0.010697,0.766288,0.000000],[0.098371,0.125869,0.000000,0.010754,0.765006,0.000000],[0.798305,0.134495,0.000000,0.011476,0.055724,0.000000],[0.800801,0.133662,0.000000,0.011192,0.054344,0.000000],[0.079432,0.088211,0.000000,0.010457,0.821900,0.000000],[0.855823,0.091466,0.000000,0.010628,0.042083,0.000000],[0.854156,0.091280,0.000000,0.010899,0.043665,0.000000],[0.853212,0.092401,0.000000,0.010910,0.043477,0.000000],[0.094312,0.126055,0.000000,0.010415,0.769218,0.000000],[0.095389,0.127373,0.000000,0.010540,0.766698,0.000000],[0.795927,0.135905,0.000000,0.011610,0.056558,0.000000],[0.799401,0.132965,0.000000,0.011417,0.056217,0.000000],[0.096458,0.123580,0.000000,0.010531,0.769431,0.000000],[0.855095,0.091886,0.000000,0.010688,0.042331,0.000000],[0.059320,0.054774,0.000000,0.008233,0.877674,0.000000],[0.855804,0.091453,0.000000,0.010629,0.042114,0.000000],[0.854270,0.091793,0.000000,0.010829,0.043108,0.000000],[0.853606,0.091609,0.000000,0.010944,0.043841,0.000000],[0.853104,0.091904,0.000000,0.010985,0.044007,0.000000],[0.080374,0.085362,0.000000,0.010283,0.823982,0.000000],[0.853820,0.091475,0.000000,0.010928,0.043777,0.000000],[0.080040,0.084927,0.000000,0.010221,0.824812,0.000000],[0.896579,0.058268,0.000000,0.008932,0.036221,0.000000],[0.855140,0.089131,0.000000,0.010873,0.044857,0.000000],[0.082020,0.084247,0.000000,0.010123,0.823610,0.000000],[0.853615,0.090033,0.000000,0.010996,0.045355,0.000000],[0.852344,0.091715,0.000000,0.011082,0.044859,0.000000],[0.080887,0.086199,0.000000,0.010410,0.822505,0.000000],[0.849974,0.093164,0.000000,0.011283,0.045580,0.000000],[0.803045,0.128407,0.000000,0.011289,0.057260,0.000000],[0.777420,0.140802,0.000000,0.010652,0.071126,0.000000],[0.778014,0.118281,0.027868,0.009890,0.065947,0.000000],[0.794404,0.073663,0.061656,0.009331,0.060947,0.000000],[1.000000,0.000000,0.000000,0.000000,0.000000,0.000000],[1.000000,0.000000,0.000000,0.000000,0.000000,0.000000]],
  [[1.000000,0.000000,0.000000,0.000000,0.000000,0.000000],[0.048188,0.026236,0.017318,0.005913,0.902345,0.000000],[0.856934,0.089628,0.000000,0.010664,0.042774,0.000000],[0.080400,0.085238,0.000000,0.010260,0.824102,0.000000],[0.097748,0.124971,0.000000,0.010661,0.766620,0.000000],[0.775583,0.145068,0.000000,0.010544,0.068804,0.000000],[0.772156,0.147075,0.000000,0.010712,0.070057,0.000000],[0.124889,0.136514,0.000000,0.009955,0.728642,0.000000],[0.799326,0.133015,0.000000,0.011426,0.056233,0.000000],[0.852777,0.092123,0.000000,0.011018,0.044082,0.000000],[0.079441,0.085897,0.000000,0.010394,0.824268,0.000000],[0.800719,0.133010,0.000000,0.011340,0.054931,0.000000],[0.796730,0.135441,0.000000,0.011570,0.056260,0.000000],[0.109805,0.138058,0.000000,0.012166,0.739970,0.000000],[0.138091,0.148461,0.000000,0.011231,0.702217,0.000000],[0.754803,0.154710,0.000000,0.011689,0.078797,0.000000],[0.778956,0.140856,0.000000,0.010486,0.069702,0.000000],[0.798660,0.133491,0.000000,0.011470,0.056379,0.000000],[0.079795,0.087612,0.000000,0.010588,0.822004,0.000000],[0.079573,0.088406,0.000000,0.010488,0.821532,0.000000],[0.079234,0.086787,0.000000,0.010469,0.823510,0.000000],[0.854248,0.091219,0.000000,0.010892,0.043640,0.000000],[0.080053,0.084923,0.000000,0.010218,0.824806,0.000000],[0.058034,0.052726,0.000000,0.008084,0.881156,0.000000],[0.896941,0.058478,0.000000,0.008885,0.035697,0.000000],[0.896921,0.058490,0.000000,0.008887,0.035701,0.000000],[0.898545,0.056510,0.000000,0.008744,0.036200,0.000000],[0.898527,0.056524,0.000000,0.008747,0.036202,0.000000],[0.896522,0.058305,0.000000,0.008939,0.036234,0.000000],[0.896201,0.058483,0.000000,0.008971,0.036344,0.000000],[0.853411,0.091753,0.000000,0.010969,0.043867,0.000000],[0.802245,0.131264,0.000000,0.011260,0.055231,0.000000],[0.799175,0.133187,0.000000,0.011445,0.056193,0.000000],[0.795386,0.135570,0.000000,0.011678,0.057365,0.000000],[0.773380,0.146008,0.000000,0.013084,0.067528,0.000000],[0.748592,0.159160,0.000000,0.012079,0.080170,0.000000],[0.466284,0.198724,0.084784,0.021526,0.228682,0.000000],[1.000000,0.000000,0.000000,0.000000,0.000000,0.000000],[0.817198,0.061689,0.063249,0.009067,0.048797,0.000000],[1.000000,0.000000,0.000000,0.000000,0.000000,0.000000]],
  [[1.000000,0.000000,0.000000,0.000000,0.000000,0.000000],[0.048179,0.026222,0.017316,0.005910,0.902373,0.000000],[0.856861,0.089636,0.000000,0.010664,0.042839,0.000000],[0.810419,0.123564,0.000000,0.010840,0.055177,0.000000],[0.784453,0.137006,0.000000,0.012525,0.066015,0.000000],[0.764864,0.144243,0.000000,0.011283,0.079610,0.000000],[0.487009,0.249520,0.000000,0.024725,0.238745,0.000000],[0.758028,0.151736,0.000000,0.011613,0.078624,0.000000],[0.798396,0.132812,0.000000,0.011485,0.057306,0.000000],[0.851595,0.092227,0.000000,0.011156,0.045021,0.000000],[0.080619,0.085913,0.000000,0.010371,0.823097,0.000000],[0.797214,0.135236,0.000000,0.011554,0.055996,0.000000],[0.125391,0.137374,0.000000,0.010034,0.727200,0.000000],[0.745429,0.161458,0.000000,0.012039,0.081075,0.000000],[0.720013,0.174985,0.000000,0.012642,0.092360,0.000000],[0.479206,0.258928,0.000000,0.026117,0.235750,0.000000],[0.767570,0.149925,0.000000,0.010970,0.071535,0.000000],[0.771694,0.149380,0.000000,0.012967,0.065960,0.000000],[0.796160,0.136766,0.000000,0.011508,0.055566,0.000000],[0.800611,0.134346,0.000000,0.011279,0.053765,0.000000],[0.095807,0.125606,0.000000,0.010662,0.767925,0.000000],[0.801082,0.133446,0.000000,0.011173,0.054298,0.000000],[0.854339,0.091171,0.000000,0.010886,0.043604,0.000000],[0.897176,0.058351,0.000000,0.008862,0.035611,0.000000],[0.042309,0.036617,0.000000,0.005642,0.915431,0.000000],[0.924401,0.041360,0.000000,0.006384,0.027855,0.000000],[0.926555,0.039451,0.000000,0.006180,0.027814,0.000000],[0.926447,0.039512,0.000000,0.006192,0.027850,0.000000],[0.924117,0.041524,0.000000,0.006415,0.027944,0.000000],[0.060564,0.051045,0.000000,0.007857,0.880533,0.000000],[0.853337,0.091135,0.000000,0.011003,0.044524,0.000000],[0.099368,0.121518,0.000000,0.010487,0.768627,0.000000],[0.780975,0.139655,0.000000,0.010385,0.068985,0.000000],[0.775496,0.142903,0.000000,0.010666,0.070935,0.000000],[0.140369,0.146300,0.000000,0.011092,0.702239,0.000000],[0.750638,0.157784,0.000000,0.011962,0.079616,0.000000],[0.108410,0.113509,0.020564,0.008879,0.748638,0.000000],[0.105934,0.112142,0.020341,0.008678,0.752904,0.000000],[0.079988,0.058627,0.067510,0.008834,0.785042,0.000000],[1.000000,0.000000,0.000000,0.000000,0.000000,0.000000]],
  [[1.000000,0.000000,0.000000,0.000000,0.000000,0.000000],[0.919903,0.028077,0.017924,0.006542,0.027554,0.000000],[0.858363,0.087154,0.000000,0.010583,0.043900,0.000000],[0.814716,0.118402,0.000000,0.010631,0.056252,0.000000],[0.000000,0.000000,0.000000,0.000000,0.000000,1.000000],[0.745346,0.153034,0.000000,0.011733,0.089887,0.000000],[0.731825,0.164769,0.000000,0.012290,0.091116,0.000000],[0.761950,0.148065,0.000000,0.011489,0.078496,0.000000],[0.802396,0.128781,0.000000,0.011324,0.057499,0.000000],[0.850390,0.092046,0.000000,0.011282,0.046283,0.000000],[0.850553,0.091944,0.000000,0.011267,0.046236,0.000000],[0.795449,0.135534,0.000000,0.011673,0.057344,0.000000],[0.771226,0.146575,0.000000,0.010864,0.071335,0.000000],[0.480657,0.256962,0.000000,0.025774,0.236606,0.000000],[0.718199,0.176193,0.000000,0.012756,0.092853,0.000000],[0.157029,0.162713,0.000000,0.012793,0.667465,0.000000],[0.137219,0.156026,0.000000,0.011490,0.695264,0.000000],[0.124432,0.150419,0.000000,0.013782,0.711367,0.000000],[0.138595,0.150060,0.000000,0.011397,0.699948,0.000000],[0.140300,0.149380,0.000000,0.011327,0.698993,0.000000],[0.775673,0.145513,0.000000,0.010512,0.068303,0.000000],[0.097356,0.124677,0.000000,0.010638,0.767329,0.000000],[0.853761,0.091520,0.000000,0.010935,0.043784,0.000000],[0.897077,0.058409,0.000000,0.008872,0.035642,0.000000],[0.897163,0.058357,0.000000,0.008863,0.035617,0.000000],[0.896996,0.058453,0.000000,0.008881,0.035669,0.000000],[0.898500,0.056548,0.000000,0.008751,0.036201,0.000000],[0.896378,0.058388,0.000000,0.008955,0.036279,0.000000],[0.896277,0.058447,0.000000,0.008965,0.036311,0.000000],[0.896003,0.058605,0.000000,0.008994,0.036398,0.000000],[0.852930,0.091397,0.000000,0.011040,0.044634,0.000000],[0.801165,0.131047,0.000000,0.011309,0.056479,0.000000],[0.776030,0.143586,0.000000,0.010600,0.069785,0.000000],[0.487637,0.251319,0.000000,0.024147,0.236897,0.000000],[0.754422,0.155070,0.000000,0.011734,0.078774,0.000000],[0.772753,0.147199,0.000000,0.013111,0.066937,0.000000],[0.793893,0.138017,0.000000,0.011608,0.056483,0.000000],[0.095616,0.125255,0.000000,0.010614,0.768515,0.000000],[0.810270,0.062056,0.075084,0.009194,0.043396,0.000000],[1.000000,0.000000,0.000000,0.000000,0.000000,0.000000]],
  [[1.000000,0.000000,0.000000,0.000000,0.000000,0.000000],[0.920147,0.027965,0.017894,0.006520,0.027475,0.000000],[0.858816,0.086862,0.000000,0.010541,0.043782,0.000000],[0.818331,0.113515,0.000000,0.010521,0.057632,0.000000],[0.784758,0.128695,0.000000,0.010326,0.076220,0.000000],[0.517721,0.203866,0.000000,0.023062,0.255350,0.000000],[0.755518,0.152936,0.000000,0.011696,0.079850,0.000000],[0.772547,0.146288,0.000000,0.013098,0.068067,0.000000],[0.779141,0.142484,0.000000,0.012743,0.065631,0.000000],[0.804007,0.127822,0.000000,0.011234,0.056936,0.000000],[0.802368,0.128800,0.000000,0.011327,0.057505,0.000000],[0.776086,0.144334,0.000000,0.012920,0.066661,0.000000],[0.755672,0.154514,0.000000,0.011696,0.078118,0.000000],[0.142266,0.150368,0.000000,0.011415,0.695951,0.000000],[0.747327,0.160745,0.000000,0.012005,0.079923,0.000000],[0.126663,0.151475,0.000000,0.013961,0.707901,0.000000],[0.137717,0.157526,0.000000,0.011632,0.693125,0.000000],[0.157353,0.166968,0.000000,0.013046,0.662634,0.000000],[0.716519,0.177654,0.000000,0.012993,0.092835,0.000000],[0.477667,0.260150,0.000000,0.026186,0.235997,0.000000],[0.767128,0.150296,0.000000,0.010998,0.071578,0.000000],[0.099197,0.124909,0.000000,0.010720,0.765174,0.000000],[0.853086,0.091942,0.000000,0.010994,0.043978,0.000000],[0.057802,0.051645,0.000000,0.008003,0.882550,0.000000],[0.057791,0.051627,0.000000,0.008000,0.882582,0.000000],[0.853861,0.091471,0.000000,0.010929,0.043739,0.000000],[0.082080,0.084357,0.000000,0.010139,0.823423,0.000000],[0.852812,0.092100,0.000000,0.011017,0.044071,0.000000],[0.080431,0.085570,0.000000,0.010319,0.823680,0.000000],[0.852850,0.091438,0.000000,0.011047,0.044666,0.000000],[0.856250,0.087237,0.000000,0.010791,0.045722,0.000000],[0.802043,0.130540,0.000000,0.011262,0.056155,0.000000],[0.779166,0.141773,0.000000,0.010449,0.068612,0.000000],[0.126785,0.138077,0.000000,0.010085,0.725054,0.000000],[0.779378,0.140616,0.000000,0.010471,0.069535,0.000000],[0.805126,0.127031,0.000000,0.011149,0.056694,0.000000],[0.851477,0.092249,0.000000,0.011154,0.045121,0.000000],[0.080150,0.084991,0.000000,0.010218,0.824641,0.000000],[0.834152,0.042801,0.080533,0.008325,0.034189,0.000000],[1.000000,0.000000,0.000000,0.000000,0.000000,0.000000]],
  [[1.000000,0.000000,0.000000,0.000000,0.000000,0.000000],[0.048518,0.025816,0.016695,0.005830,0.903140,0.000000],[0.864519,0.081912,0.000000,0.010166,0.043403,0.000000],[0.819812,0.112590,0.000000,0.010428,0.057171,0.000000],[0.000000,0.000000,0.000000,0.000000,0.000000,1.000000],[0.791968,0.128898,0.000000,0.009839,0.069295,0.000000],[0.782079,0.138851,0.000000,0.010304,0.068765,0.000000],[0.100626,0.123552,0.000000,0.010698,0.765125,0.000000],[0.798266,0.132971,0.000000,0.011504,0.057259,0.000000],[0.782822,0.137219,0.000000,0.010352,0.069607,0.000000],[0.778507,0.139727,0.000000,0.010566,0.071199,0.000000],[0.759958,0.150926,0.000000,0.011559,0.077557,0.000000],[0.112572,0.137490,0.000000,0.012192,0.737746,0.000000],[0.790563,0.138715,0.000000,0.011993,0.058728,0.000000],[0.789545,0.140271,0.000000,0.012057,0.058126,0.000000],[0.765724,0.152669,0.000000,0.013539,0.068068,0.000000],[0.741308,0.164860,0.000000,0.012314,0.081518,0.000000],[0.468931,0.267768,0.000000,0.028075,0.235226,0.000000],[0.682033,0.196575,0.000000,0.014633,0.106760,0.000000],[0.721203,0.172547,0.000000,0.013588,0.092662,0.000000],[0.752608,0.156512,0.000000,0.011868,0.079012,0.000000],[0.797388,0.134353,0.000000,0.011557,0.056701,0.000000],[0.852532,0.092265,0.000000,0.011037,0.044165,0.000000],[0.853861,0.092054,0.000000,0.010865,0.043219,0.000000],[0.079619,0.086099,0.000000,0.010421,0.823861,0.000000],[0.851643,0.092779,0.000000,0.011105,0.044474,0.000000],[0.802844,0.130071,0.000000,0.011217,0.055868,0.000000],[0.796471,0.135665,0.000000,0.011591,0.056273,0.000000],[0.099125,0.124700,0.000000,0.010697,0.765477,0.000000],[0.799324,0.133076,0.000000,0.011434,0.056166,0.000000],[0.808488,0.124934,0.000000,0.010948,0.055630,0.000000],[0.803444,0.129714,0.000000,0.011187,0.055655,0.000000],[0.097538,0.124997,0.000000,0.010676,0.766788,0.000000],[0.795456,0.136925,0.000000,0.011507,0.056112,0.000000],[0.796096,0.135904,0.000000,0.011619,0.056380,0.000000],[0.802664,0.130225,0.000000,0.011235,0.055876,0.000000],[0.852048,0.091888,0.000000,0.011105,0.044959,0.000000],[0.855667,0.089740,0.000000,0.010803,0.043790,0.000000],[0.834289,0.042755,0.080490,0.008319,0.034148,0.000000],[1.000000,0.000000,0.000000,0.000000,0.000000,0.000000]],
  [[1.000000,0.000000,0.000000,0.000000,0.000000,0.000000],[0.920256,0.027758,0.018370,0.006460,0.027155,0.000000],[0.869191,0.078550,0.000000,0.009818,0.042440,0.000000],[0.000000,0.000000,0.000000,0.000000,0.000000,1.000000],[0.829058,0.103348,0.000000,0.009810,0.057784,0.000000],[0.817893,0.113856,0.000000,0.010549,0.057702,0.000000],[0.802839,0.130719,0.000000,0.011194,0.055249,0.000000],[0.798981,0.134104,0.000000,0.011443,0.055472,0.000000],[0.795424,0.136312,0.000000,0.011652,0.056611,0.000000],[0.777644,0.141662,0.000000,0.010556,0.070138,0.000000],[0.498912,0.236730,0.000000,0.022831,0.241527,0.000000],[0.756944,0.152647,0.000000,0.011701,0.078707,0.000000],[0.771902,0.146948,0.000000,0.013176,0.067974,0.000000],[0.794285,0.135617,0.000000,0.011768,0.058330,0.000000],[0.795581,0.134873,0.000000,0.011701,0.057845,0.000000],[0.113431,0.135670,0.000000,0.012102,0.738797,0.000000],[0.747891,0.158465,0.000000,0.012223,0.081421,0.000000],[0.698496,0.184350,0.000000,0.014152,0.103002,0.000000],[0.688943,0.191586,0.000000,0.014473,0.104998,0.000000],[0.159677,0.163218,0.000000,0.012755,0.664350,0.000000],[0.768645,0.149874,0.000000,0.013380,0.068101,0.000000],[0.797165,0.135341,0.000000,0.011564,0.055930,0.000000],[0.079716,0.086247,0.000000,0.010444,0.823593,0.000000],[0.801192,0.132676,0.000000,0.011302,0.054830,0.000000],[0.800638,0.132143,0.000000,0.011339,0.055881,0.000000],[0.796864,0.134478,0.000000,0.011562,0.057096,0.000000],[0.777506,0.143244,0.000000,0.012802,0.066448,0.000000],[0.762439,0.149241,0.000000,0.011400,0.076920,0.000000],[0.776389,0.142312,0.000000,0.010608,0.070691,0.000000],[0.780557,0.139928,0.000000,0.010410,0.069105,0.000000],[0.806573,0.126103,0.000000,0.011058,0.056265,0.000000],[0.852333,0.090831,0.000000,0.011111,0.045725,0.000000],[0.852021,0.091920,0.000000,0.011113,0.044946,0.000000],[0.096759,0.124168,0.000000,0.010595,0.768478,0.000000],[0.098513,0.124116,0.000000,0.010642,0.766729,0.000000],[0.800313,0.131560,0.000000,0.011357,0.056770,0.000000],[0.802589,0.130138,0.000000,0.011220,0.056053,0.000000],[0.098040,0.119489,0.000000,0.010269,0.772203,0.000000],[0.835896,0.042729,0.078486,0.008352,0.034537,0.000000],[1.000000,0.000000,0.000000,0.000000,0.000000,0.000000]],
  [[1.000000,0.000000,0.000000,0.000000,0.000000,0.000000],[0.047926,0.025857,0.017251,0.005838,0.903128,0.000000],[0.873072,0.075478,0.000000,0.009462,0.041987,0.000000],[0.000000,0.000000,0.000000,0.000000,0.000000,1.000000],[0.000000,0.000000,0.000000,0.000000,0.000000,1.000000],[0.867178,0.079720,0.000000,0.009983,0.043118,0.000000],[0.855521,0.090993,0.000000,0.010713,0.042773,0.000000],[0.079494,0.087128,0.000000,0.010519,0.822859,0.000000],[0.097502,0.124837,0.000000,0.010652,0.767008,0.000000],[0.779219,0.141803,0.000000,0.010451,0.068528,0.000000],[0.775758,0.142771,0.000000,0.010652,0.070819,0.000000],[0.758552,0.151708,0.000000,0.011619,0.078121,0.000000],[0.763239,0.147532,0.000000,0.011451,0.077778,0.000000],[0.777637,0.140345,0.000000,0.010622,0.071395,0.000000],[0.775570,0.144226,0.000000,0.010672,0.069533,0.000000],[0.772481,0.147604,0.000000,0.013167,0.066749,0.000000],[0.764113,0.152731,0.000000,0.013659,0.069496,0.000000],[0.748177,0.156689,0.000000,0.012253,0.082881,0.000000],[0.476322,0.261576,0.000000,0.026385,0.235717,0.000000],[0.747223,0.159590,0.000000,0.012133,0.081053,0.000000],[0.791643,0.138713,0.000000,0.011893,0.057751,0.000000],[0.080017,0.086674,0.000000,0.010503,0.822806,0.000000],[0.079472,0.085730,0.000000,0.010363,0.824435,0.000000],[0.803290,0.130410,0.000000,0.011162,0.055138,0.000000],[0.784713,0.137169,0.000000,0.010159,0.067958,0.000000],[0.128125,0.136118,0.000000,0.009999,0.725757,0.000000],[0.759482,0.150703,0.000000,0.011511,0.078304,0.000000],[0.761954,0.147815,0.000000,0.011450,0.078781,0.000000],[0.490508,0.247524,0.000000,0.023594,0.238373,0.000000],[0.776726,0.142112,0.000000,0.010592,0.070570,0.000000],[0.799726,0.131960,0.000000,0.011401,0.056913,0.000000],[0.852515,0.090729,0.000000,0.011095,0.045661,0.000000],[0.852696,0.091535,0.000000,0.011059,0.044710,0.000000],[0.798412,0.134435,0.000000,0.011472,0.055681,0.000000],[0.779778,0.141383,0.000000,0.010410,0.068428,0.000000],[0.779169,0.140562,0.000000,0.010453,0.069817,0.000000],[0.782540,0.138583,0.000000,0.010285,0.068592,0.000000],[0.803329,0.130447,0.000000,0.011162,0.055062,0.000000],[0.833603,0.043007,0.080699,0.008355,0.034336,0.000000],[1.000000,0.000000,0.000000,0.000000,0.000000,0.000000]],
  [[1.000000,0.000000,0.000000,0.000000,0.000000,0.000000],[0.059405,0.038939,0.072906,0.007310,0.821441,0.000000],[0.872171,0.075960,0.000000,0.009527,0.042342,0.000000],[0.000000,0.000000,0.000000,0.000000,0.000000,1.000000],[0.000000,0.000000,0.000000,0.000000,0.000000,1.000000],[0.076137,0.073246,0.000000,0.009401,0.841216,0.000000],[0.057749,0.052242,0.000000,0.007986,0.882023,0.000000],[0.079063,0.086546,0.000000,0.010434,0.823957,0.000000],[0.801157,0.132723,0.000000,0.011309,0.054811,0.000000],[0.798194,0.134575,0.000000,0.011487,0.055744,0.000000],[0.099553,0.125454,0.000000,0.010775,0.764217,0.000000],[0.772800,0.147116,0.000000,0.013098,0.066986,0.000000],[0.764005,0.146932,0.000000,0.011393,0.077670,0.000000],[0.499224,0.236424,0.000000,0.022794,0.241558,0.000000],[0.776466,0.142419,0.000000,0.010627,0.070488,0.000000],[0.099884,0.126422,0.000000,0.010886,0.762808,0.000000],[0.792813,0.137326,0.000000,0.011855,0.058005,0.000000],[0.775213,0.143427,0.000000,0.010721,0.070638,0.000000],[0.772665,0.144789,0.000000,0.010835,0.071711,0.000000],[0.125270,0.137466,0.000000,0.010048,0.727216,0.000000],[0.797450,0.135017,0.000000,0.011529,0.056003,0.000000],[0.860002,0.086207,0.000000,0.010492,0.043299,0.000000],[0.865223,0.080853,0.000000,0.010147,0.043777,0.000000],[0.814852,0.116962,0.000000,0.010687,0.057499,0.000000],[0.797268,0.124089,0.000000,0.009625,0.069018,0.000000],[0.503995,0.227732,0.000000,0.023032,0.245241,0.000000],[0.763068,0.140633,0.000000,0.011412,0.084886,0.000000],[0.756068,0.146754,0.000000,0.011784,0.085393,0.000000],[0.764821,0.144393,0.000000,0.011303,0.079482,0.000000],[0.139704,0.144392,0.000000,0.010902,0.705002,0.000000],[0.778035,0.143823,0.000000,0.012783,0.065358,0.000000],[0.851489,0.092884,0.000000,0.011122,0.044506,0.000000],[0.079710,0.086301,0.000000,0.010453,0.823535,0.000000],[0.799412,0.132917,0.000000,0.011409,0.056262,0.000000],[0.779694,0.140210,0.000000,0.010423,0.069672,0.000000],[0.489483,0.249573,0.000000,0.023901,0.237043,0.000000],[0.778027,0.142211,0.000000,0.010475,0.069287,0.000000],[0.800251,0.133134,0.000000,0.011329,0.055286,0.000000],[0.059804,0.039589,0.073208,0.007410,0.819989,0.000000],[1.000000,0.000000,0.000000,0.000000,0.000000,0.000000]],
  [[1.000000,0.000000,0.000000,0.000000,0.000000,0.000000],[0.812016,0.061571,0.071742,0.009256,0.045415,0.000000],[0.817481,0.115306,0.000000,0.010513,0.056700,0.000000],[0.000000,0.000000,0.000000,0.000000,0.000000,1.000000],[0.824299,0.109757,0.000000,0.010135,0.055809,0.000000],[0.863550,0.084810,0.000000,0.010106,0.041535,0.000000],[0.898780,0.057937,0.000000,0.008648,0.034635,0.000000],[0.854760,0.090904,0.000000,0.010848,0.043488,0.000000],[0.854300,0.090541,0.000000,0.010918,0.044241,0.000000],[0.853055,0.091948,0.000000,0.010995,0.044002,0.000000],[0.080080,0.086819,0.000000,0.010530,0.822571,0.000000],[0.797777,0.134044,0.000000,0.011527,0.056652,0.000000],[0.783448,0.136745,0.000000,0.010306,0.069502,0.000000],[0.781135,0.138046,0.000000,0.010414,0.070404,0.000000],[0.780906,0.139750,0.000000,0.010397,0.068948,0.000000],[0.798069,0.133901,0.000000,0.011518,0.056512,0.000000],[0.097702,0.123490,0.000000,0.010592,0.768216,0.000000],[0.800905,0.131363,0.000000,0.011347,0.056385,0.000000],[0.797643,0.134123,0.000000,0.011536,0.056698,0.000000],[0.797998,0.134700,0.000000,0.011501,0.055801,0.000000],[0.095587,0.123605,0.000000,0.010561,0.770247,0.000000],[0.861290,0.084865,0.000000,0.010422,0.043423,0.000000],[0.000000,0.000000,0.000000,0.000000,0.000000,1.000000],[0.000000,0.000000,0.000000,0.000000,0.000000,1.000000],[0.800877,0.122915,0.000000,0.009463,0.066746,0.000000],[0.000000,0.000000,0.000000,0.000000,0.000000,1.000000],[0.777135,0.129974,0.000000,0.010769,0.082122,0.000000],[0.000000,0.000000,0.000000,0.000000,0.000000,1.000000],[0.774791,0.135453,0.000000,0.010821,0.078936,0.000000],[0.763145,0.148558,0.000000,0.011331,0.076966,0.000000],[0.778613,0.143431,0.000000,0.012742,0.065213,0.000000],[0.079963,0.086589,0.000000,0.010493,0.822955,0.000000],[0.079652,0.086176,0.000000,0.010434,0.823738,0.000000],[0.798948,0.134065,0.000000,0.011433,0.055555,0.000000],[0.777587,0.143828,0.000000,0.010440,0.068145,0.000000],[0.123721,0.137421,0.000000,0.010024,0.728833,0.000000],[0.123233,0.135573,0.000000,0.009862,0.731332,0.000000],[0.801471,0.132404,0.000000,0.011263,0.054861,0.000000],[0.059773,0.039550,0.073187,0.007405,0.820085,0.000000],[1.000000,0.000000,0.000000,0.000000,0.000000,0.000000]],
  [[1.000000,0.000000,0.000000,0.000000,0.000000,0.000000],[0.794424,0.064970,0.071669,0.009060,0.059878,0.000000],[0.799253,0.121929,0.000000,0.009521,0.069297,0.000000],[0.799160,0.123068,0.000000,0.009528,0.068244,0.000000],[0.095109,0.102414,0.000000,0.009509,0.792968,0.000000],[0.856982,0.088855,0.000000,0.010677,0.043485,0.000000],[0.060356,0.050635,0.000000,0.007770,0.881239,0.000000],[0.898945,0.056280,0.000000,0.008701,0.036074,0.000000],[0.898654,0.056458,0.000000,0.008734,0.036154,0.000000],[0.058643,0.051297,0.000000,0.007932,0.882128,0.000000],[0.853496,0.091041,0.000000,0.010991,0.044473,0.000000],[0.802136,0.131336,0.000000,0.011266,0.055262,0.000000],[0.802256,0.130420,0.000000,0.011250,0.056074,0.000000],[0.798413,0.133601,0.000000,0.011479,0.056507,0.000000],[0.802248,0.130425,0.000000,0.011251,0.056076,0.000000],[0.801788,0.131561,0.000000,0.011290,0.055361,0.000000],[0.853153,0.090337,0.000000,0.011043,0.045467,0.000000],[0.853654,0.090052,0.000000,0.011003,0.045290,0.000000],[0.853094,0.091290,0.000000,0.011023,0.044593,0.000000],[0.079464,0.085878,0.000000,0.010388,0.824270,0.000000],[0.855983,0.091325,0.000000,0.010609,0.042083,0.000000],[0.076442,0.080819,0.000000,0.009929,0.832810,0.000000],[0.867395,0.081180,0.000000,0.009835,0.041590,0.000000],[0.093166,0.104298,0.000000,0.009653,0.792883,0.000000],[0.817612,0.117061,0.000000,0.010473,0.054854,0.000000],[0.094750,0.112869,0.000000,0.010167,0.782214,0.000000],[0.807883,0.118414,0.000000,0.011327,0.062376,0.000000],[0.000000,0.000000,0.000000,0.000000,0.000000,1.000000],[0.511175,0.215616,0.000000,0.023486,0.249724,0.000000],[0.779736,0.140051,0.000000,0.010402,0.069810,0.000000],[0.796141,0.135747,0.000000,0.011593,0.056519,0.000000],[0.852376,0.092920,0.000000,0.010982,0.043722,0.000000],[0.854103,0.092464,0.000000,0.010766,0.042667,0.000000],[0.799988,0.134116,0.000000,0.011236,0.054661,0.000000],[0.095957,0.125807,0.000000,0.010680,0.767556,0.000000],[0.096658,0.126490,0.000000,0.010746,0.766106,0.000000],[0.798524,0.134913,0.000000,0.011312,0.055251,0.000000],[0.805388,0.129170,0.000000,0.011043,0.054399,0.000000],[0.835837,0.042742,0.078509,0.008353,0.034559,0.000000],[1.000000,0.000000,0.000000,0.000000,0.000000,0.000000]],
  [[1.000000,0.000000,0.000000,0.000000,0.000000,0.000000],[0.796231,0.065489,0.068222,0.008915,0.061143,0.000000],[0.492829,0.162467,0.076164,0.019834,0.248706,0.000000],[0.000000,0.000000,0.000000,0.000000,0.000000,1.000000],[0.810666,0.123229,0.000000,0.010795,0.055311,0.000000],[0.856236,0.090543,0.000000,0.010650,0.042571,0.000000],[0.897817,0.057973,0.000000,0.008791,0.035419,0.000000],[0.922892,0.042825,0.000000,0.006514,0.027769,0.000000],[0.924217,0.041463,0.000000,0.006403,0.027918,0.000000],[0.898306,0.056652,0.000000,0.008771,0.036272,0.000000],[0.854228,0.090606,0.000000,0.010931,0.044235,0.000000],[0.853689,0.090922,0.000000,0.010974,0.044414,0.000000],[0.080428,0.085511,0.000000,0.010308,0.823754,0.000000],[0.852985,0.091344,0.000000,0.011032,0.044639,0.000000],[0.082201,0.084522,0.000000,0.010165,0.823112,0.000000],[0.854191,0.089714,0.000000,0.010956,0.045139,0.000000],[0.854634,0.089459,0.000000,0.010921,0.044986,0.000000],[0.898131,0.056761,0.000000,0.008790,0.036318,0.000000],[0.896765,0.058591,0.000000,0.008906,0.035738,0.000000],[0.058554,0.051126,0.000000,0.007895,0.882425,0.000000],[0.897412,0.058980,0.000000,0.008722,0.034886,0.000000],[0.057858,0.052411,0.000000,0.008017,0.881714,0.000000],[0.079136,0.087671,0.000000,0.010377,0.822816,0.000000],[0.855068,0.090047,0.000000,0.010843,0.044042,0.000000],[0.853693,0.091512,0.000000,0.010924,0.043871,0.000000],[0.079828,0.086089,0.000000,0.010405,0.823678,0.000000],[0.811128,0.124844,0.000000,0.010739,0.053289,0.000000],[0.118451,0.125409,0.000000,0.009467,0.746673,0.000000],[0.788028,0.134107,0.000000,0.010045,0.067821,0.000000],[0.125404,0.133459,0.000000,0.009773,0.731364,0.000000],[0.800504,0.132238,0.000000,0.011348,0.055909,0.000000],[0.079710,0.086234,0.000000,0.010441,0.823615,0.000000],[0.095680,0.123901,0.000000,0.010593,0.769826,0.000000],[0.096681,0.125055,0.000000,0.010701,0.767562,0.000000],[0.798257,0.135310,0.000000,0.011356,0.055077,0.000000],[0.096963,0.125485,0.000000,0.010748,0.766805,0.000000],[0.800358,0.133154,0.000000,0.011351,0.055137,0.000000],[0.856282,0.088418,0.000000,0.010760,0.044540,0.000000],[0.836185,0.042619,0.078400,0.008335,0.034460,0.000000],[1.000000,0.000000,0.000000,0.000000,0.000000,0.000000]],
