[
  [[1.000000,0.000000,0.000000,0.000000,0.000000,0.000000],[1.000000,0.000000,0.000000,0.000000,0.000000,0.000000],[1.000000,0.000000,0.000000,0.000000,0.000000,0.000000],[1.000000,0.000000,0.000000,0.000000,0.000000,0.000000],[1.000000,0.000000,0.000000,0.000000,0.000000,0.000000],[1.000000,0.000000,0.000000,0.000000,0.000000,0.000000],[1.000000,0.000000,0.000000,0.000000,0.000000,0.000000],[1.000000,0.000000,0.000000,0.000000,0.000000,0.000000],[1.000000,0.000000,0.000000,0.000000,0.000000,0.000000],[1.000000,0.000000,0.000000,0.000000,0.000000,0.000000],[1.000000,0.000000,0.000000,0.000000,0.000000,0.000000],[1.000000,0.000000,0.000000,0.000000,0.000000,0.000000],[1.000000,0.000000,0.000000,0.000000,0.000000,0.000000],[1.000000,0.000000,0.000000,0.000000,0.000000,0.000000],[1.000000,0.000000,0.000000,0.000000,0.000000,0.000000],[1.000000,0.000000,0.000000,0.000000,0.000000,0.000000],[1.000000,0.000000,0.000000,0.000000,0.000000,0.000000],[1.000000,0.000000,0.000000,0.000000,0.000000,0.000000],[1.000000,0.000000,0.000000,0.000000,0.000000,0.000000],[1.000000,0.000000,0.000000,0.000000,0.000000,0.000000],[1.000000,0.000000,0.000000,0.000000,0.000000,0.000000],[1.000000,0.000000,0.000000,0.000000,0.000000,0.000000],[1.000000,0.000000,0.000000,0.000000,0.000000,0.000000],[1.000000,0.000000,0.000000,0.000000,0.000000,0.000000],[1.000000,0.000000,0.000000,0.000000,0.000000,0.000000],[1.000000,0.000000,0.000000,0.000000,0.000000,0.000000],[1.000000,0.000000,0.000000,0.000000,0.000000,0.000000],[1.000000,0.000000,0.000000,0.000000,0.000000,0.000000],[1.000000,0.000000,0.000000,0.000000,0.000000,0.000000],[1.000000,0.000000,0.000000,0.000000,0.000000,0.000000],[1.000000,0.000000,0.000000,0.000000,0.000000,0.000000],[1.000000,0.000000,0.000000,0.000000,0.000000,0.000000],[1.000000,0.000000,0.000000,0.000000,0.000000,0.000000],[1.000000,0.000000,0.000000,0.000000,0.000000,0.000000],[1.000000,0.000000,0.000000,0.000000,0.000000,0.000000],[1.000000,0.000000,0.000000,0.000000,0.000000,0.000000],[1.000000,0.000000,0.000000,0.000000,0.000000,0.000000],[1.000000,0.000000,0.000000,0.000000,0.000000,0.000000],[1.000000,0.000000,0.000000,0.000000,0.000000,0.000000],[1.000000,0.000000,0.000000,0.000000,0.000000,0.000000]],
  [[1.000000,0.000000,0.000000,0.000000,0.000000,0.000000],[0.816166,0.062221,0.062731,0.009216,0.049666,0.000000],[0.789513,0.066319,0.076644,0.009016,0.058508,0.000000],[0.106799,0.061029,0.068032,0.008492,0.755647,0.000000],[0.785631,0.067995,0.079428,0.009138,0.057808,0.000000],[0.078783,0.057687,0.069073,0.008643,0.785814,0.000000],[0.827841,0.044166,0.086506,0.008491,0.032996,0.000000],[0.048156,0.026245,0.017928,0.005935,0.901735,0.000000],[0.939049,0.021738,0.012675,0.004761,0.021778,0.000000],[0.949462,0.017977,0.009573,0.003845,0.019143,0.000000],[0.949418,0.017995,0.009579,0.003848,0.019160,0.000000],[0.949847,0.017807,0.009595,0.003786,0.018966,0.000000],[0.950570,0.017484,0.009520,0.003689,0.018737,0.000000],[0.950581,0.017477,0.009519,0.003688,0.018735,0.000000],[0.949903,0.017781,0.009588,0.003781,0.018947,0.000000],[0.938710,0.021934,0.012559,0.004839,0.021958,0.000000],[0.048691,0.026098,0.016739,0.005886,0.902586,0.000000],[0.834917,0.043129,0.078765,0.008412,0.034777,0.000000],[0.805689,0.064955,0.072068,0.009748,0.047539,0.000000],[0.788490,0.068038,0.072564,0.009345,0.061562,0.000000],[0.790008,0.068031,0.071234,0.009011,0.061717,0.000000],[1.000000,0.000000,0.000000,0.000000,0.000000,0.000000],[1.000000,0.000000,0.000000,0.000000,0.000000,0.000000],[1.000000,0.000000,0.000000,0.000000,0.000000,0.000000],[1.000000,0.000000,0.000000,0.000000,0.000000,0.000000],[0.938069,0.021344,0.011322,0.004894,0.024371,0.000000],[1.000000,0.000000,0.000000,0.000000,0.000000,0.000000],[0.942155,0.020613,0.011356,0.004562,0.021314,0.000000],[0.939137,0.021752,0.012501,0.004801,0.021809,0.000000],[0.028475,0.014555,0.008160,0.003093,0.945717,0.000000],[0.028123,0.014386,0.008312,0.003064,0.946116,0.000000],[0.950729,0.017415,0.009500,0.003675,0.018682,0.000000],[0.949972,0.017751,0.009579,0.003775,0.018924,0.000000],[0.949587,0.017922,0.009557,0.003833,0.019101,0.000000],[0.949555,0.017932,0.009562,0.003836,0.019116,0.000000],[0.949946,0.017757,0.009585,0.003776,0.018936,0.000000],[0.028474,0.014552,0.008159,0.003092,0.945723,0.000000],[0.951275,0.017233,0.009526,0.003632,0.018335,0.000000],[0.962216,0.012439,0.006784,0.002666,0.015895,0.000000],[1.000000,0.000000,0.000000,0.000000,0.000000,0.000000]],
  [[1.000000,0.000000,0.000000,0.000000,0.000000,0.000000],[0.092668,0.062485,0.070966,0.009858,0.764024,0.000000],[0.754924,0.154207,0.000000,0.011603,0.079266,0.000000],[0.484672,0.253343,0.000000,0.025242,0.236743,0.000000],[0.757443,0.154493,0.000000,0.011377,0.076687,0.000000],[0.096517,0.125918,0.000000,0.010667,0.766898,0.000000],[0.078561,0.088221,0.000000,0.010149,0.823069,0.000000],[0.057740,0.052258,0.000000,0.007980,0.882021,0.000000],[0.924650,0.041887,0.000000,0.006341,0.027123,0.000000],[0.928416,0.038435,0.000000,0.005991,0.027158,0.000000],[0.928428,0.038428,0.000000,0.005990,0.027154,0.000000],[0.926280,0.040337,0.000000,0.006194,0.027189,0.000000],[0.042121,0.037320,0.000000,0.005660,0.914899,0.000000],[0.042113,0.037308,0.000000,0.005658,0.914921,0.000000],[0.924794,0.041800,0.000000,0.006326,0.027080,0.000000],[0.926157,0.040413,0.000000,0.006208,0.027222,0.000000],[0.900073,0.055706,0.000000,0.008594,0.035627,0.000000],[0.855186,0.089140,0.000000,0.010865,0.044809,0.000000],[0.805046,0.127002,0.000000,0.011132,0.056820,0.000000],[0.760056,0.149449,0.000000,0.011586,0.078909,0.000000],[0.460886,0.199022,0.086273,0.022590,0.231229,0.000000],[0.123430,0.072719,0.077448,0.010370,0.716034,0.000000],[1.000000,0.000000,0.000000,0.000000,0.000000,0.000000],[1.000000,0.000000,0.000000,0.000000,0.000000,0.000000],[1.000000,0.000000,0.000000,0.000000,0.000000,0.000000],[1.000000,0.000000,0.000000,0.000000,0.000000,0.000000],[0.920569,0.027790,0.017836,0.006485,0.027320,0.000000],[0.910000,0.043179,0.007996,0.007127,0.031698,0.000000],[0.925223,0.041568,0.000000,0.006283,0.026926,0.000000],[0.925584,0.041976,0.000000,0.006158,0.026282,0.000000],[0.922877,0.043791,0.000000,0.006275,0.027057,0.000000],[0.042488,0.038409,0.000000,0.005764,0.913339,0.000000],[0.924804,0.041794,0.000000,0.006325,0.027077,0.000000],[0.926389,0.040274,0.000000,0.006183,0.027154,0.000000],[0.924761,0.041809,0.000000,0.006328,0.027103,0.000000],[0.925115,0.041948,0.000000,0.006266,0.026671,0.000000],[0.925323,0.041828,0.000000,0.006244,0.026605,0.000000],[0.033939,0.026844,0.000000,0.004129,0.935088,0.000000],[0.024940,0.011576,0.006201,0.002475,0.954809,0.000000],[1.000000,0.000000,0.000000,0.000000,0.000000,0.000000]],
  [[1.000000,0.000000,0.000000,0.000000,0.000000,0.000000],[0.765186,0.072383,0.082357,0.010417,0.069656,0.000000],[0.727075,0.168802,0.000000,0.012345,0.091778,0.000000],[0.721571,0.173311,0.000000,0.012520,0.092598,0.000000],[0.137923,0.147919,0.000000,0.011176,0.702982,0.000000],[0.805847,0.131257,0.000000,0.010862,0.052034,0.000000],[0.078751,0.088616,0.000000,0.010222,0.822412,0.000000],[0.897663,0.058574,0.000000,0.008763,0.035001,0.000000],[0.898797,0.056364,0.000000,0.008717,0.036122,0.000000],[0.902210,0.053687,0.000000,0.008387,0.035717,0.000000],[0.926661,0.039365,0.000000,0.006164,0.027810,0.000000],[0.897115,0.057953,0.000000,0.008874,0.036057,0.000000],[0.897962,0.058392,0.000000,0.008730,0.034916,0.000000],[0.059252,0.054656,0.000000,0.008209,0.877883,0.000000],[0.897432,0.058195,0.000000,0.008833,0.035540,0.000000],[0.898793,0.056366,0.000000,0.008717,0.036124,0.000000],[0.901599,0.054044,0.000000,0.008452,0.035905,0.000000],[0.856527,0.087095,0.000000,0.010772,0.045606,0.000000],[0.797999,0.133178,0.000000,0.011526,0.057298,0.000000],[0.750346,0.157002,0.000000,0.012074,0.080578,0.000000],[0.708613,0.183331,0.000000,0.013348,0.094708,0.000000],[0.140356,0.101814,0.079380,0.011578,0.666872,0.000000],[1.000000,0.000000,0.000000,0.000000,0.000000,0.000000],[0.086216,0.055460,0.054126,0.008822,0.795376,0.000000],[1.000000,0.000000,0.000000,0.000000,0.000000,0.000000],[1.000000,0.000000,0.000000,0.000000,0.000000,0.000000],[0.062708,0.043559,0.055638,0.007499,0.830596,0.000000],[0.900627,0.055380,0.000000,0.008533,0.035460,0.000000],[0.897686,0.057638,0.000000,0.008816,0.035860,0.000000],[0.057617,0.051323,0.000000,0.007939,0.883121,0.000000],[0.059256,0.054657,0.000000,0.008209,0.877878,0.000000],[0.057703,0.051463,0.000000,0.007966,0.882868,0.000000],[0.896926,0.058061,0.000000,0.008893,0.036120,0.000000],[0.897003,0.058010,0.000000,0.008885,0.036102,0.000000],[0.057646,0.051386,0.000000,0.007953,0.883015,0.000000],[0.057614,0.051324,0.000000,0.007939,0.883122,0.000000],[0.923577,0.042417,0.000000,0.006439,0.027567,0.000000],[0.942034,0.030485,0.000000,0.004715,0.022766,0.000000],[0.950724,0.017415,0.009501,0.003675,0.018686,0.000000],[1.000000,0.000000,0.000000,0.000000,0.000000,0.000000]],
  [[1.000000,0.000000,0.000000,0.000000,0.000000,0.000000],[0.764614,0.072413,0.082604,0.010428,0.069940,0.000000],[0.483823,0.254322,0.000000,0.025362,0.236493,0.000000],[0.752657,0.157146,0.000000,0.011716,0.078482,0.000000],[0.110062,0.138401,0.000000,0.012197,0.739340,0.000000],[0.094783,0.126912,0.000000,0.010502,0.767803,0.000000],[0.079871,0.086486,0.000000,0.010477,0.823166,0.000000],[0.853439,0.091089,0.000000,0.010996,0.044477,0.000000],[0.858200,0.086090,0.000000,0.010631,0.045078,0.000000],[0.901530,0.054090,0.000000,0.008461,0.035920,0.000000],[0.901900,0.053880,0.000000,0.008422,0.035798,0.000000],[0.898718,0.056418,0.000000,0.008727,0.036138,0.000000],[0.079120,0.085399,0.000000,0.010319,0.825162,0.000000],[0.854323,0.091748,0.000000,0.010823,0.043106,0.000000],[0.079448,0.085835,0.000000,0.010381,0.824336,0.000000],[0.853577,0.090978,0.000000,0.010980,0.044466,0.000000],[0.853672,0.090019,0.000000,0.010998,0.045311,0.000000],[0.852464,0.090770,0.000000,0.011105,0.045661,0.000000],[0.799915,0.132038,0.000000,0.011421,0.056626,0.000000],[0.114179,0.139651,0.000000,0.012406,0.733764,0.000000],[0.733389,0.169718,0.000000,0.012765,0.084128,0.000000],[0.446866,0.208095,0.089360,0.024716,0.230964,0.000000],[0.133466,0.133682,0.023757,0.011015,0.698080,0.000000],[0.785308,0.071154,0.078297,0.010687,0.054554,0.000000],[1.000000,0.000000,0.000000,0.000000,0.000000,0.000000],[0.082973,0.059702,0.064602,0.009214,0.783509,0.000000],[0.835732,0.045134,0.076449,0.008461,0.034224,0.000000],[0.898247,0.057390,0.000000,0.008767,0.035595,0.000000],[0.855321,0.089930,0.000000,0.010832,0.043917,0.000000],[0.079327,0.085645,0.000000,0.010353,0.824675,0.000000],[0.853554,0.092227,0.000000,0.010887,0.043332,0.000000],[0.853337,0.091129,0.000000,0.010999,0.044535,0.000000],[0.853970,0.089833,0.000000,0.010969,0.045227,0.000000],[0.853899,0.090796,0.000000,0.010955,0.044350,0.000000],[0.079245,0.085607,0.000000,0.010351,0.824797,0.000000],[0.897045,0.058417,0.000000,0.008873,0.035665,0.000000],[0.923160,0.042666,0.000000,0.006485,0.027689,0.000000],[0.924730,0.041835,0.000000,0.006331,0.027104,0.000000],[0.939068,0.021725,0.012673,0.004759,0.021774,0.000000],[1.000000,0.000000,0.000000,0.000000,0.000000,0.000000]],
  [[1.000000,0.000000,0.000000,0.000000,0.000000,0.000000],[0.788481,0.066752,0.076850,0.009063,0.058854,0.000000],[0.124954,0.138623,0.000000,0.010112,0.726311,0.000000],[0.136435,0.162335,0.000000,0.011491,0.689739,0.000000],[0.106223,0.138923,0.000000,0.011631,0.743222,0.000000],[0.797931,0.136002,0.000000,0.011438,0.054629,0.000000],[0.794923,0.136657,0.000000,0.011690,0.056730,0.000000],[0.801583,0.130919,0.000000,0.011303,0.056195,0.000000],[0.852021,0.091008,0.000000,0.011135,0.045835,0.000000],[0.853862,0.089920,0.000000,0.010986,0.045233,0.000000],[0.855033,0.089212,0.000000,0.010886,0.044870,0.000000],[0.898552,0.056521,0.000000,0.008746,0.036181,0.000000],[0.854386,0.090488,0.000000,0.010912,0.044214,0.000000],[0.096322,0.123263,0.000000,0.010496,0.769919,0.000000],[0.801037,0.131921,0.000000,0.011315,0.055727,0.000000],[0.799641,0.132770,0.000000,0.011395,0.056194,0.000000],[0.098026,0.123305,0.000000,0.010559,0.768110,0.000000],[0.801609,0.131686,0.000000,0.011303,0.055401,0.000000],[0.850267,0.093008,0.000000,0.011268,0.045458,0.000000],[0.794042,0.136582,0.000000,0.011790,0.057585,0.000000],[0.128841,0.143823,0.000000,0.010623,0.716713,0.000000],[0.736474,0.167008,0.000000,0.012778,0.083740,0.000000],[0.712240,0.180134,0.000000,0.013384,0.094242,0.000000],[0.752471,0.087073,0.074674,0.011157,0.074624,0.000000],[1.000000,0.000000,0.000000,0.000000,0.000000,0.000000],[1.000000,0.000000,0.000000,0.000000,0.000000,0.000000],[0.062870,0.043840,0.055757,0.007545,0.829987,0.000000],[0.906948,0.044720,0.008442,0.007388,0.032502,0.000000],[0.854419,0.091166,0.000000,0.010883,0.043531,0.000000],[0.800805,0.132997,0.000000,0.011336,0.054862,0.000000],[0.797823,0.134825,0.000000,0.011515,0.055837,0.000000],[0.800430,0.131540,0.000000,0.011362,0.056668,0.000000],[0.801666,0.130813,0.000000,0.011294,0.056227,0.000000],[0.804051,0.129366,0.000000,0.011152,0.055431,0.000000],[0.853674,0.090033,0.000000,0.011000,0.045293,0.000000],[0.897997,0.056826,0.000000,0.008801,0.036375,0.000000],[0.898684,0.056425,0.000000,0.008727,0.036164,0.000000],[0.058340,0.050788,0.000000,0.007820,0.883052,0.000000],[0.048186,0.026243,0.017317,0.005915,0.902339,0.000000],[1.000000,0.000000,0.000000,0.000000,0.000000,0.000000]],
  [[1.000000,0.000000,0.000000,0.000000,0.000000,0.000000],[0.809466,0.062555,0.074057,0.009270,0.044651,0.000000],[0.096610,0.126249,0.000000,0.010708,0.766434,0.000000],[0.105680,0.138021,0.000000,0.011544,0.744755,0.000000],[0.134842,0.152184,0.000000,0.011139,0.701835,0.000000],[0.138950,0.149492,0.000000,0.011331,0.700227,0.000000],[0.756645,0.152734,0.000000,0.011706,0.078914,0.000000],[0.779711,0.140422,0.000000,0.012725,0.067142,0.000000],[0.798856,0.132597,0.000000,0.011465,0.057082,0.000000],[0.097250,0.122590,0.000000,0.010494,0.769665,0.000000],[0.853800,0.090860,0.000000,0.010967,0.044373,0.000000],[0.896428,0.058363,0.000000,0.008949,0.036260,0.000000],[0.853584,0.091622,0.000000,0.010949,0.043844,0.000000],[0.798966,0.134043,0.000000,0.011432,0.055559,0.000000],[0.780470,0.140945,0.000000,0.010371,0.068215,0.000000],[0.779870,0.140138,0.000000,0.010415,0.069577,0.000000],[0.777408,0.143992,0.000000,0.010455,0.068145,0.000000],[0.097328,0.124672,0.000000,0.010639,0.767361,0.000000],[0.851540,0.092904,0.000000,0.011129,0.044427,0.000000],[0.799382,0.133221,0.000000,0.011463,0.055934,0.000000],[0.792291,0.137808,0.000000,0.011911,0.057990,0.000000],[0.763575,0.152497,0.000000,0.013735,0.070193,0.000000],[0.739603,0.164213,0.000000,0.012719,0.083465,0.000000],[0.460469,0.202783,0.084070,0.022941,0.229736,0.000000],[0.770747,0.080029,0.075150,0.009949,0.064124,0.000000],[0.805658,0.064732,0.073873,0.009504,0.046233,0.000000],[1.000000,0.000000,0.000000,0.000000,0.000000,0.000000],[0.834413,0.045953,0.075755,0.008520,0.035358,0.000000],[0.067792,0.066918,0.021177,0.007908,0.836204,0.000000],[0.098311,0.126425,0.000000,0.010817,0.764447,0.000000],[0.771918,0.147528,0.000000,0.010771,0.069783,0.000000],[0.127813,0.140239,0.000000,0.010294,0.721654,0.000000],[0.776802,0.142252,0.000000,0.010619,0.070327,0.000000],[0.803952,0.127783,0.000000,0.011226,0.057039,0.000000],[0.854854,0.088084,0.000000,0.010910,0.046152,0.000000],[0.856916,0.086856,0.000000,0.010737,0.045491,0.000000],[0.854398,0.089552,0.000000,0.010928,0.045121,0.000000],[0.856251,0.089371,0.000000,0.010748,0.043630,0.000000],[0.834407,0.042694,0.080463,0.008309,0.034128,0.000000],[1.000000,0.000000,0.000000,0.000000,0.000000,0.000000]],
  [[1.000000,0.000000,0.000000,0.000000,0.000000,0.000000],[0.059322,0.039401,0.075119,0.007406,0.818752,0.000000],[0.852935,0.092582,0.000000,0.010923,0.043560,0.000000],[0.793645,0.138028,0.000000,0.011612,0.056715,0.000000],[0.125460,0.140581,0.000000,0.010318,0.723641,0.000000],[0.478067,0.259992,0.000000,0.026257,0.235683,0.000000],[0.720471,0.173345,0.000000,0.012790,0.093394,0.000000],[0.755049,0.152202,0.000000,0.011847,0.080902,0.000000],[0.777205,0.142056,0.000000,0.010597,0.070142,0.000000],[0.799111,0.133235,0.000000,0.011449,0.056205,0.000000],[0.080360,0.085452,0.000000,0.010300,0.823887,0.000000],[0.896328,0.058417,0.000000,0.008959,0.036296,0.000000],[0.080331,0.085339,0.000000,0.010281,0.824048,0.000000],[0.098726,0.123895,0.000000,0.010610,0.766769,0.000000],[0.779937,0.140090,0.000000,0.010411,0.069562,0.000000],[0.493323,0.244694,0.000000,0.023233,0.238750,0.000000],[0.774145,0.145835,0.000000,0.010608,0.069412,0.000000],[0.097537,0.126148,0.000000,0.010814,0.765501,0.000000],[0.852522,0.093436,0.000000,0.010901,0.043140,0.000000],[0.080029,0.086980,0.000000,0.010561,0.822430,0.000000],[0.846959,0.095700,0.000000,0.011518,0.045824,0.000000],[0.771887,0.147245,0.000000,0.013220,0.067648,0.000000],[0.743465,0.162628,0.000000,0.012401,0.081506,0.000000],[0.147451,0.156506,0.000000,0.011992,0.684051,0.000000],[0.748921,0.159043,0.000000,0.012070,0.079966,0.000000],[0.093905,0.103033,0.017562,0.009524,0.775975,0.000000],[0.832791,0.043987,0.079379,0.008547,0.035296,0.000000],[1.000000,0.000000,0.000000,0.000000,0.000000,0.000000],[0.805610,0.064761,0.073887,0.009510,0.046231,0.000000],[0.781682,0.118421,0.029974,0.011366,0.058556,0.000000],[0.145234,0.157700,0.000000,0.012042,0.685024,0.000000],[0.475384,0.263135,0.000000,0.026673,0.234809,0.000000],[0.747097,0.159471,0.000000,0.012126,0.081307,0.000000],[0.774963,0.145004,0.000000,0.012986,0.067047,0.000000],[0.796815,0.134674,0.000000,0.011596,0.056916,0.000000],[0.798506,0.133496,0.000000,0.011474,0.056525,0.000000],[0.801082,0.131865,0.000000,0.011312,0.055741,0.000000],[0.808196,0.126621,0.000000,0.010870,0.054312,0.000000],[0.836045,0.042667,0.078443,0.008343,0.034502,0.000000],[1.000000,0.000000,0.000000,0.000000,0.000000,0.000000]],
  [[1.000000,0.000000,0.000000,0.000000,0.000000,0.000000],[0.078780,0.057776,0.069070,0.008654,0.785719,0.000000],[0.797804,0.134708,0.000000,0.011481,0.056007,0.000000],[0.774883,0.145780,0.000000,0.012972,0.066365,0.000000],[0.758102,0.152002,0.000000,0.011648,0.078248,0.000000],[0.747297,0.158313,0.000000,0.012186,0.082204,0.000000],[0.724616,0.169691,0.000000,0.012745,0.092948,0.000000],[0.484104,0.252548,0.000000,0.025139,0.238209,0.000000],[0.774234,0.143735,0.000000,0.010739,0.071292,0.000000],[0.797873,0.133955,0.000000,0.011518,0.056655,0.000000],[0.853864,0.089910,0.000000,0.010980,0.045246,0.000000],[0.896731,0.058613,0.000000,0.008909,0.035747,0.000000],[0.853648,0.091581,0.000000,0.010942,0.043829,0.000000],[0.798716,0.134881,0.000000,0.011307,0.055096,0.000000],[0.780443,0.140956,0.000000,0.010372,0.068229,0.000000],[0.777194,0.142826,0.000000,0.010530,0.069450,0.000000],[0.124751,0.136056,0.000000,0.009910,0.729282,0.000000],[0.776696,0.145492,0.000000,0.012825,0.064986,0.000000],[0.097048,0.125785,0.000000,0.010781,0.766385,0.000000],[0.098252,0.125894,0.000000,0.010762,0.765092,0.000000],[0.794154,0.137234,0.000000,0.011751,0.056862,0.000000],[0.124561,0.145116,0.000000,0.013298,0.717026,0.000000],[0.747252,0.160941,0.000000,0.012028,0.079779,0.000000],[0.742976,0.163418,0.000000,0.012231,0.081374,0.000000],[0.750101,0.159133,0.000000,0.011863,0.078903,0.000000],[0.777454,0.144317,0.000000,0.012832,0.065398,0.000000],[0.832371,0.047372,0.074676,0.008794,0.036787,0.000000],[1.000000,0.000000,0.000000,0.000000,0.000000,0.000000],[1.000000,0.000000,0.000000,0.000000,0.000000,0.000000],[0.755018,0.084825,0.074660,0.010966,0.074530,0.000000],[0.718754,0.144095,0.033609,0.012577,0.090964,0.000000],[0.170608,0.178081,0.000000,0.013358,0.637953,0.000000],[0.746193,0.160344,0.000000,0.012192,0.081271,0.000000],[0.768959,0.150504,0.000000,0.013314,0.067223,0.000000],[0.124497,0.137812,0.000000,0.010074,0.727616,0.000000],[0.125638,0.138106,0.000000,0.010083,0.726173,0.000000],[0.777424,0.143874,0.000000,0.010443,0.068260,0.000000],[0.097725,0.122438,0.000000,0.010452,0.769385,0.000000],[0.833665,0.042974,0.080685,0.008352,0.034324,0.000000],[1.000000,0.000000,0.000000,0.000000,0.000000,0.000000]],
  [[1.000000,0.000000,0.000000,0.000000,0.000000,0.000000],[0.790142,0.066030,0.076544,0.008995,0.058289,0.000000],[0.126919,0.137437,0.000000,0.010004,0.725640,0.000000],[0.758643,0.152556,0.000000,0.011513,0.077288,0.000000],[0.770401,0.148671,0.000000,0.013255,0.067673,0.000000],[0.765701,0.151605,0.000000,0.013539,0.069154,0.000000],[0.753092,0.155091,0.000000,0.011914,0.079902,0.000000],[0.753971,0.154383,0.000000,0.011852,0.079794,0.000000],[0.125434,0.137698,0.000000,0.010068,0.726799,0.000000],[0.797137,0.135250,0.000000,0.011555,0.056057,0.000000],[0.853530,0.091014,0.000000,0.010985,0.044470,0.000000],[0.896840,0.058547,0.000000,0.008897,0.035715,0.000000],[0.080170,0.085068,0.000000,0.010239,0.824524,0.000000],[0.800845,0.133584,0.000000,0.011187,0.054384,0.000000],[0.098036,0.123193,0.000000,0.010543,0.768227,0.000000],[0.797113,0.135192,0.000000,0.011544,0.056152,0.000000],[0.801332,0.130947,0.000000,0.011301,0.056419,0.000000],[0.776547,0.145590,0.000000,0.012837,0.065026,0.000000],[0.775878,0.144904,0.000000,0.010536,0.068682,0.000000],[0.773479,0.146339,0.000000,0.010654,0.069528,0.000000],[0.776720,0.143344,0.000000,0.010584,0.069352,0.000000],[0.769718,0.149901,0.000000,0.013256,0.067124,0.000000],[0.126880,0.140735,0.000000,0.010329,0.722056,0.000000],[0.484019,0.255958,0.000000,0.024874,0.235149,0.000000],[0.128830,0.138227,0.000000,0.010211,0.722732,0.000000],[0.799248,0.132313,0.000000,0.011434,0.057006,0.000000],[0.854559,0.069094,0.028076,0.008990,0.039281,0.000000],[0.835140,0.047059,0.071986,0.008782,0.037033,0.000000],[0.810490,0.063795,0.067317,0.009513,0.048885,0.000000],[1.000000,0.000000,0.000000,0.000000,0.000000,0.000000],[0.459557,0.082473,0.203699,0.020544,0.233728,0.000000],[0.741681,0.089767,0.080981,0.011413,0.076159,0.000000],[0.096240,0.110309,0.019065,0.010144,0.764242,0.000000],[0.770871,0.149959,0.000000,0.013017,0.066153,0.000000],[0.124874,0.139130,0.000000,0.010182,0.725814,0.000000],[0.485129,0.255105,0.000000,0.024794,0.234972,0.000000],[0.775208,0.145101,0.000000,0.010539,0.069152,0.000000],[0.098399,0.123057,0.000000,0.010507,0.768037,0.000000],[0.833775,0.042940,0.080646,0.008345,0.034293,0.000000],[1.000000,0.000000,0.000000,0.000000,0.000000,0.000000]],
  [[1.000000,0.000000,0.000000,0.000000,0.000000,0.000000],[0.789978,0.066354,0.074535,0.009086,0.060048,0.000000],[0.494403,0.244008,0.000000,0.023106,0.238482,0.000000],[0.772107,0.147062,0.000000,0.010713,0.070118,0.000000],[0.110064,0.137371,0.000000,0.012164,0.740401,0.000000],[0.109857,0.137657,0.000000,0.012202,0.740283,0.000000],[0.769869,0.149025,0.000000,0.013290,0.067817,0.000000],[0.773252,0.146005,0.000000,0.013079,0.067664,0.000000],[0.776664,0.144734,0.000000,0.012875,0.065726,0.000000],[0.096063,0.124584,0.000000,0.010667,0.768685,0.000000],[0.079339,0.085754,0.000000,0.010373,0.824534,0.000000],[0.897341,0.058755,0.000000,0.008797,0.035107,0.000000],[0.080024,0.084895,0.000000,0.010216,0.824865,0.000000],[0.854010,0.091954,0.000000,0.010854,0.043182,0.000000],[0.080316,0.085342,0.000000,0.010283,0.824060,0.000000],[0.852887,0.091410,0.000000,0.011041,0.044662,0.000000],[0.852326,0.090810,0.000000,0.011104,0.045760,0.000000],[0.795849,0.135973,0.000000,0.011623,0.056554,0.000000],[0.125486,0.138219,0.000000,0.010095,0.726200,0.000000],[0.488383,0.250647,0.000000,0.024052,0.236918,0.000000],[0.776353,0.142391,0.000000,0.010616,0.070640,0.000000],[0.770585,0.150012,0.000000,0.013025,0.066378,0.000000],[0.122906,0.137808,0.000000,0.010083,0.729204,0.000000],[0.771698,0.147849,0.000000,0.010712,0.069742,0.000000],[0.778151,0.141369,0.000000,0.010538,0.069941,0.000000],[0.800355,0.131626,0.000000,0.011369,0.056650,0.000000],[0.857201,0.086643,0.000000,0.010698,0.045458,0.000000],[0.861882,0.082199,0.000000,0.010385,0.045534,0.000000],[0.841889,0.079000,0.020314,0.008615,0.050182,0.000000],[0.000000,0.000000,0.000000,0.000000,0.000000,1.000000],[1.000000,0.000000,0.000000,0.000000,0.000000,0.000000],[1.000000,0.000000,0.000000,0.000000,0.000000,0.000000],[0.781968,0.071096,0.081379,0.010969,0.054588,0.000000],[0.794921,0.113135,0.025592,0.010777,0.055575,0.000000],[0.124180,0.137135,0.000000,0.010000,0.728684,0.000000],[0.775607,0.145364,0.000000,0.010484,0.068544,0.000000],[0.779261,0.143194,0.000000,0.010300,0.067244,0.000000],[0.801829,0.132865,0.000000,0.011101,0.054205,0.000000],[0.833680,0.042875,0.081608,0.008305,0.033532,0.000000],[1.000000,0.000000,0.000000,0.000000,0.000000,0.000000]],
  [[1.000000,0.000000,0.000000,0.000000,0.000000,0.000000],[0.792921,0.065262,0.073931,0.008981,0.058906,0.000000],[0.780271,0.140876,0.000000,0.010345,0.068508,0.000000],[0.781381,0.141715,0.000000,0.010223,0.066681,0.000000],[0.106761,0.136978,0.000000,0.011784,0.744477,0.000000],[0.121156,0.137905,0.000000,0.009942,0.730997,0.000000],[0.774016,0.144861,0.000000,0.010710,0.070413,0.000000],[0.778709,0.141067,0.000000,0.010507,0.069717,0.000000],[0.798184,0.133783,0.000000,0.011500,0.056533,0.000000],[0.852399,0.092919,0.000000,0.010984,0.043698,0.000000],[0.079204,0.085579,0.000000,0.010347,0.824870,0.000000],[0.896870,0.058524,0.000000,0.008894,0.035711,0.000000],[0.898512,0.056542,0.000000,0.008750,0.036197,0.000000],[0.896372,0.058396,0.000000,0.008955,0.036278,0.000000],[0.896190,0.058500,0.000000,0.008974,0.036336,0.000000],[0.895724,0.058763,0.000000,0.009021,0.036492,0.000000],[0.852527,0.091626,0.000000,0.011071,0.044776,0.000000],[0.097783,0.125313,0.000000,0.010709,0.766195,0.000000],[0.124047,0.137187,0.000000,0.010014,0.728752,0.000000],[0.773772,0.144954,0.000000,0.010719,0.070554,0.000000],[0.778292,0.141285,0.000000,0.010525,0.069898,0.000000],[0.109858,0.135555,0.000000,0.011953,0.742634,0.000000],[0.098292,0.126372,0.000000,0.010820,0.764516,0.000000],[0.775715,0.145337,0.000000,0.012933,0.066015,0.000000],[0.784455,0.137522,0.000000,0.012442,0.065581,0.000000],[0.787335,0.135630,0.000000,0.012250,0.064784,0.000000],[0.812070,0.120148,0.000000,0.010803,0.056979,0.000000],[0.818657,0.113448,0.000000,0.010516,0.057379,0.000000],[0.000000,0.000000,0.000000,0.000000,0.000000,1.000000],[0.825477,0.085360,0.023761,0.009799,0.055602,0.000000],[0.766961,0.072525,0.081544,0.010092,0.068878,0.000000],[1.000000,0.000000,0.000000,0.000000,0.000000,0.000000],[1.000000,0.000000,0.000000,0.000000,0.000000,0.000000],[0.791434,0.073636,0.070918,0.010498,0.053515,0.000000],[0.814182,0.104605,0.022854,0.009562,0.048797,0.000000],[0.098094,0.125378,0.000000,0.010699,0.765829,0.000000],[0.096462,0.124615,0.000000,0.010653,0.768270,0.000000],[0.094436,0.123538,0.000000,0.010438,0.771588,0.000000],[0.058304,0.039230,0.077524,0.007418,0.817523,0.000000],[1.000000,0.000000,0.000000,0.000000,0.000000,0.000000]],
  [[1.000000,0.000000,0.000000,0.000000,0.000000,0.000000],[0.809914,0.062670,0.072127,0.009375,0.045913,0.000000],[0.098468,0.123150,0.000000,0.010517,0.767865,0.000000],[0.095720,0.125500,0.000000,0.010649,0.768131,0.000000],[0.107498,0.135213,0.000000,0.011889,0.745400,0.000000],[0.774877,0.145825,0.000000,0.010526,0.068772,0.000000],[0.489107,0.249977,0.000000,0.023956,0.236960,0.000000],[0.776721,0.143143,0.000000,0.010558,0.069578,0.000000],[0.098162,0.125514,0.000000,0.010718,0.765606,0.000000],[0.853003,0.091989,0.000000,0.011000,0.044008,0.000000],[0.896270,0.058451,0.000000,0.008965,0.036313,0.000000],[0.855074,0.089185,0.000000,0.010881,0.044860,0.000000],[0.858237,0.086049,0.000000,0.010624,0.045090,0.000000],[0.854129,0.089735,0.000000,0.010957,0.045180,0.000000],[0.853245,0.091187,0.000000,0.011011,0.044557,0.000000],[0.080442,0.085601,0.000000,0.010323,0.823633,0.000000],[0.851756,0.092067,0.000000,0.011131,0.045046,0.000000],[0.777744,0.144901,0.000000,0.012777,0.064577,0.000000],[0.772548,0.148753,0.000000,0.012905,0.065794,0.000000],[0.769515,0.150573,0.000000,0.013076,0.066836,0.000000],[0.772606,0.148071,0.000000,0.013077,0.066246,0.000000],[0.776377,0.145835,0.000000,0.012870,0.064919,0.000000],[0.848792,0.093863,0.000000,0.011383,0.045961,0.000000],[0.798836,0.132661,0.000000,0.011475,0.057028,0.000000],[0.782519,0.137309,0.000000,0.010354,0.069818,0.000000],[0.783305,0.136551,0.000000,0.010273,0.069871,0.000000],[0.798917,0.122175,0.000000,0.009568,0.069339,0.000000],[0.000000,0.000000,0.000000,0.000000,0.000000,1.000000],[0.868621,0.077187,0.000000,0.009858,0.044335,0.000000],[0.095997,0.114673,0.000000,0.010341,0.778989,0.000000],[0.107992,0.108632,0.019906,0.008555,0.754914,0.000000],[0.463412,0.125303,0.162946,0.021222,0.227118,0.000000],[0.106603,0.062194,0.068054,0.008602,0.754547,0.000000],[1.000000,0.000000,0.000000,0.000000,0.000000,0.000000],[0.854147,0.069570,0.029820,0.008930,0.037532,0.000000],[0.853914,0.092637,0.000000,0.010787,0.042661,0.000000],[0.859316,0.089818,0.000000,0.010240,0.040626,0.000000],[0.077736,0.088789,0.000000,0.009898,0.823578,0.000000],[0.060365,0.043278,0.087298,0.008088,0.800971,0.000000],[1.000000,0.000000,0.000000,0.000000,0.000000,0.000000]],
  [[1.000000,0.000000,0.000000,0.000000,0.000000,0.000000],[0.833627,0.042991,0.080697,0.008354,0.034331,0.000000],[0.855342,0.090582,0.000000,0.010797,0.043279,0.000000],[0.852699,0.092706,0.000000,0.010955,0.043640,0.000000],[0.097442,0.124765,0.000000,0.010646,0.767147,0.000000],[0.777087,0.144164,0.000000,0.010469,0.068280,0.000000],[0.774588,0.145573,0.000000,0.010584,0.069256,0.000000],[0.121852,0.135914,0.000000,0.009902,0.732331,0.000000],[0.798397,0.135092,0.000000,0.011331,0.055180,0.000000],[0.080368,0.085447,0.000000,0.010300,0.823886,0.000000],[0.897848,0.056911,0.000000,0.008817,0.036423,0.000000],[0.857848,0.086284,0.000000,0.010658,0.045209,0.000000],[0.805074,0.128646,0.000000,0.011083,0.055197,0.000000],[0.800467,0.132288,0.000000,0.011357,0.055887,0.000000],[0.098088,0.125393,0.000000,0.010708,0.765811,0.000000],[0.799810,0.132752,0.000000,0.011400,0.056038,0.000000],[0.802475,0.130320,0.000000,0.011244,0.055962,0.000000],[0.799931,0.131849,0.000000,0.011393,0.056827,0.000000],[0.125558,0.137134,0.000000,0.010011,0.727297,0.000000],[0.126333,0.139289,0.000000,0.010191,0.724187,0.000000],[0.125569,0.137201,0.000000,0.010018,0.727212,0.000000],[0.799824,0.131988,0.000000,0.011410,0.056777,0.000000],[0.853155,0.089119,0.000000,0.011057,0.046669,0.000000],[0.802992,0.128374,0.000000,0.011282,0.057352,0.000000],[0.779692,0.138860,0.000000,0.010481,0.070967,0.000000],[0.501904,0.233880,0.000000,0.022423,0.241793,0.000000],[0.802286,0.117521,0.000000,0.009403,0.070790,0.000000],[0.000000,0.000000,0.000000,0.000000,0.000000,1.000000],[0.868072,0.077460,0.000000,0.009896,0.044572,0.000000],[0.801668,0.131451,0.000000,0.011261,0.055620,0.000000],[0.774891,0.144566,0.000000,0.010671,0.069871,0.000000],[0.769858,0.147740,0.000000,0.010942,0.071460,0.000000],[0.780073,0.116932,0.028201,0.009699,0.065095,0.000000],[0.813038,0.105461,0.022902,0.009638,0.048962,0.000000],[0.067731,0.066901,0.021150,0.007909,0.836309,0.000000],[0.096483,0.123717,0.000000,0.010542,0.769257,0.000000],[0.095666,0.125323,0.000000,0.010630,0.768381,0.000000],[0.096217,0.125498,0.000000,0.010625,0.767660,0.000000],[0.808664,0.062680,0.075457,0.009260,0.043938,0.000000],[1.000000,0.000000,0.000000,0.000000,0.000000,0.000000]],
  [[1.000000,0.000000,0.000000,0.000000,0.000000,0.000000],[0.061205,0.039612,0.071514,0.007405,0.820264,0.000000],[0.855995,0.088622,0.000000,0.010790,0.044593,0.000000],[0.853295,0.090195,0.000000,0.011018,0.045492,0.000000],[0.803799,0.129445,0.000000,0.011156,0.055600,0.000000],[0.797592,0.134917,0.000000,0.011517,0.055974,0.000000],[0.097664,0.126292,0.000000,0.010825,0.765218,0.000000],[0.096986,0.125584,0.000000,0.010760,0.766670,0.000000],[0.799493,0.133752,0.000000,0.011411,0.055345,0.000000],[0.853549,0.090072,0.000000,0.011002,0.045377,0.000000],[0.854329,0.089642,0.000000,0.010946,0.045083,0.000000],[0.857243,0.086641,0.000000,0.010707,0.045409,0.000000],[0.802796,0.130024,0.000000,0.011213,0.055968,0.000000],[0.124401,0.135569,0.000000,0.009868,0.730163,0.000000],[0.777066,0.142908,0.000000,0.010539,0.069487,0.000000],[0.781589,0.139261,0.000000,0.010349,0.068800,0.000000],[0.805554,0.126731,0.000000,0.011119,0.056597,0.000000],[0.796566,0.134733,0.000000,0.011595,0.057107,0.000000],[0.772844,0.146642,0.000000,0.010683,0.069831,0.000000],[0.484566,0.255648,0.000000,0.024871,0.234915,0.000000],[0.775678,0.143758,0.000000,0.010616,0.069949,0.000000],[0.799739,0.131996,0.000000,0.011407,0.056858,0.000000],[0.853367,0.088981,0.000000,0.011036,0.046616,0.000000],[0.785946,0.136635,0.000000,0.012359,0.065060,0.000000],[0.761353,0.149783,0.000000,0.011442,0.077422,0.000000],[0.761856,0.149040,0.000000,0.011353,0.077750,0.000000],[0.788709,0.124947,0.000000,0.010195,0.076148,0.000000],[0.000000,0.000000,0.000000,0.000000,0.000000,1.000000],[0.821442,0.110693,0.000000,0.010340,0.057525,0.000000],[0.781997,0.141190,0.000000,0.012513,0.064301,0.000000],[0.776432,0.143903,0.000000,0.012865,0.066801,0.000000],[0.773782,0.145781,0.000000,0.013052,0.067384,0.000000],[0.784041,0.138012,0.000000,0.012494,0.065452,0.000000],[0.799899,0.132105,0.000000,0.011419,0.056577,0.000000],[0.849941,0.093860,0.000000,0.011256,0.044943,0.000000],[0.796170,0.136554,0.000000,0.011466,0.055810,0.000000],[0.780175,0.142444,0.000000,0.010285,0.067096,0.000000],[0.125618,0.137572,0.000000,0.010010,0.726800,0.000000],[0.789982,0.066065,0.076582,0.008999,0.058372,0.000000],[1.000000,0.000000,0.000000,0.000000,0.000000,0.000000]],
  [[1.000000,0.000000,0.000000,0.000000,0.000000,0.000000],[0.809567,0.062838,0.072195,0.009392,0.046007,0.000000],[0.801615,0.131457,0.000000,0.011259,0.055669,0.000000],[0.802317,0.130280,0.000000,0.011236,0.056167,0.000000],[0.800496,0.132318,0.000000,0.011363,0.055823,0.000000],[0.798515,0.134389,0.000000,0.011471,0.055626,0.000000],[0.096059,0.126068,0.000000,0.010710,0.767163,0.000000],[0.796134,0.136444,0.000000,0.011455,0.055966,0.000000],[0.799972,0.132581,0.000000,0.011382,0.056064,0.000000],[0.810037,0.123908,0.000000,0.010842,0.055213,0.000000],[0.854135,0.089749,0.000000,0.010959,0.045157,0.000000],[0.853782,0.089956,0.000000,0.010986,0.045276,0.000000],[0.799454,0.132883,0.000000,0.011409,0.056253,0.000000],[0.779694,0.140229,0.000000,0.010426,0.069651,0.000000],[0.493238,0.244772,0.000000,0.023245,0.238745,0.000000],[0.779142,0.140631,0.000000,0.010461,0.069767,0.000000],[0.797359,0.134245,0.000000,0.011541,0.056855,0.000000],[0.796345,0.135732,0.000000,0.011601,0.056322,0.000000],[0.124849,0.136071,0.000000,0.009911,0.729169,0.000000],[0.776481,0.143244,0.000000,0.010566,0.069710,0.000000],[0.781471,0.139284,0.000000,0.010349,0.068896,0.000000],[0.799396,0.133039,0.000000,0.011429,0.056137,0.000000],[0.850729,0.091759,0.000000,0.011236,0.046275,0.000000],[0.780168,0.141647,0.000000,0.012648,0.065537,0.000000],[0.762286,0.149070,0.000000,0.011374,0.077270,0.000000],[0.138565,0.133776,0.000000,0.010578,0.717080,0.000000],[0.798534,0.116814,0.000000,0.009717,0.074935,0.000000],[0.000000,0.000000,0.000000,0.000000,0.000000,1.000000],[0.101915,0.090105,0.000000,0.009053,0.798927,0.000000],[0.788407,0.133096,0.000000,0.010028,0.068469,0.000000],[0.128417,0.137267,0.000000,0.010117,0.724199,0.000000],[0.777344,0.141907,0.000000,0.010586,0.070164,0.000000],[0.798010,0.133189,0.000000,0.011527,0.057275,0.000000],[0.800499,0.131648,0.000000,0.011380,0.056473,0.000000],[0.796390,0.134942,0.000000,0.011617,0.057052,0.000000],[0.114046,0.137800,0.000000,0.012191,0.735963,0.000000],[0.749444,0.158940,0.000000,0.011825,0.079791,0.000000],[0.486563,0.251245,0.000000,0.025009,0.237182,0.000000],[0.788467,0.067050,0.074790,0.009150,0.060544,0.000000],[1.000000,0.000000,0.000000,0.000000,0.000000,0.000000]],
  [[1.000000,0.000000,0.000000,0.000000,0.000000,0.000000],[0.794258,0.065045,0.071708,0.009079,0.059911,0.000000],[0.781858,0.138797,0.000000,0.010288,0.069058,0.000000],[0.125811,0.134338,0.000000,0.009861,0.729990,0.000000],[0.798389,0.133613,0.000000,0.011485,0.056512,0.000000],[0.097853,0.125437,0.000000,0.010718,0.765992,0.000000],[0.777528,0.144290,0.000000,0.010405,0.067777,0.000000],[0.123999,0.137719,0.000000,0.010053,0.728229,0.000000],[0.777123,0.144094,0.000000,0.010466,0.068316,0.000000],[0.798619,0.134257,0.000000,0.011456,0.055667,0.000000],[0.853078,0.091933,0.000000,0.010992,0.043997,0.000000],[0.079526,0.086009,0.000000,0.010409,0.824056,0.000000],[0.799066,0.133988,0.000000,0.011427,0.055519,0.000000],[0.777685,0.143807,0.000000,0.010438,0.068070,0.000000],[0.777651,0.142556,0.000000,0.010504,0.069289,0.000000],[0.780003,0.141250,0.000000,0.010400,0.068347,0.000000],[0.098291,0.123710,0.000000,0.010600,0.767399,0.000000],[0.096771,0.124096,0.000000,0.010588,0.768545,0.000000],[0.800251,0.132436,0.000000,0.011371,0.055942,0.000000],[0.799042,0.133141,0.000000,0.011436,0.056381,0.000000],[0.099344,0.121401,0.000000,0.010473,0.768782,0.000000],[0.802342,0.131176,0.000000,0.011250,0.055232,0.000000],[0.080782,0.085929,0.000000,0.010364,0.822925,0.000000],[0.796769,0.135313,0.000000,0.011548,0.056370,0.000000],[0.775364,0.144861,0.000000,0.010513,0.069261,0.000000],[0.496233,0.238362,0.000000,0.024241,0.241164,0.000000],[0.000000,0.000000,0.000000,0.000000,0.000000,1.000000],[0.000000,0.000000,0.000000,0.000000,0.000000,1.000000],[0.000000,0.000000,0.000000,0.000000,0.000000,1.000000],[0.766078,0.145318,0.000000,0.011162,0.077442,0.000000],[0.485615,0.251684,0.000000,0.025101,0.237601,0.000000],[0.774182,0.144731,0.000000,0.010702,0.070384,0.000000],[0.796065,0.135137,0.000000,0.011632,0.057166,0.000000],[0.098781,0.124771,0.000000,0.010714,0.765734,0.000000],[0.773718,0.146298,0.000000,0.010656,0.069328,0.000000],[0.751927,0.156324,0.000000,0.011828,0.079921,0.000000],[0.158433,0.161958,0.000000,0.011983,0.667626,0.000000],[0.755449,0.154039,0.000000,0.011613,0.078898,0.000000],[0.790821,0.066256,0.074282,0.009072,0.059569,0.000000],[1.000000,0.000000,0.000000,0.000000,0.000000,0.000000]],
