[
  [[1.000000,0.000000,0.000000,0.000000,0.000000,0.000000],[1.000000,0.000000,0.000000,0.000000,0.000000,0.000000],[1.000000,0.000000,0.000000,0.000000,0.000000,0.000000],[1.000000,0.000000,0.000000,0.000000,0.000000,0.000000],[1.000000,0.000000,0.000000,0.000000,0.000000,0.000000],[1.000000,0.000000,0.000000,0.000000,0.000000,0.000000],[1.000000,0.000000,0.000000,0.000000,0.000000,0.000000],[1.000000,0.000000,0.000000,0.000000,0.000000,0.000000],[1.000000,0.000000,0.000000,0.000000,0.000000,0.000000],[1.000000,0.000000,0.000000,0.000000,0.000000,0.000000],[1.000000,0.000000,0.000000,0.000000,0.000000,0.000000],[1.000000,0.000000,0.000000,0.000000,0.000000,0.000000],[1.000000,0.000000,0.000000,0.000000,0.000000,0.000000],[1.000000,0.000000,0.000000,0.000000,0.000000,0.000000],[1.000000,0.000000,0.000000,0.000000,0.000000,0.000000],[1.000000,0.000000,0.000000,0.000000,0.000000,0.000000],[1.000000,0.000000,0.000000,0.000000,0.000000,0.000000],[1.000000,0.000000,0.000000,0.000000,0.000000,0.000000],[1.000000,0.000000,0.000000,0.000000,0.000000,0.000000],[1.000000,0.000000,0.000000,0.000000,0.000000,0.000000],[1.000000,0.000000,0.000000,0.000000,0.000000,0.000000],[1.000000,0.000000,0.000000,0.000000,0.000000,0.000000],[1.000000,0.000000,0.000000,0.000000,0.000000,0.000000],[1.000000,0.000000,0.000000,0.000000,0.000000,0.000000],[1.000000,0.000000,0.000000,0.000000,0.000000,0.000000],[1.000000,0.000000,0.000000,0.000000,0.000000,0.000000],[1.000000,0.000000,0.000000,0.000000,0.000000,0.000000],[1.000000,0.000000,0.000000,0.000000,0.000000,0.000000],[1.000000,0.000000,0.000000,0.000000,0.000000,0.000000],[1.000000,0.000000,0.000000,0.000000,0.000000,0.000000],[1.000000,0.000000,0.000000,0.000000,0.000000,0.000000],[1.000000,0.000000,0.000000,0.000000,0.000000,0.000000],[1.000000,0.000000,0.000000,0.000000,0.000000,0.000000],[1.000000,0.000000,0.000000,0.000000,0.000000,0.000000],[1.000000,0.000000,0.000000,0.000000,0.000000,0.000000],[1.000000,0.000000,0.000000,0.000000,0.000000,0.000000],[1.000000,0.000000,0.000000,0.000000,0.000000,0.000000],[1.000000,0.000000,0.000000,0.000000,0.000000,0.000000],[1.000000,0.000000,0.000000,0.000000,0.000000,0.000000],[1.000000,0.000000,0.000000,0.000000,0.000000,0.000000]],
  [[1.000000,0.000000,0.000000,0.000000,0.000000,0.000000],[0.905596,0.021559,0.033903,0.005379,0.033563,0.000000],[0.164091,0.033840,0.049107,0.007308,0.745654,0.000000],[0.874161,0.035691,0.049240,0.006407,0.034500,0.000000],[0.862439,0.039321,0.055516,0.006946,0.035778,0.000000],[0.846858,0.045501,0.064463,0.007418,0.035760,0.000000],[0.847714,0.044696,0.063586,0.007518,0.036486,0.000000],[0.845879,0.046009,0.064724,0.007466,0.035922,0.000000],[0.826016,0.054184,0.075585,0.008080,0.036135,0.000000],[0.817395,0.057013,0.079862,0.008230,0.037499,0.000000],[0.806468,0.061967,0.080129,0.008736,0.042701,0.000000],[0.803670,0.064726,0.080616,0.008713,0.042275,0.000000],[0.114381,0.070181,0.095770,0.010463,0.709205,0.000000],[0.808599,0.059801,0.083445,0.008497,0.039658,0.000000],[0.094857,0.064825,0.090259,0.009719,0.740340,0.000000],[0.093638,0.066452,0.091884,0.009654,0.738372,0.000000],[0.816261,0.058033,0.079926,0.008257,0.037524,0.000000],[0.818240,0.056781,0.079531,0.008176,0.037272,0.000000],[0.095594,0.060343,0.088042,0.009609,0.746412,0.000000],[0.820005,0.055814,0.079136,0.008083,0.036961,0.000000],[0.096032,0.060510,0.088236,0.009634,0.745588,0.000000],[0.821796,0.054374,0.077978,0.008164,0.037688,0.000000],[0.824484,0.052458,0.076550,0.008219,0.038289,0.000000],[0.825577,0.051861,0.076246,0.008179,0.038137,0.000000],[0.829156,0.052426,0.074791,0.007929,0.035698,0.000000],[0.116313,0.050781,0.075341,0.008857,0.748708,0.000000],[0.825498,0.054821,0.076429,0.007939,0.035313,0.000000],[0.816580,0.057633,0.079989,0.008250,0.037548,0.000000],[0.112501,0.076898,0.098113,0.010496,0.701992,0.000000],[0.112939,0.082845,0.097685,0.010663,0.695869,0.000000],[0.113460,0.078877,0.097257,0.010627,0.699779,0.000000],[0.810310,0.062293,0.082623,0.008192,0.036582,0.000000],[0.094213,0.062889,0.089822,0.009593,0.743484,0.000000],[0.819691,0.056021,0.079172,0.008111,0.037004,0.000000],[0.820939,0.054912,0.078162,0.008210,0.037776,0.000000],[0.096220,0.061167,0.088468,0.009676,0.744468,0.000000],[0.819095,0.056456,0.079286,0.008122,0.037041,0.000000],[0.095674,0.060407,0.088026,0.009554,0.746338,0.000000],[0.842926,0.044580,0.070784,0.007401,0.034309,0.000000],[1.000000,0.000000,0.000000,0.000000,0.000000,0.000000]],
  [[1.000000,0.000000,0.000000,0.000000,0.000000,0.000000],[0.900031,0.025053,0.035133,0.005606,0.034177,0.000000],[0.185203,0.067427,0.000000,0.010969,0.736401,0.000000],[0.872106,0.070377,0.000000,0.009701,0.047816,0.000000],[0.160053,0.090016,0.000000,0.012357,0.737575,0.000000],[0.846208,0.094883,0.000000,0.011014,0.047896,0.000000],[0.828900,0.110950,0.000000,0.011946,0.048205,0.000000],[0.825614,0.114677,0.000000,0.011980,0.047729,0.000000],[0.126127,0.127180,0.000000,0.014473,0.732221,0.000000],[0.819219,0.116037,0.000000,0.012648,0.052096,0.000000],[0.153667,0.132200,0.000000,0.016061,0.698072,0.000000],[0.535569,0.192259,0.000000,0.020922,0.251249,0.000000],[0.807148,0.120679,0.000000,0.013599,0.058574,0.000000],[0.809087,0.123172,0.000000,0.013102,0.054639,0.000000],[0.805811,0.123523,0.000000,0.013436,0.057230,0.000000],[0.804695,0.125967,0.000000,0.013271,0.056067,0.000000],[0.147903,0.139031,0.000000,0.015742,0.697323,0.000000],[0.822075,0.114321,0.000000,0.012377,0.051227,0.000000],[0.830123,0.108462,0.000000,0.012061,0.049354,0.000000],[0.825746,0.110387,0.000000,0.012273,0.051594,0.000000],[0.817083,0.112809,0.000000,0.012926,0.057182,0.000000],[0.816675,0.113049,0.000000,0.012950,0.057326,0.000000],[0.820013,0.109054,0.000000,0.012927,0.058007,0.000000],[0.831258,0.103265,0.000000,0.012300,0.053177,0.000000],[0.834366,0.104058,0.000000,0.011926,0.049650,0.000000],[0.849755,0.089608,0.000000,0.011113,0.049524,0.000000],[0.830439,0.108323,0.000000,0.012055,0.049183,0.000000],[0.129407,0.124617,0.000000,0.014722,0.731253,0.000000],[0.804528,0.124268,0.000000,0.013574,0.057630,0.000000],[0.519508,0.214429,0.000000,0.022010,0.244053,0.000000],[0.150262,0.147937,0.000000,0.016437,0.685365,0.000000],[0.813794,0.122887,0.000000,0.012615,0.050704,0.000000],[0.128003,0.123568,0.000000,0.014504,0.733925,0.000000],[0.825644,0.110440,0.000000,0.012308,0.051607,0.000000],[0.817490,0.112607,0.000000,0.012906,0.056996,0.000000],[0.814271,0.116355,0.000000,0.012933,0.056441,0.000000],[0.811858,0.119780,0.000000,0.012889,0.055473,0.000000],[0.829811,0.108022,0.000000,0.011934,0.050233,0.000000],[0.830652,0.052491,0.073907,0.007783,0.035167,0.000000],[1.000000,0.000000,0.000000,0.000000,0.000000,0.000000]],
  [[1.000000,0.000000,0.000000,0.000000,0.000000,0.000000],[0.898025,0.024942,0.035383,0.005877,0.035772,0.000000],[0.884164,0.057102,0.000000,0.009269,0.049465,0.000000],[0.868825,0.070319,0.000000,0.010186,0.050670,0.000000],[0.856882,0.081662,0.000000,0.010809,0.050647,0.000000],[0.143072,0.106151,0.000000,0.013152,0.737626,0.000000],[0.125447,0.124296,0.000000,0.014301,0.735957,0.000000],[0.124536,0.129014,0.000000,0.014448,0.732002,0.000000],[0.125957,0.130257,0.000000,0.014672,0.729114,0.000000],[0.803532,0.126141,0.000000,0.013618,0.056709,0.000000],[0.795639,0.125983,0.000000,0.014449,0.063929,0.000000],[0.793901,0.128946,0.000000,0.014303,0.062851,0.000000],[0.151051,0.133695,0.000000,0.015957,0.699297,0.000000],[0.803099,0.126251,0.000000,0.013658,0.056992,0.000000],[0.151971,0.134452,0.000000,0.016082,0.697495,0.000000],[0.534487,0.190812,0.000000,0.021099,0.253602,0.000000],[0.804658,0.121729,0.000000,0.013829,0.059784,0.000000],[0.128723,0.120862,0.000000,0.014432,0.735984,0.000000],[0.827237,0.107997,0.000000,0.012601,0.052165,0.000000],[0.824490,0.107012,0.000000,0.012944,0.055554,0.000000],[0.810158,0.116367,0.000000,0.013580,0.059895,0.000000],[0.543050,0.179862,0.000000,0.020372,0.256715,0.000000],[0.807064,0.120047,0.000000,0.013592,0.059297,0.000000],[0.821228,0.110659,0.000000,0.012974,0.055140,0.000000],[0.829304,0.104939,0.000000,0.012668,0.053089,0.000000],[0.827430,0.107902,0.000000,0.012596,0.052073,0.000000],[0.821669,0.114973,0.000000,0.012588,0.050770,0.000000],[0.815838,0.117743,0.000000,0.012925,0.053494,0.000000],[0.804253,0.121938,0.000000,0.013822,0.059987,0.000000],[0.803340,0.122302,0.000000,0.013937,0.060421,0.000000],[0.151960,0.133700,0.000000,0.015916,0.698423,0.000000],[0.815398,0.117799,0.000000,0.012997,0.053807,0.000000],[0.825333,0.109216,0.000000,0.012785,0.052667,0.000000],[0.821884,0.110448,0.000000,0.012926,0.054742,0.000000],[0.812767,0.113040,0.000000,0.013614,0.060579,0.000000],[0.549665,0.170554,0.000000,0.019974,0.259807,0.000000],[0.149076,0.131214,0.000000,0.015566,0.704145,0.000000],[0.821026,0.114980,0.000000,0.012480,0.051513,0.000000],[0.823949,0.055534,0.076915,0.008015,0.035587,0.000000],[1.000000,0.000000,0.000000,0.000000,0.000000,0.000000]],
  [[1.000000,0.000000,0.000000,0.000000,0.000000,0.000000],[0.897279,0.025804,0.035957,0.005822,0.035139,0.000000],[0.883207,0.058894,0.000000,0.009227,0.048672,0.000000],[0.870183,0.068171,0.000000,0.010203,0.051443,0.000000],[0.858979,0.078922,0.000000,0.010777,0.051321,0.000000],[0.842547,0.095079,0.000000,0.011575,0.050799,0.000000],[0.819016,0.118479,0.000000,0.012567,0.049938,0.000000],[0.811398,0.122466,0.000000,0.013088,0.053048,0.000000],[0.797724,0.129785,0.000000,0.013902,0.058589,0.000000],[0.150364,0.138815,0.000000,0.016093,0.694728,0.000000],[0.796382,0.125488,0.000000,0.014349,0.063781,0.000000],[0.807474,0.121715,0.000000,0.013486,0.057325,0.000000],[0.129965,0.122764,0.000000,0.014700,0.732571,0.000000],[0.806752,0.123937,0.000000,0.013305,0.056006,0.000000],[0.148794,0.137012,0.000000,0.015755,0.698439,0.000000],[0.803148,0.124344,0.000000,0.013663,0.058845,0.000000],[0.807666,0.119859,0.000000,0.013500,0.058974,0.000000],[0.822725,0.109858,0.000000,0.012818,0.054599,0.000000],[0.828354,0.107244,0.000000,0.012468,0.051934,0.000000],[0.825341,0.106482,0.000000,0.012846,0.055331,0.000000],[0.808575,0.119204,0.000000,0.013436,0.058785,0.000000],[0.148543,0.136881,0.000000,0.015691,0.698886,0.000000],[0.145866,0.140079,0.000000,0.015544,0.698512,0.000000],[0.813455,0.116340,0.000000,0.013217,0.056988,0.000000],[0.821261,0.110728,0.000000,0.012943,0.055068,0.000000],[0.819004,0.113898,0.000000,0.012899,0.054198,0.000000],[0.127262,0.125449,0.000000,0.014447,0.732843,0.000000],[0.127177,0.125068,0.000000,0.014344,0.733411,0.000000],[0.827170,0.106812,0.000000,0.012321,0.053697,0.000000],[0.828241,0.105996,0.000000,0.012221,0.053542,0.000000],[0.828379,0.107779,0.000000,0.011932,0.051910,0.000000],[0.826032,0.109533,0.000000,0.012195,0.052240,0.000000],[0.828068,0.109267,0.000000,0.012192,0.050474,0.000000],[0.824251,0.109030,0.000000,0.012672,0.054047,0.000000],[0.810437,0.118238,0.000000,0.013244,0.058081,0.000000],[0.802426,0.122040,0.000000,0.013794,0.061740,0.000000],[0.799318,0.125899,0.000000,0.013826,0.060958,0.000000],[0.128538,0.129037,0.000000,0.014720,0.727705,0.000000],[0.094622,0.063110,0.089973,0.009617,0.742678,0.000000],[1.000000,0.000000,0.000000,0.000000,0.000000,0.000000]],
  [[1.000000,0.000000,0.000000,0.000000,0.000000,0.000000],[0.164730,0.035295,0.050051,0.007338,0.742587,0.000000],[0.185569,0.069518,0.000000,0.011086,0.733826,0.000000],[0.869584,0.068509,0.000000,0.010272,0.051636,0.000000],[0.860199,0.076734,0.000000,0.010855,0.052212,0.000000],[0.843942,0.092634,0.000000,0.011682,0.051742,0.000000],[0.820434,0.115875,0.000000,0.012733,0.050958,0.000000],[0.126348,0.131147,0.000000,0.014796,0.727709,0.000000],[0.796397,0.130574,0.000000,0.014055,0.058974,0.000000],[0.533765,0.191469,0.000000,0.021227,0.253539,0.000000],[0.151580,0.133610,0.000000,0.015915,0.698895,0.000000],[0.817127,0.114967,0.000000,0.013065,0.054841,0.000000],[0.825128,0.109259,0.000000,0.012771,0.052842,0.000000],[0.818623,0.114073,0.000000,0.012948,0.054356,0.000000],[0.817733,0.114705,0.000000,0.013034,0.054529,0.000000],[0.129230,0.121802,0.000000,0.014541,0.734427,0.000000],[0.820793,0.111037,0.000000,0.012995,0.055175,0.000000],[0.824574,0.106920,0.000000,0.012918,0.055589,0.000000],[0.827403,0.107852,0.000000,0.012559,0.052185,0.000000],[0.821930,0.110374,0.000000,0.012899,0.054798,0.000000],[0.815505,0.117818,0.000000,0.012950,0.053727,0.000000],[0.128937,0.126962,0.000000,0.014749,0.729352,0.000000],[0.806083,0.124473,0.000000,0.013341,0.056103,0.000000],[0.131514,0.123706,0.000000,0.014841,0.729940,0.000000],[0.803235,0.119560,0.000000,0.013962,0.063243,0.000000],[0.800987,0.122826,0.000000,0.013895,0.062292,0.000000],[0.146594,0.135183,0.000000,0.015441,0.702782,0.000000],[0.814066,0.117802,0.000000,0.012835,0.055296,0.000000],[0.831848,0.103607,0.000000,0.011842,0.052703,0.000000],[0.000000,0.000000,0.000000,0.000000,0.000000,1.000000],[0.842153,0.097144,0.000000,0.010865,0.049838,0.000000],[0.123934,0.107172,0.000000,0.012730,0.756165,0.000000],[0.832583,0.107947,0.000000,0.011448,0.048022,0.000000],[0.123685,0.120629,0.000000,0.013619,0.742067,0.000000],[0.816714,0.119134,0.000000,0.012531,0.051621,0.000000],[0.130216,0.123288,0.000000,0.014718,0.731778,0.000000],[0.802037,0.122415,0.000000,0.013858,0.061690,0.000000],[0.808773,0.118926,0.000000,0.013236,0.059065,0.000000],[0.808001,0.061135,0.081531,0.008450,0.040883,0.000000],[1.000000,0.000000,0.000000,0.000000,0.000000,0.000000]],
  [[1.000000,0.000000,0.000000,0.000000,0.000000,0.000000],[0.150389,0.043799,0.060188,0.007666,0.737958,0.000000],[0.868364,0.075281,0.000000,0.009751,0.046604,0.000000],[0.867825,0.070879,0.000000,0.010295,0.051001,0.000000],[0.858341,0.079304,0.000000,0.010852,0.051502,0.000000],[0.841626,0.095659,0.000000,0.011679,0.051036,0.000000],[0.124143,0.128982,0.000000,0.014425,0.732450,0.000000],[0.124388,0.135002,0.000000,0.014781,0.725829,0.000000],[0.144577,0.146596,0.000000,0.015945,0.692883,0.000000],[0.797596,0.129782,0.000000,0.013937,0.058685,0.000000],[0.805757,0.120951,0.000000,0.013714,0.059578,0.000000],[0.822227,0.110029,0.000000,0.012879,0.054865,0.000000],[0.830479,0.104231,0.000000,0.012548,0.052741,0.000000],[0.828131,0.107484,0.000000,0.012514,0.051872,0.000000],[0.822580,0.114451,0.000000,0.012491,0.050478,0.000000],[0.821497,0.115141,0.000000,0.012588,0.050774,0.000000],[0.818843,0.114097,0.000000,0.012920,0.054140,0.000000],[0.820966,0.110872,0.000000,0.013002,0.055160,0.000000],[0.818807,0.114008,0.000000,0.012923,0.054263,0.000000],[0.127056,0.125064,0.000000,0.014430,0.733451,0.000000],[0.815144,0.118168,0.000000,0.012981,0.053706,0.000000],[0.816028,0.115858,0.000000,0.013178,0.054937,0.000000],[0.804674,0.121661,0.000000,0.013780,0.059886,0.000000],[0.799678,0.121734,0.000000,0.014275,0.064313,0.000000],[0.782952,0.129176,0.000000,0.015071,0.072801,0.000000],[0.546438,0.171389,0.000000,0.020187,0.261986,0.000000],[0.800984,0.120799,0.000000,0.014133,0.064084,0.000000],[0.809930,0.117376,0.000000,0.013266,0.059428,0.000000],[0.817497,0.110133,0.000000,0.012521,0.059849,0.000000],[0.000000,0.000000,0.000000,0.000000,0.000000,1.000000],[0.000000,0.000000,0.000000,0.000000,0.000000,1.000000],[0.847147,0.093878,0.000000,0.010390,0.048585,0.000000],[0.000000,0.000000,0.000000,0.000000,0.000000,1.000000],[0.117263,0.124130,0.000000,0.012909,0.745699,0.000000],[0.120219,0.136638,0.000000,0.014033,0.729110,0.000000],[0.815883,0.117820,0.000000,0.012917,0.053381,0.000000],[0.810469,0.116361,0.000000,0.013562,0.059608,0.000000],[0.558918,0.161390,0.000000,0.019219,0.260472,0.000000],[0.812462,0.057664,0.078958,0.008582,0.042335,0.000000],[1.000000,0.000000,0.000000,0.000000,0.000000,0.000000]],
  [[1.000000,0.000000,0.000000,0.000000,0.000000,0.000000],[0.134105,0.047929,0.067600,0.008265,0.742101,0.000000],[0.159336,0.097032,0.000000,0.012478,0.731154,0.000000],[0.855432,0.082532,0.000000,0.010973,0.051063,0.000000],[0.854889,0.084280,0.000000,0.010797,0.050034,0.000000],[0.143760,0.107104,0.000000,0.013321,0.735815,0.000000],[0.814252,0.123318,0.000000,0.012763,0.049667,0.000000],[0.804260,0.130526,0.000000,0.013253,0.051962,0.000000],[0.123062,0.139695,0.000000,0.014889,0.722354,0.000000],[0.126445,0.131324,0.000000,0.014838,0.727393,0.000000],[0.819890,0.111728,0.000000,0.013124,0.055258,0.000000],[0.826287,0.105896,0.000000,0.012772,0.055045,0.000000],[0.832466,0.103024,0.000000,0.012367,0.052143,0.000000],[0.845761,0.091499,0.000000,0.011480,0.051260,0.000000],[0.143410,0.106589,0.000000,0.013192,0.736808,0.000000],[0.124099,0.128864,0.000000,0.014329,0.732707,0.000000],[0.815397,0.118162,0.000000,0.012980,0.053461,0.000000],[0.806585,0.120538,0.000000,0.013644,0.059233,0.000000],[0.149808,0.132272,0.000000,0.015656,0.702263,0.000000],[0.804250,0.123847,0.000000,0.013568,0.058334,0.000000],[0.127008,0.125710,0.000000,0.014516,0.732766,0.000000],[0.816251,0.115757,0.000000,0.013165,0.054827,0.000000],[0.804377,0.121790,0.000000,0.013825,0.060008,0.000000],[0.540820,0.180563,0.000000,0.020610,0.258007,0.000000],[0.779296,0.133250,0.000000,0.015137,0.072318,0.000000],[0.781884,0.129639,0.000000,0.015158,0.073319,0.000000],[0.791536,0.123149,0.000000,0.014783,0.070532,0.000000],[0.800740,0.119845,0.000000,0.013907,0.065508,0.000000],[0.149808,0.123277,0.000000,0.014781,0.712134,0.000000],[0.558063,0.162817,0.000000,0.018350,0.260769,0.000000],[0.838469,0.096518,0.000000,0.011021,0.053992,0.000000],[0.000000,0.000000,0.000000,0.000000,0.000000,1.000000],[0.000000,0.000000,0.000000,0.000000,0.000000,1.000000],[0.133898,0.100163,0.000000,0.011557,0.754382,0.000000],[0.123923,0.129308,0.000000,0.014148,0.732621,0.000000],[0.818711,0.114326,0.000000,0.012946,0.054017,0.000000],[0.814271,0.112200,0.000000,0.013501,0.060028,0.000000],[0.821119,0.108491,0.000000,0.012844,0.057546,0.000000],[0.814272,0.056327,0.078932,0.008495,0.041973,0.000000],[1.000000,0.000000,0.000000,0.000000,0.000000,0.000000]],
  [[1.000000,0.000000,0.000000,0.000000,0.000000,0.000000],[0.844316,0.047411,0.065662,0.007385,0.035226,0.000000],[0.845229,0.095555,0.000000,0.011112,0.048104,0.000000],[0.144556,0.103166,0.000000,0.013261,0.739017,0.000000],[0.839965,0.098258,0.000000,0.011595,0.050182,0.000000],[0.143960,0.107379,0.000000,0.013377,0.735283,0.000000],[0.813748,0.123661,0.000000,0.012819,0.049772,0.000000],[0.121761,0.139108,0.000000,0.014764,0.724367,0.000000],[0.120145,0.143169,0.000000,0.014745,0.721940,0.000000],[0.810817,0.127187,0.000000,0.012814,0.049183,0.000000],[0.820949,0.115522,0.000000,0.012675,0.050855,0.000000],[0.829057,0.106916,0.000000,0.012436,0.051591,0.000000],[0.833023,0.102719,0.000000,0.012325,0.051932,0.000000],[0.846082,0.091313,0.000000,0.011450,0.051155,0.000000],[0.840915,0.097668,0.000000,0.011491,0.049926,0.000000],[0.122150,0.132462,0.000000,0.014245,0.731143,0.000000],[0.124069,0.134122,0.000000,0.014518,0.727291,0.000000],[0.801408,0.127413,0.000000,0.013550,0.057630,0.000000],[0.542377,0.180633,0.000000,0.020488,0.256502,0.000000],[0.803626,0.124225,0.000000,0.013615,0.058533,0.000000],[0.814021,0.118961,0.000000,0.013089,0.053929,0.000000],[0.127491,0.126404,0.000000,0.014629,0.731475,0.000000],[0.803576,0.122313,0.000000,0.013906,0.060205,0.000000],[0.151926,0.134131,0.000000,0.016015,0.697928,0.000000],[0.153443,0.135182,0.000000,0.016158,0.695218,0.000000],[0.792988,0.124457,0.000000,0.014653,0.067902,0.000000],[0.547325,0.171528,0.000000,0.020152,0.260996,0.000000],[0.797314,0.123835,0.000000,0.013978,0.064873,0.000000],[0.806389,0.119402,0.000000,0.013346,0.060863,0.000000],[0.818555,0.111137,0.000000,0.012678,0.057630,0.000000],[0.833164,0.100327,0.000000,0.011555,0.054954,0.000000],[0.851117,0.089692,0.000000,0.010272,0.048919,0.000000],[0.000000,0.000000,0.000000,0.000000,0.000000,1.000000],[0.853864,0.090986,0.000000,0.009884,0.045266,0.000000],[0.824840,0.116668,0.000000,0.011680,0.046812,0.000000],[0.815867,0.119667,0.000000,0.012648,0.051819,0.000000],[0.820508,0.113142,0.000000,0.012782,0.053568,0.000000],[0.829887,0.105954,0.000000,0.012172,0.051986,0.000000],[0.825663,0.051951,0.076149,0.008168,0.038068,0.000000],[1.000000,0.000000,0.000000,0.000000,0.000000,0.000000]],
  [[1.000000,0.000000,0.000000,0.000000,0.000000,0.000000],[0.829606,0.051808,0.073958,0.008083,0.036545,0.000000],[0.831154,0.107755,0.000000,0.011987,0.049104,0.000000],[0.824373,0.111625,0.000000,0.012624,0.051378,0.000000],[0.822095,0.114800,0.000000,0.012549,0.050556,0.000000],[0.822512,0.112905,0.000000,0.012817,0.051767,0.000000],[0.124480,0.129768,0.000000,0.014570,0.731182,0.000000],[0.141945,0.119589,0.000000,0.013694,0.724772,0.000000],[0.141064,0.123458,0.000000,0.013715,0.721763,0.000000],[0.141573,0.119126,0.000000,0.013580,0.725721,0.000000],[0.144024,0.107424,0.000000,0.013386,0.735165,0.000000],[0.844672,0.092186,0.000000,0.011603,0.051539,0.000000],[0.845805,0.091475,0.000000,0.011478,0.051242,0.000000],[0.845487,0.091674,0.000000,0.011508,0.051331,0.000000],[0.843716,0.094389,0.000000,0.011448,0.050447,0.000000],[0.825149,0.112912,0.000000,0.012252,0.049687,0.000000],[0.125144,0.129225,0.000000,0.014318,0.731313,0.000000],[0.146856,0.135271,0.000000,0.015344,0.702529,0.000000],[0.812104,0.115309,0.000000,0.013373,0.059215,0.000000],[0.808912,0.119189,0.000000,0.013393,0.058506,0.000000],[0.125241,0.129514,0.000000,0.014461,0.730784,0.000000],[0.806371,0.124581,0.000000,0.013316,0.055732,0.000000],[0.803741,0.125897,0.000000,0.013561,0.056801,0.000000],[0.804127,0.123632,0.000000,0.013800,0.058440,0.000000],[0.798922,0.125804,0.000000,0.014060,0.061214,0.000000],[0.791668,0.127215,0.000000,0.014517,0.066600,0.000000],[0.803470,0.122299,0.000000,0.013864,0.060367,0.000000],[0.149041,0.131111,0.000000,0.015504,0.704344,0.000000],[0.816966,0.112296,0.000000,0.013132,0.057606,0.000000],[0.828175,0.104634,0.000000,0.012511,0.054680,0.000000],[0.836400,0.099648,0.000000,0.011720,0.052232,0.000000],[0.846723,0.092568,0.000000,0.010705,0.050003,0.000000],[0.000000,0.000000,0.000000,0.000000,0.000000,1.000000],[0.134550,0.096446,0.000000,0.011395,0.757609,0.000000],[0.123104,0.128413,0.000000,0.013865,0.734618,0.000000],[0.123602,0.128488,0.000000,0.014093,0.733818,0.000000],[0.126944,0.119647,0.000000,0.014122,0.739286,0.000000],[0.835240,0.103486,0.000000,0.011856,0.049417,0.000000],[0.831408,0.050789,0.073493,0.007992,0.036318,0.000000],[1.000000,0.000000,0.000000,0.000000,0.000000,0.000000]],
  [[1.000000,0.000000,0.000000,0.000000,0.000000,0.000000],[0.824277,0.052629,0.076569,0.008238,0.038286,0.000000],[0.827971,0.107146,0.000000,0.012364,0.052519,0.000000],[0.128781,0.121098,0.000000,0.014461,0.735660,0.000000],[0.816444,0.117350,0.000000,0.012893,0.053314,0.000000],[0.815852,0.117770,0.000000,0.012975,0.053404,0.000000],[0.817097,0.119729,0.000000,0.012769,0.050405,0.000000],[0.830315,0.108985,0.000000,0.011843,0.048857,0.000000],[0.140265,0.122316,0.000000,0.013513,0.723907,0.000000],[0.158327,0.101792,0.000000,0.012571,0.727310,0.000000],[0.853168,0.085304,0.000000,0.010992,0.050536,0.000000],[0.856403,0.081922,0.000000,0.010850,0.050825,0.000000],[0.856949,0.081605,0.000000,0.010786,0.050660,0.000000],[0.143014,0.106062,0.000000,0.013096,0.737829,0.000000],[0.829158,0.108704,0.000000,0.012144,0.049993,0.000000],[0.832861,0.106073,0.000000,0.011749,0.049317,0.000000],[0.831204,0.105821,0.000000,0.011691,0.051284,0.000000],[0.830918,0.105952,0.000000,0.011700,0.051430,0.000000],[0.829376,0.105430,0.000000,0.012139,0.053055,0.000000],[0.821423,0.112462,0.000000,0.012648,0.053467,0.000000],[0.126482,0.124910,0.000000,0.014376,0.734232,0.000000],[0.127399,0.126299,0.000000,0.014615,0.731687,0.000000],[0.801079,0.123794,0.000000,0.014129,0.060997,0.000000],[0.153316,0.135816,0.000000,0.016265,0.694604,0.000000],[0.794423,0.126687,0.000000,0.014537,0.064353,0.000000],[0.805118,0.123294,0.000000,0.013692,0.057897,0.000000],[0.128085,0.126401,0.000000,0.014634,0.730880,0.000000],[0.816520,0.117227,0.000000,0.012860,0.053393,0.000000],[0.821020,0.112645,0.000000,0.012714,0.053621,0.000000],[0.829730,0.106400,0.000000,0.012318,0.051552,0.000000],[0.835940,0.102567,0.000000,0.011714,0.049779,0.000000],[0.845710,0.094319,0.000000,0.011012,0.048959,0.000000],[0.000000,0.000000,0.000000,0.000000,0.000000,1.000000],[0.859185,0.085949,0.000000,0.009585,0.045281,0.000000],[0.135876,0.102704,0.000000,0.011839,0.749581,0.000000],[0.845424,0.096358,0.000000,0.010753,0.047465,0.000000],[0.844817,0.093696,0.000000,0.011340,0.050148,0.000000],[0.850931,0.088817,0.000000,0.010996,0.049256,0.000000],[0.849330,0.043741,0.063210,0.007438,0.036281,0.000000],[1.000000,0.000000,0.000000,0.000000,0.000000,0.000000]],
  [[1.000000,0.000000,0.000000,0.000000,0.000000,0.000000],[0.820804,0.054780,0.078247,0.008235,0.037934,0.000000],[0.813864,0.116474,0.000000,0.012980,0.056682,0.000000],[0.803779,0.124013,0.000000,0.013626,0.058582,0.000000],[0.147070,0.135646,0.000000,0.015526,0.701758,0.000000],[0.129303,0.122072,0.000000,0.014601,0.734025,0.000000],[0.821849,0.113237,0.000000,0.012858,0.052056,0.000000],[0.125988,0.125449,0.000000,0.014494,0.734069,0.000000],[0.143180,0.111322,0.000000,0.013452,0.732045,0.000000],[0.852437,0.085743,0.000000,0.011071,0.050749,0.000000],[0.854556,0.082992,0.000000,0.011047,0.051405,0.000000],[0.855315,0.082571,0.000000,0.010965,0.051149,0.000000],[0.159446,0.092132,0.000000,0.012420,0.736002,0.000000],[0.839592,0.100146,0.000000,0.011371,0.048891,0.000000],[0.124943,0.123709,0.000000,0.013944,0.737405,0.000000],[0.835567,0.103332,0.000000,0.011279,0.049822,0.000000],[0.000000,0.000000,0.000000,0.000000,0.000000,1.000000],[0.000000,0.000000,0.000000,0.000000,0.000000,1.000000],[0.835270,0.100108,0.000000,0.011828,0.052794,0.000000],[0.825379,0.108198,0.000000,0.012549,0.053875,0.000000],[0.824153,0.111645,0.000000,0.012598,0.051604,0.000000],[0.816249,0.115710,0.000000,0.013158,0.054883,0.000000],[0.799013,0.126893,0.000000,0.014061,0.060033,0.000000],[0.526423,0.201426,0.000000,0.021694,0.250457,0.000000],[0.149863,0.144128,0.000000,0.016257,0.689752,0.000000],[0.808902,0.123634,0.000000,0.013299,0.054165,0.000000],[0.128090,0.121488,0.000000,0.014488,0.735934,0.000000],[0.824185,0.111722,0.000000,0.012623,0.051470,0.000000],[0.825593,0.110881,0.000000,0.012482,0.051045,0.000000],[0.126752,0.119435,0.000000,0.014090,0.739723,0.000000],[0.847233,0.092218,0.000000,0.011071,0.049478,0.000000],[0.855300,0.084013,0.000000,0.010711,0.049977,0.000000],[0.859279,0.081424,0.000000,0.010292,0.049006,0.000000],[0.000000,0.000000,0.000000,0.000000,0.000000,1.000000],[0.000000,0.000000,0.000000,0.000000,0.000000,1.000000],[0.865983,0.074780,0.000000,0.009999,0.049238,0.000000],[0.861787,0.077362,0.000000,0.010481,0.050369,0.000000],[0.863606,0.078258,0.000000,0.010132,0.048004,0.000000],[0.862119,0.039881,0.056182,0.006826,0.034992,0.000000],[1.000000,0.000000,0.000000,0.000000,0.000000,0.000000]],
  [[1.000000,0.000000,0.000000,0.000000,0.000000,0.000000],[0.818582,0.056064,0.078779,0.008330,0.038246,0.000000],[0.152622,0.130825,0.000000,0.015871,0.700682,0.000000],[0.540752,0.180729,0.000000,0.020654,0.257865,0.000000],[0.798406,0.124477,0.000000,0.014147,0.062969,0.000000],[0.811165,0.117800,0.000000,0.013439,0.057596,0.000000],[0.817890,0.114729,0.000000,0.013028,0.054353,0.000000],[0.821350,0.115285,0.000000,0.012632,0.050733,0.000000],[0.839290,0.098690,0.000000,0.011674,0.050347,0.000000],[0.855328,0.082550,0.000000,0.010968,0.051153,0.000000],[0.855186,0.082620,0.000000,0.010979,0.051214,0.000000],[0.142399,0.110211,0.000000,0.013253,0.734137,0.000000],[0.835131,0.104436,0.000000,0.011587,0.048846,0.000000],[0.838041,0.102703,0.000000,0.011286,0.047970,0.000000],[0.122868,0.119957,0.000000,0.013425,0.743751,0.000000],[0.842425,0.098597,0.000000,0.010603,0.048375,0.000000],[0.000000,0.000000,0.000000,0.000000,0.000000,1.000000],[0.838243,0.096373,0.000000,0.011048,0.054335,0.000000],[0.825793,0.104746,0.000000,0.012274,0.057187,0.000000],[0.826428,0.105766,0.000000,0.012707,0.055099,0.000000],[0.825270,0.109182,0.000000,0.012760,0.052788,0.000000],[0.815905,0.115874,0.000000,0.013192,0.055029,0.000000],[0.799582,0.126661,0.000000,0.014007,0.059750,0.000000],[0.146825,0.147626,0.000000,0.016109,0.689440,0.000000],[0.148374,0.143149,0.000000,0.016107,0.692369,0.000000],[0.810664,0.122591,0.000000,0.013169,0.053576,0.000000],[0.822927,0.112550,0.000000,0.012747,0.051776,0.000000],[0.839889,0.098262,0.000000,0.011587,0.050262,0.000000],[0.839084,0.100369,0.000000,0.011418,0.049129,0.000000],[0.143150,0.106281,0.000000,0.013112,0.737457,0.000000],[0.843304,0.096194,0.000000,0.011232,0.049270,0.000000],[0.846930,0.092424,0.000000,0.011108,0.049539,0.000000],[0.851364,0.089538,0.000000,0.010644,0.048453,0.000000],[0.857087,0.084332,0.000000,0.010292,0.048289,0.000000],[0.861414,0.079956,0.000000,0.010077,0.048554,0.000000],[0.870151,0.070709,0.000000,0.009755,0.049385,0.000000],[0.864496,0.075622,0.000000,0.010185,0.049698,0.000000],[0.159680,0.089853,0.000000,0.012240,0.738228,0.000000],[0.150042,0.038933,0.056958,0.007755,0.746312,0.000000],[1.000000,0.000000,0.000000,0.000000,0.000000,0.000000]],
  [[1.000000,0.000000,0.000000,0.000000,0.000000,0.000000],[0.815028,0.058296,0.080462,0.008339,0.037876,0.000000],[0.801080,0.125145,0.000000,0.013702,0.060074,0.000000],[0.781259,0.135461,0.000000,0.015006,0.068275,0.000000],[0.786789,0.128144,0.000000,0.015037,0.070030,0.000000],[0.801516,0.120691,0.000000,0.014159,0.063634,0.000000],[0.818521,0.112561,0.000000,0.013243,0.055675,0.000000],[0.820964,0.115525,0.000000,0.012667,0.050843,0.000000],[0.145027,0.103880,0.000000,0.013357,0.737737,0.000000],[0.855438,0.082496,0.000000,0.010956,0.051109,0.000000],[0.855070,0.082692,0.000000,0.010989,0.051248,0.000000],[0.143969,0.107414,0.000000,0.013367,0.735250,0.000000],[0.122418,0.133330,0.000000,0.014401,0.729852,0.000000],[0.124129,0.129499,0.000000,0.014326,0.732046,0.000000],[0.834389,0.106648,0.000000,0.011302,0.047660,0.000000],[0.000000,0.000000,0.000000,0.000000,0.000000,1.000000],[0.000000,0.000000,0.000000,0.000000,0.000000,1.000000],[0.565779,0.153056,0.000000,0.017797,0.263368,0.000000],[0.812979,0.113548,0.000000,0.013007,0.060466,0.000000],[0.814477,0.115569,0.000000,0.013104,0.056850,0.000000],[0.813881,0.118708,0.000000,0.013107,0.054305,0.000000],[0.128037,0.126342,0.000000,0.014705,0.730916,0.000000],[0.128391,0.127167,0.000000,0.014849,0.729593,0.000000],[0.808478,0.124043,0.000000,0.013387,0.054092,0.000000],[0.126687,0.131185,0.000000,0.014828,0.727300,0.000000],[0.814325,0.118692,0.000000,0.013115,0.053867,0.000000],[0.823629,0.112132,0.000000,0.012686,0.051553,0.000000],[0.127031,0.120081,0.000000,0.014229,0.738659,0.000000],[0.125214,0.123720,0.000000,0.014136,0.736931,0.000000],[0.826192,0.110498,0.000000,0.012422,0.050889,0.000000],[0.825975,0.110597,0.000000,0.012436,0.050993,0.000000],[0.127216,0.120247,0.000000,0.014186,0.738351,0.000000],[0.125157,0.123789,0.000000,0.014049,0.737005,0.000000],[0.831426,0.107250,0.000000,0.011914,0.049411,0.000000],[0.852309,0.087371,0.000000,0.010788,0.049531,0.000000],[0.000000,0.000000,0.000000,0.000000,0.000000,1.000000],[0.848906,0.091065,0.000000,0.010913,0.049116,0.000000],[0.861546,0.080931,0.000000,0.010140,0.047382,0.000000],[0.875136,0.034748,0.048529,0.006462,0.035125,0.000000],[1.000000,0.000000,0.000000,0.000000,0.000000,0.000000]],
  [[1.000000,0.000000,0.000000,0.000000,0.000000,0.000000],[0.804536,0.061660,0.084583,0.008778,0.040443,0.000000],[0.131721,0.132433,0.000000,0.015558,0.720289,0.000000],[0.149496,0.143678,0.000000,0.016493,0.690333,0.000000],[0.537299,0.181691,0.000000,0.021125,0.259885,0.000000],[0.795424,0.128256,0.000000,0.014201,0.062119,0.000000],[0.129370,0.122999,0.000000,0.014757,0.732874,0.000000],[0.815470,0.122475,0.000000,0.012633,0.049421,0.000000],[0.143000,0.111129,0.000000,0.013404,0.732467,0.000000],[0.851875,0.087522,0.000000,0.010907,0.049695,0.000000],[0.854931,0.082766,0.000000,0.011004,0.051299,0.000000],[0.840017,0.098304,0.000000,0.011596,0.050083,0.000000],[0.815426,0.124248,0.000000,0.012327,0.047999,0.000000],[0.121292,0.137353,0.000000,0.014230,0.727125,0.000000],[0.826190,0.112587,0.000000,0.011584,0.049640,0.000000],[0.000000,0.000000,0.000000,0.000000,0.000000,1.000000],[0.824841,0.103518,0.000000,0.012065,0.059575,0.000000],[0.817514,0.108649,0.000000,0.012798,0.061038,0.000000],[0.804969,0.120228,0.000000,0.013501,0.061303,0.000000],[0.150361,0.137812,0.000000,0.015887,0.695940,0.000000],[0.147928,0.142104,0.000000,0.015890,0.694078,0.000000],[0.799060,0.128871,0.000000,0.013763,0.058306,0.000000],[0.810532,0.122917,0.000000,0.013154,0.053397,0.000000],[0.813890,0.123427,0.000000,0.012770,0.049913,0.000000],[0.814990,0.122800,0.000000,0.012672,0.049538,0.000000],[0.123925,0.128547,0.000000,0.014325,0.733203,0.000000],[0.823032,0.114206,0.000000,0.012460,0.050302,0.000000],[0.826584,0.110221,0.000000,0.012390,0.050805,0.000000],[0.823247,0.111430,0.000000,0.012516,0.052808,0.000000],[0.823965,0.109164,0.000000,0.012705,0.054166,0.000000],[0.822037,0.110352,0.000000,0.012882,0.054730,0.000000],[0.816034,0.117700,0.000000,0.012903,0.053363,0.000000],[0.811630,0.124072,0.000000,0.012771,0.051528,0.000000],[0.124148,0.128914,0.000000,0.014314,0.732624,0.000000],[0.828524,0.108788,0.000000,0.012189,0.050499,0.000000],[0.829864,0.107972,0.000000,0.012049,0.050116,0.000000],[0.140306,0.102728,0.000000,0.012616,0.744351,0.000000],[0.860935,0.081245,0.000000,0.010217,0.047603,0.000000],[0.875970,0.033880,0.047810,0.006541,0.035800,0.000000],[1.000000,0.000000,0.000000,0.000000,0.000000,0.000000]],
  [[1.000000,0.000000,0.000000,0.000000,0.000000,0.000000],[0.791188,0.080492,0.074440,0.009853,0.044027,0.000000],[0.155876,0.155249,0.000000,0.018261,0.670614,0.000000],[0.764800,0.149368,0.000000,0.016627,0.069205,0.000000],[0.152492,0.137674,0.000000,0.016712,0.693122,0.000000],[0.799039,0.129223,0.000000,0.013857,0.057881,0.000000],[0.125674,0.130883,0.000000,0.014766,0.728677,0.000000],[0.809710,0.129588,0.000000,0.012626,0.048076,0.000000],[0.142481,0.115486,0.000000,0.013534,0.728498,0.000000],[0.159210,0.095465,0.000000,0.012514,0.732811,0.000000],[0.854573,0.082996,0.000000,0.011037,0.051394,0.000000],[0.843311,0.094755,0.000000,0.011501,0.050434,0.000000],[0.121551,0.124765,0.000000,0.013648,0.740036,0.000000],[0.121131,0.129480,0.000000,0.013593,0.735796,0.000000],[0.141093,0.132255,0.000000,0.014085,0.712567,0.000000],[0.812456,0.117396,0.000000,0.012434,0.057715,0.000000],[0.812519,0.115411,0.000000,0.012703,0.059367,0.000000],[0.817617,0.113729,0.000000,0.012731,0.055923,0.000000],[0.809339,0.120489,0.000000,0.013268,0.056904,0.000000],[0.151009,0.138610,0.000000,0.016023,0.694359,0.000000],[0.534202,0.191080,0.000000,0.021124,0.253594,0.000000],[0.802634,0.122995,0.000000,0.014011,0.060360,0.000000],[0.129364,0.123204,0.000000,0.014770,0.732662,0.000000],[0.126227,0.125839,0.000000,0.014552,0.733382,0.000000],[0.143022,0.111149,0.000000,0.013404,0.732425,0.000000],[0.143789,0.107153,0.000000,0.013309,0.735748,0.000000],[0.842405,0.095118,0.000000,0.011579,0.050899,0.000000],[0.831475,0.103662,0.000000,0.012461,0.052401,0.000000],[0.827519,0.105144,0.000000,0.012637,0.054699,0.000000],[0.816453,0.110723,0.000000,0.013240,0.059585,0.000000],[0.808447,0.114540,0.000000,0.013777,0.063236,0.000000],[0.801116,0.122863,0.000000,0.013946,0.062075,0.000000],[0.126272,0.136189,0.000000,0.014918,0.722622,0.000000],[0.123053,0.138966,0.000000,0.014688,0.723293,0.000000],[0.811218,0.124298,0.000000,0.012854,0.051630,0.000000],[0.820074,0.117889,0.000000,0.012467,0.049569,0.000000],[0.142208,0.110103,0.000000,0.013189,0.734499,0.000000],[0.159534,0.093302,0.000000,0.012354,0.734810,0.000000],[0.862359,0.039401,0.055516,0.006951,0.035774,0.000000],[1.000000,0.000000,0.000000,0.000000,0.000000,0.000000]],
  [[1.000000,0.000000,0.000000,0.000000,0.000000,0.000000],[0.797433,0.077027,0.072299,0.009626,0.043615,0.000000],[0.370793,0.081240,0.362729,0.013020,0.172218,0.000000],[0.752935,0.116168,0.060993,0.014040,0.055865,0.000000],[0.785153,0.078320,0.082232,0.010291,0.044004,0.000000],[0.812293,0.122307,0.000000,0.013112,0.052288,0.000000],[0.125218,0.131368,0.000000,0.014791,0.728623,0.000000],[0.119106,0.141250,0.000000,0.014419,0.725225,0.000000],[0.142281,0.115215,0.000000,0.013480,0.729025,0.000000],[0.850710,0.089711,0.000000,0.010814,0.048765,0.000000],[0.854467,0.084545,0.000000,0.010829,0.050160,0.000000],[0.141642,0.109546,0.000000,0.012968,0.735844,0.000000],[0.832825,0.109354,0.000000,0.011162,0.046659,0.000000],[0.000000,0.000000,0.000000,0.000000,0.000000,1.000000],[0.138307,0.119317,0.000000,0.013010,0.729366,0.000000],[0.542430,0.184642,0.000000,0.019372,0.253557,0.000000],[0.148592,0.128297,0.000000,0.014864,0.708247,0.000000],[0.131063,0.123305,0.000000,0.014623,0.731009,0.000000],[0.809294,0.118724,0.000000,0.013540,0.058443,0.000000],[0.799824,0.121492,0.000000,0.014281,0.064403,0.000000],[0.797710,0.124789,0.000000,0.014213,0.063288,0.000000],[0.801483,0.125579,0.000000,0.013804,0.059134,0.000000],[0.811720,0.122208,0.000000,0.013055,0.053017,0.000000],[0.815468,0.122478,0.000000,0.012634,0.049419,0.000000],[0.836188,0.102187,0.000000,0.011735,0.049890,0.000000],[0.822489,0.114592,0.000000,0.012528,0.050391,0.000000],[0.828337,0.107378,0.000000,0.012502,0.051783,0.000000],[0.831159,0.103777,0.000000,0.012471,0.052593,0.000000],[0.826418,0.105755,0.000000,0.012718,0.055110,0.000000],[0.814751,0.111720,0.000000,0.013371,0.060158,0.000000],[0.555337,0.161406,0.000000,0.019524,0.263733,0.000000],[0.787362,0.129875,0.000000,0.014692,0.068072,0.000000],[0.148403,0.143607,0.000000,0.016128,0.691862,0.000000],[0.142268,0.150195,0.000000,0.015844,0.691693,0.000000],[0.124436,0.135123,0.000000,0.014775,0.725666,0.000000],[0.124478,0.129724,0.000000,0.014532,0.731266,0.000000],[0.836207,0.102208,0.000000,0.011747,0.049837,0.000000],[0.844630,0.095891,0.000000,0.011180,0.048299,0.000000],[0.844686,0.047047,0.065646,0.007380,0.035241,0.000000],[1.000000,0.000000,0.000000,0.000000,0.000000,0.000000]],
