[
  [[1.000000,0.000000,0.000000,0.000000,0.000000,0.000000],[1.000000,0.000000,0.000000,0.000000,0.000000,0.000000],[1.000000,0.000000,0.000000,0.000000,0.000000,0.000000],[1.000000,0.000000,0.000000,0.000000,0.000000,0.000000],[1.000000,0.000000,0.000000,0.000000,0.000000,0.000000],[1.000000,0.000000,0.000000,0.000000,0.000000,0.000000],[1.000000,0.000000,0.000000,0.000000,0.000000,0.000000],[1.000000,0.000000,0.000000,0.000000,0.000000,0.000000],[1.000000,0.000000,0.000000,0.000000,0.000000,0.000000],[1.000000,0.000000,0.000000,0.000000,0.000000,0.000000],[1.000000,0.000000,0.000000,0.000000,0.000000,0.000000],[1.000000,0.000000,0.000000,0.000000,0.000000,0.000000],[1.000000,0.000000,0.000000,0.000000,0.000000,0.000000],[1.000000,0.000000,0.000000,0.000000,0.000000,0.000000],[1.000000,0.000000,0.000000,0.000000,0.000000,0.000000],[1.000000,0.000000,0.000000,0.000000,0.000000,0.000000],[1.000000,0.000000,0.000000,0.000000,0.000000,0.000000],[1.000000,0.000000,0.000000,0.000000,0.000000,0.000000],[1.000000,0.000000,0.000000,0.000000,0.000000,0.000000],[1.000000,0.000000,0.000000,0.000000,0.000000,0.000000],[1.000000,0.000000,0.000000,0.000000,0.000000,0.000000],[1.000000,0.000000,0.000000,0.000000,0.000000,0.000000],[1.000000,0.000000,0.000000,0.000000,0.000000,0.000000],[1.000000,0.000000,0.000000,0.000000,0.000000,0.000000],[1.000000,0.000000,0.000000,0.000000,0.000000,0.000000],[1.000000,0.000000,0.000000,0.000000,0.000000,0.000000],[1.000000,0.000000,0.000000,0.000000,0.000000,0.000000],[1.000000,0.000000,0.000000,0.000000,0.000000,0.000000],[1.000000,0.000000,0.000000,0.000000,0.000000,0.000000],[1.000000,0.000000,0.000000,0.000000,0.000000,0.000000],[1.000000,0.000000,0.000000,0.000000,0.000000,0.000000],[1.000000,0.000000,0.000000,0.000000,0.000000,0.000000],[1.000000,0.000000,0.000000,0.000000,0.000000,0.000000],[1.000000,0.000000,0.000000,0.000000,0.000000,0.000000],[1.000000,0.000000,0.000000,0.000000,0.000000,0.000000],[1.000000,0.000000,0.000000,0.000000,0.000000,0.000000],[1.000000,0.000000,0.000000,0.000000,0.000000,0.000000],[1.000000,0.000000,0.000000,0.000000,0.000000,0.000000],[1.000000,0.000000,0.000000,0.000000,0.000000,0.000000],[1.000000,0.000000,0.000000,0.000000,0.000000,0.000000]],
  [[1.000000,0.000000,0.000000,0.000000,0.000000,0.000000],[0.860372,0.038080,0.060584,0.006843,0.034121,0.000000],[0.831140,0.052628,0.074418,0.007603,0.034210,0.000000],[0.829156,0.052335,0.074822,0.007947,0.035741,0.000000],[0.829085,0.052295,0.074894,0.007938,0.035788,0.000000],[0.830669,0.051095,0.073753,0.008024,0.036458,0.000000],[0.830702,0.051101,0.073731,0.008022,0.036444,0.000000],[0.830538,0.051250,0.073740,0.008032,0.036440,0.000000],[0.828112,0.053089,0.075021,0.007973,0.035805,0.000000],[0.115524,0.053090,0.076975,0.008836,0.745576,0.000000],[0.133775,0.047254,0.067506,0.008226,0.743239,0.000000],[0.873381,0.036209,0.049361,0.006444,0.034605,0.000000],[0.873455,0.036170,0.049345,0.006438,0.034591,0.000000],[0.150089,0.040393,0.058059,0.007730,0.743730,0.000000],[0.875085,0.034814,0.048517,0.006467,0.035117,0.000000],[0.862599,0.039174,0.055504,0.006946,0.035777,0.000000],[0.846124,0.045909,0.064641,0.007457,0.035870,0.000000],[0.824011,0.055900,0.076655,0.008005,0.035430,0.000000],[0.092650,0.065642,0.091437,0.009562,0.740709,0.000000],[0.091242,0.068319,0.093042,0.009524,0.737873,0.000000],[0.091191,0.067527,0.092926,0.009494,0.738863,0.000000],[0.822013,0.057349,0.077843,0.007932,0.034862,0.000000],[0.828105,0.052948,0.075076,0.007997,0.035874,0.000000],[0.831100,0.050964,0.073564,0.008020,0.036353,0.000000],[0.847126,0.045390,0.064389,0.007397,0.035697,0.000000],[0.133766,0.047225,0.067503,0.008224,0.743282,0.000000],[0.133508,0.049281,0.068780,0.008194,0.740237,0.000000],[0.134014,0.047763,0.067568,0.008258,0.742396,0.000000],[0.842850,0.048367,0.065948,0.007451,0.035384,0.000000],[0.092506,0.065173,0.091227,0.009543,0.741551,0.000000],[0.090957,0.072812,0.094512,0.009694,0.732025,0.000000],[0.114697,0.105528,0.084726,0.012134,0.682915,0.000000],[0.111752,0.076843,0.098172,0.010539,0.702694,0.000000],[1.000000,0.000000,0.000000,0.000000,0.000000,0.000000],[0.092727,0.053075,0.085565,0.009133,0.759500,0.000000],[0.829376,0.053987,0.074658,0.007669,0.034310,0.000000],[0.846675,0.045482,0.064558,0.007452,0.035833,0.000000],[0.867624,0.036878,0.053314,0.006753,0.035431,0.000000],[0.888011,0.027275,0.043941,0.006072,0.034700,0.000000],[1.000000,0.000000,0.000000,0.000000,0.000000,0.000000]],
  [[1.000000,0.000000,0.000000,0.000000,0.000000,0.000000],[0.116313,0.050986,0.075438,0.008807,0.748457,0.000000],[0.837570,0.104053,0.000000,0.011374,0.047002,0.000000],[0.128859,0.117115,0.000000,0.014167,0.739859,0.000000],[0.830010,0.105824,0.000000,0.012150,0.052016,0.000000],[0.829433,0.106058,0.000000,0.012207,0.052301,0.000000],[0.829713,0.105897,0.000000,0.012187,0.052203,0.000000],[0.827997,0.108726,0.000000,0.012089,0.051188,0.000000],[0.832087,0.107251,0.000000,0.011883,0.048778,0.000000],[0.845941,0.095153,0.000000,0.011019,0.047887,0.000000],[0.859357,0.082268,0.000000,0.010380,0.047995,0.000000],[0.173725,0.080712,0.000000,0.011723,0.733840,0.000000],[0.159903,0.093756,0.000000,0.012452,0.733889,0.000000],[0.859835,0.081935,0.000000,0.010336,0.047895,0.000000],[0.160044,0.090146,0.000000,0.012354,0.737456,0.000000],[0.861586,0.079358,0.000000,0.010357,0.048699,0.000000],[0.846884,0.092929,0.000000,0.011194,0.048994,0.000000],[0.123822,0.130913,0.000000,0.014389,0.730876,0.000000],[0.815074,0.122438,0.000000,0.012520,0.049968,0.000000],[0.811118,0.126733,0.000000,0.012589,0.049560,0.000000],[0.124328,0.137681,0.000000,0.014778,0.723213,0.000000],[0.126806,0.128068,0.000000,0.014588,0.730538,0.000000],[0.828896,0.106586,0.000000,0.012294,0.052225,0.000000],[0.837013,0.100690,0.000000,0.011965,0.050332,0.000000],[0.850217,0.089349,0.000000,0.011076,0.049358,0.000000],[0.859638,0.082090,0.000000,0.010354,0.047918,0.000000],[0.142740,0.112885,0.000000,0.013326,0.731049,0.000000],[0.842875,0.098637,0.000000,0.011103,0.047385,0.000000],[0.844019,0.096369,0.000000,0.011228,0.048384,0.000000],[0.823323,0.116318,0.000000,0.012202,0.048158,0.000000],[0.125424,0.138870,0.000000,0.015164,0.720541,0.000000],[0.151527,0.164151,0.000000,0.017829,0.666493,0.000000],[0.385854,0.080415,0.340582,0.014097,0.179051,0.000000],[1.000000,0.000000,0.000000,0.000000,0.000000,0.000000],[0.811354,0.060103,0.082603,0.008425,0.037516,0.000000],[0.125148,0.127982,0.000000,0.014326,0.732544,0.000000],[0.845996,0.093469,0.000000,0.011315,0.049220,0.000000],[0.866147,0.075575,0.000000,0.010128,0.048150,0.000000],[0.878702,0.033046,0.046894,0.006355,0.035003,0.000000],[1.000000,0.000000,0.000000,0.000000,0.000000,0.000000]],
  [[1.000000,0.000000,0.000000,0.000000,0.000000,0.000000],[0.847335,0.045240,0.064358,0.007389,0.035678,0.000000],[0.832414,0.107027,0.000000,0.011856,0.048703,0.000000],[0.823649,0.109331,0.000000,0.012758,0.054262,0.000000],[0.812629,0.114940,0.000000,0.013326,0.059106,0.000000],[0.811711,0.115409,0.000000,0.013414,0.059466,0.000000],[0.150526,0.125913,0.000000,0.015322,0.708239,0.000000],[0.821132,0.112573,0.000000,0.012709,0.053586,0.000000],[0.128508,0.115258,0.000000,0.014114,0.742120,0.000000],[0.845048,0.091955,0.000000,0.011571,0.051426,0.000000],[0.856868,0.081663,0.000000,0.010809,0.050660,0.000000],[0.867602,0.072379,0.000000,0.010134,0.049885,0.000000],[0.855607,0.083872,0.000000,0.010730,0.049791,0.000000],[0.843717,0.094359,0.000000,0.011466,0.050458,0.000000],[0.845616,0.091612,0.000000,0.011513,0.051259,0.000000],[0.842945,0.094824,0.000000,0.011542,0.050689,0.000000],[0.143468,0.106626,0.000000,0.013257,0.736649,0.000000],[0.817467,0.119540,0.000000,0.012742,0.050251,0.000000],[0.125947,0.130609,0.000000,0.014740,0.728703,0.000000],[0.147682,0.137132,0.000000,0.015864,0.699323,0.000000],[0.799183,0.128882,0.000000,0.013811,0.058124,0.000000],[0.804567,0.123685,0.000000,0.013576,0.058172,0.000000],[0.820285,0.113113,0.000000,0.012818,0.053785,0.000000],[0.828785,0.107065,0.000000,0.012463,0.051687,0.000000],[0.845166,0.091867,0.000000,0.011558,0.051409,0.000000],[0.856777,0.081706,0.000000,0.010821,0.050697,0.000000],[0.843950,0.092664,0.000000,0.011699,0.051687,0.000000],[0.825510,0.110948,0.000000,0.012531,0.051011,0.000000],[0.128626,0.115702,0.000000,0.014235,0.741437,0.000000],[0.822399,0.112828,0.000000,0.012818,0.051956,0.000000],[0.811012,0.118853,0.000000,0.013769,0.056366,0.000000],[0.798252,0.127052,0.000000,0.014637,0.060058,0.000000],[0.788858,0.079768,0.074186,0.010263,0.046925,0.000000],[1.000000,0.000000,0.000000,0.000000,0.000000,0.000000],[0.093923,0.063105,0.089255,0.009713,0.744004,0.000000],[0.828465,0.111736,0.000000,0.012046,0.047752,0.000000],[0.837148,0.101977,0.000000,0.011737,0.049139,0.000000],[0.159755,0.097676,0.000000,0.012612,0.729957,0.000000],[0.858501,0.042402,0.057479,0.006906,0.034712,0.000000],[1.000000,0.000000,0.000000,0.000000,0.000000,0.000000]],
  [[1.000000,0.000000,0.000000,0.000000,0.000000,0.000000],[0.847280,0.045176,0.064408,0.007395,0.035740,0.000000],[0.834275,0.104104,0.000000,0.011951,0.049670,0.000000],[0.822637,0.109969,0.000000,0.012837,0.054557,0.000000],[0.811403,0.115577,0.000000,0.013425,0.059594,0.000000],[0.543845,0.179414,0.000000,0.020196,0.256545,0.000000],[0.809052,0.118799,0.000000,0.013369,0.058780,0.000000],[0.821089,0.112566,0.000000,0.012686,0.053659,0.000000],[0.829261,0.106774,0.000000,0.012396,0.051570,0.000000],[0.845397,0.091706,0.000000,0.011513,0.051383,0.000000],[0.858749,0.079069,0.000000,0.010796,0.051386,0.000000],[0.160053,0.085554,0.000000,0.012246,0.742146,0.000000],[0.861751,0.077399,0.000000,0.010478,0.050372,0.000000],[0.850945,0.086819,0.000000,0.011180,0.051055,0.000000],[0.835627,0.101119,0.000000,0.012052,0.051202,0.000000],[0.829521,0.108383,0.000000,0.012102,0.049994,0.000000],[0.823251,0.114111,0.000000,0.012435,0.050203,0.000000],[0.122445,0.132726,0.000000,0.014336,0.730493,0.000000],[0.810879,0.122621,0.000000,0.013126,0.053375,0.000000],[0.802346,0.125021,0.000000,0.013746,0.058887,0.000000],[0.542507,0.180480,0.000000,0.020463,0.256551,0.000000],[0.151586,0.127537,0.000000,0.015555,0.705322,0.000000],[0.822653,0.109847,0.000000,0.012838,0.054663,0.000000],[0.828664,0.107159,0.000000,0.012456,0.051721,0.000000],[0.144231,0.102711,0.000000,0.013115,0.739943,0.000000],[0.843463,0.094529,0.000000,0.011479,0.050529,0.000000],[0.845070,0.091939,0.000000,0.011556,0.051435,0.000000],[0.829611,0.106571,0.000000,0.012377,0.051441,0.000000],[0.824793,0.108648,0.000000,0.012645,0.053914,0.000000],[0.822631,0.109926,0.000000,0.012823,0.054619,0.000000],[0.814136,0.112230,0.000000,0.013734,0.059899,0.000000],[0.816889,0.111196,0.000000,0.013511,0.058405,0.000000],[0.802391,0.060295,0.084682,0.009359,0.043274,0.000000],[1.000000,0.000000,0.000000,0.000000,0.000000,0.000000],[0.819783,0.051579,0.080242,0.008714,0.039681,0.000000],[0.813671,0.064128,0.077333,0.008492,0.036376,0.000000],[0.118764,0.066831,0.078330,0.009638,0.726436,0.000000],[0.142766,0.119099,0.000000,0.013706,0.724429,0.000000],[0.113998,0.057835,0.079903,0.008820,0.739445,0.000000],[1.000000,0.000000,0.000000,0.000000,0.000000,0.000000]],
  [[1.000000,0.000000,0.000000,0.000000,0.000000,0.000000],[0.828917,0.052572,0.074829,0.007947,0.035735,0.000000],[0.126904,0.121271,0.000000,0.014152,0.737673,0.000000],[0.820139,0.113290,0.000000,0.012791,0.053781,0.000000],[0.808787,0.119031,0.000000,0.013385,0.058797,0.000000],[0.151896,0.127533,0.000000,0.015526,0.705045,0.000000],[0.811279,0.115626,0.000000,0.013438,0.059657,0.000000],[0.822836,0.109789,0.000000,0.012795,0.054580,0.000000],[0.828456,0.107292,0.000000,0.012480,0.051773,0.000000],[0.842650,0.094982,0.000000,0.011555,0.050812,0.000000],[0.840831,0.097711,0.000000,0.011494,0.049964,0.000000],[0.844015,0.095842,0.000000,0.011177,0.048967,0.000000],[0.850585,0.090038,0.000000,0.010730,0.048646,0.000000],[0.857170,0.082646,0.000000,0.010512,0.049672,0.000000],[0.841993,0.096634,0.000000,0.011385,0.049988,0.000000],[0.828539,0.107779,0.000000,0.011984,0.051698,0.000000],[0.127166,0.125677,0.000000,0.014455,0.732703,0.000000],[0.811596,0.122147,0.000000,0.013040,0.053217,0.000000],[0.130075,0.123162,0.000000,0.014746,0.732017,0.000000],[0.803711,0.119310,0.000000,0.013940,0.063038,0.000000],[0.809504,0.116708,0.000000,0.013602,0.060186,0.000000],[0.811723,0.115316,0.000000,0.013400,0.059561,0.000000],[0.822994,0.109561,0.000000,0.012793,0.054652,0.000000],[0.825295,0.110930,0.000000,0.012485,0.051290,0.000000],[0.823388,0.113964,0.000000,0.012411,0.050237,0.000000],[0.123441,0.127611,0.000000,0.014123,0.734825,0.000000],[0.825901,0.110659,0.000000,0.012459,0.050980,0.000000],[0.828585,0.107177,0.000000,0.012466,0.051772,0.000000],[0.826406,0.105856,0.000000,0.012753,0.054985,0.000000],[0.814857,0.111659,0.000000,0.013383,0.060101,0.000000],[0.806928,0.115357,0.000000,0.013919,0.063795,0.000000],[0.808485,0.115070,0.000000,0.013826,0.062619,0.000000],[0.798735,0.065312,0.083358,0.009423,0.043172,0.000000],[1.000000,0.000000,0.000000,0.000000,0.000000,0.000000],[1.000000,0.000000,0.000000,0.000000,0.000000,0.000000],[1.000000,0.000000,0.000000,0.000000,0.000000,0.000000],[0.807837,0.067185,0.078679,0.008886,0.037412,0.000000],[0.823378,0.118720,0.000000,0.011994,0.045908,0.000000],[0.090961,0.068433,0.092965,0.009463,0.738178,0.000000],[1.000000,0.000000,0.000000,0.000000,0.000000,0.000000]],
  [[1.000000,0.000000,0.000000,0.000000,0.000000,0.000000],[0.828164,0.052963,0.075045,0.007982,0.035847,0.000000],[0.826977,0.109533,0.000000,0.012190,0.051300,0.000000],[0.128664,0.120901,0.000000,0.014394,0.736040,0.000000],[0.814266,0.115825,0.000000,0.013120,0.056789,0.000000],[0.816600,0.112528,0.000000,0.013176,0.057696,0.000000],[0.817762,0.111811,0.000000,0.013083,0.057343,0.000000],[0.823064,0.109697,0.000000,0.012790,0.054450,0.000000],[0.127159,0.120167,0.000000,0.014231,0.738443,0.000000],[0.839702,0.098436,0.000000,0.011613,0.050249,0.000000],[0.142704,0.110764,0.000000,0.013277,0.733255,0.000000],[0.123329,0.128109,0.000000,0.014055,0.734507,0.000000],[0.834896,0.106299,0.000000,0.011254,0.047550,0.000000],[0.000000,0.000000,0.000000,0.000000,0.000000,1.000000],[0.000000,0.000000,0.000000,0.000000,0.000000,1.000000],[0.822332,0.115127,0.000000,0.011949,0.050592,0.000000],[0.147166,0.135883,0.000000,0.015494,0.701456,0.000000],[0.801708,0.125307,0.000000,0.013755,0.059230,0.000000],[0.802101,0.120214,0.000000,0.014067,0.063618,0.000000],[0.813939,0.114142,0.000000,0.013402,0.058518,0.000000],[0.822258,0.108232,0.000000,0.013094,0.056416,0.000000],[0.824234,0.107084,0.000000,0.012928,0.055753,0.000000],[0.820422,0.108486,0.000000,0.013117,0.057975,0.000000],[0.821666,0.110556,0.000000,0.012922,0.054856,0.000000],[0.127238,0.125521,0.000000,0.014457,0.732784,0.000000],[0.815121,0.120009,0.000000,0.012732,0.052138,0.000000],[0.126354,0.124504,0.000000,0.014333,0.734809,0.000000],[0.825045,0.111128,0.000000,0.012526,0.051302,0.000000],[0.822633,0.110000,0.000000,0.012837,0.054530,0.000000],[0.810771,0.116087,0.000000,0.013484,0.059659,0.000000],[0.548781,0.169990,0.000000,0.020015,0.261214,0.000000],[0.791628,0.125462,0.000000,0.014625,0.068285,0.000000],[0.782428,0.081323,0.075998,0.010457,0.049793,0.000000],[0.793956,0.072217,0.078051,0.009757,0.046019,0.000000],[0.804059,0.058567,0.084759,0.009327,0.043288,0.000000],[1.000000,0.000000,0.000000,0.000000,0.000000,0.000000],[0.809126,0.057727,0.082312,0.009253,0.041582,0.000000],[0.804643,0.066497,0.081319,0.008808,0.038733,0.000000],[0.093237,0.058987,0.088093,0.009402,0.750282,0.000000],[1.000000,0.000000,0.000000,0.000000,0.000000,0.000000]],
  [[1.000000,0.000000,0.000000,0.000000,0.000000,0.000000],[0.827133,0.053455,0.075354,0.008038,0.036020,0.000000],[0.825387,0.110511,0.000000,0.012342,0.051760,0.000000],[0.808361,0.119499,0.000000,0.013471,0.058669,0.000000],[0.810752,0.116099,0.000000,0.013483,0.059665,0.000000],[0.814045,0.112172,0.000000,0.013454,0.060329,0.000000],[0.822507,0.109977,0.000000,0.012817,0.054699,0.000000],[0.823338,0.113939,0.000000,0.012391,0.050332,0.000000],[0.821416,0.116980,0.000000,0.012323,0.049282,0.000000],[0.141100,0.113728,0.000000,0.013132,0.732040,0.000000],[0.838824,0.102240,0.000000,0.011207,0.047729,0.000000],[0.121373,0.131941,0.000000,0.013887,0.732799,0.000000],[0.120973,0.115829,0.000000,0.012881,0.750317,0.000000],[0.000000,0.000000,0.000000,0.000000,0.000000,1.000000],[0.121666,0.109036,0.000000,0.012568,0.756730,0.000000],[0.126360,0.122353,0.000000,0.013891,0.737396,0.000000],[0.794570,0.125605,0.000000,0.014226,0.065599,0.000000],[0.540642,0.180496,0.000000,0.020640,0.258222,0.000000],[0.799111,0.121736,0.000000,0.014331,0.064822,0.000000],[0.812044,0.115075,0.000000,0.013593,0.059289,0.000000],[0.819254,0.111885,0.000000,0.013108,0.055753,0.000000],[0.823046,0.112234,0.000000,0.012674,0.052046,0.000000],[0.819427,0.113717,0.000000,0.012854,0.054003,0.000000],[0.808660,0.119309,0.000000,0.013427,0.058604,0.000000],[0.807747,0.119860,0.000000,0.013527,0.058866,0.000000],[0.146366,0.134928,0.000000,0.015403,0.703303,0.000000],[0.818372,0.114396,0.000000,0.012982,0.054250,0.000000],[0.820995,0.115393,0.000000,0.012622,0.050991,0.000000],[0.126481,0.124883,0.000000,0.014378,0.734257,0.000000],[0.804749,0.123576,0.000000,0.013494,0.058181,0.000000],[0.798349,0.124350,0.000000,0.014178,0.063124,0.000000],[0.177824,0.140975,0.000000,0.017192,0.664009,0.000000],[0.540780,0.181552,0.000000,0.020784,0.256884,0.000000],[0.806352,0.119565,0.000000,0.014051,0.060032,0.000000],[0.785024,0.079408,0.082445,0.010091,0.043031,0.000000],[0.761225,0.095774,0.079436,0.012063,0.051500,0.000000],[1.000000,0.000000,0.000000,0.000000,0.000000,0.000000],[1.000000,0.000000,0.000000,0.000000,0.000000,0.000000],[0.824785,0.052884,0.078022,0.007870,0.036439,0.000000],[1.000000,0.000000,0.000000,0.000000,0.000000,0.000000]],
  [[1.000000,0.000000,0.000000,0.000000,0.000000,0.000000],[0.823708,0.055958,0.076800,0.008019,0.035515,0.000000],[0.128876,0.124350,0.000000,0.014645,0.732130,0.000000],[0.806645,0.120582,0.000000,0.013668,0.059106,0.000000],[0.550186,0.170308,0.000000,0.019891,0.259615,0.000000],[0.811798,0.115367,0.000000,0.013409,0.059425,0.000000],[0.823225,0.109590,0.000000,0.012762,0.054423,0.000000],[0.127033,0.119741,0.000000,0.014136,0.739090,0.000000],[0.143293,0.106470,0.000000,0.013137,0.737100,0.000000],[0.842280,0.096888,0.000000,0.011338,0.049494,0.000000],[0.140488,0.103124,0.000000,0.012575,0.743813,0.000000],[0.835448,0.105972,0.000000,0.011188,0.047392,0.000000],[0.836096,0.102676,0.000000,0.011170,0.050058,0.000000],[0.821615,0.110742,0.000000,0.012051,0.055591,0.000000],[0.814183,0.115534,0.000000,0.012748,0.057535,0.000000],[0.801716,0.122398,0.000000,0.013705,0.062181,0.000000],[0.793998,0.123856,0.000000,0.014502,0.067644,0.000000],[0.785053,0.128747,0.000000,0.015106,0.071094,0.000000],[0.177207,0.144648,0.000000,0.017192,0.660952,0.000000],[0.791837,0.126723,0.000000,0.014531,0.066909,0.000000],[0.809292,0.118698,0.000000,0.013588,0.058423,0.000000],[0.127204,0.125791,0.000000,0.014518,0.732487,0.000000],[0.127481,0.126000,0.000000,0.014546,0.731972,0.000000],[0.807558,0.120019,0.000000,0.013526,0.058897,0.000000],[0.549911,0.170539,0.000000,0.019931,0.259619,0.000000],[0.808099,0.119548,0.000000,0.013474,0.058878,0.000000],[0.813252,0.116533,0.000000,0.013247,0.056968,0.000000],[0.815218,0.118120,0.000000,0.012964,0.053698,0.000000],[0.127589,0.126198,0.000000,0.014595,0.731618,0.000000],[0.128451,0.127209,0.000000,0.014743,0.729597,0.000000],[0.801282,0.124647,0.000000,0.013881,0.060190,0.000000],[0.794603,0.128655,0.000000,0.014273,0.062469,0.000000],[0.791997,0.132111,0.000000,0.014285,0.061608,0.000000],[0.150253,0.135325,0.000000,0.016219,0.698202,0.000000],[0.803210,0.123674,0.000000,0.014417,0.058699,0.000000],[0.135029,0.118813,0.053084,0.015331,0.677743,0.000000],[0.372339,0.077804,0.358117,0.016655,0.175085,0.000000],[0.803945,0.062890,0.080714,0.008947,0.043504,0.000000],[0.093783,0.048082,0.081612,0.009004,0.767519,0.000000],[1.000000,0.000000,0.000000,0.000000,0.000000,0.000000]],
  [[1.000000,0.000000,0.000000,0.000000,0.000000,0.000000],[0.091132,0.066775,0.092863,0.009457,0.739773,0.000000],[0.815607,0.122181,0.000000,0.012448,0.049763,0.000000],[0.801190,0.127785,0.000000,0.013636,0.057389,0.000000],[0.149153,0.131913,0.000000,0.015608,0.703326,0.000000],[0.811292,0.115756,0.000000,0.013481,0.059472,0.000000],[0.824713,0.108708,0.000000,0.012626,0.053953,0.000000],[0.830000,0.108066,0.000000,0.012036,0.049898,0.000000],[0.848228,0.091657,0.000000,0.010975,0.049140,0.000000],[0.849461,0.090926,0.000000,0.010844,0.048770,0.000000],[0.854806,0.085938,0.000000,0.010525,0.048731,0.000000],[0.000000,0.000000,0.000000,0.000000,0.000000,1.000000],[0.000000,0.000000,0.000000,0.000000,0.000000,1.000000],[0.813189,0.115851,0.000000,0.012901,0.058059,0.000000],[0.535885,0.189963,0.000000,0.020750,0.253401,0.000000],[0.791555,0.127114,0.000000,0.014481,0.066850,0.000000],[0.796968,0.122043,0.000000,0.014488,0.066502,0.000000],[0.789738,0.126101,0.000000,0.014906,0.069254,0.000000],[0.538279,0.180316,0.000000,0.020804,0.260601,0.000000],[0.178019,0.145617,0.000000,0.017347,0.659017,0.000000],[0.795637,0.125894,0.000000,0.014381,0.064088,0.000000],[0.799874,0.128396,0.000000,0.013638,0.058091,0.000000],[0.126062,0.130091,0.000000,0.014556,0.729290,0.000000],[0.805425,0.123105,0.000000,0.013427,0.058043,0.000000],[0.812371,0.113257,0.000000,0.013616,0.060756,0.000000],[0.810905,0.115952,0.000000,0.013466,0.059677,0.000000],[0.131399,0.118377,0.000000,0.014592,0.735631,0.000000],[0.806320,0.120700,0.000000,0.013624,0.059355,0.000000],[0.803259,0.124416,0.000000,0.013647,0.058678,0.000000],[0.801957,0.125189,0.000000,0.013763,0.059091,0.000000],[0.805473,0.125016,0.000000,0.013405,0.056106,0.000000],[0.128009,0.127147,0.000000,0.014770,0.730074,0.000000],[0.126298,0.131408,0.000000,0.014823,0.727471,0.000000],[0.810630,0.121619,0.000000,0.013568,0.054182,0.000000],[0.777311,0.083924,0.085465,0.010405,0.042895,0.000000],[0.752447,0.106895,0.076447,0.012650,0.051561,0.000000],[1.000000,0.000000,0.000000,0.000000,0.000000,0.000000],[1.000000,0.000000,0.000000,0.000000,0.000000,0.000000],[1.000000,0.000000,0.000000,0.000000,0.000000,0.000000],[1.000000,0.000000,0.000000,0.000000,0.000000,0.000000]],
  [[1.000000,0.000000,0.000000,0.000000,0.000000,0.000000],[0.092576,0.065580,0.091380,0.009551,0.740914,0.000000],[0.123102,0.136699,0.000000,0.014627,0.725571,0.000000],[0.123959,0.134182,0.000000,0.014644,0.727215,0.000000],[0.810421,0.124766,0.000000,0.012899,0.051914,0.000000],[0.816574,0.117288,0.000000,0.012875,0.053263,0.000000],[0.824135,0.110914,0.000000,0.012406,0.052545,0.000000],[0.838008,0.101193,0.000000,0.011518,0.049281,0.000000],[0.857824,0.083945,0.000000,0.010212,0.048019,0.000000],[0.863260,0.078926,0.000000,0.009892,0.047922,0.000000],[0.848048,0.094436,0.000000,0.010525,0.046991,0.000000],[0.843387,0.097247,0.000000,0.010945,0.048422,0.000000],[0.827902,0.107767,0.000000,0.011944,0.052387,0.000000],[0.149387,0.129248,0.000000,0.015209,0.706156,0.000000],[0.152168,0.139740,0.000000,0.016115,0.691978,0.000000],[0.155429,0.136832,0.000000,0.016351,0.691388,0.000000],[0.787109,0.126606,0.000000,0.014912,0.071373,0.000000],[0.783134,0.126811,0.000000,0.015285,0.074770,0.000000],[0.777800,0.133890,0.000000,0.015247,0.073064,0.000000],[0.777635,0.134094,0.000000,0.015297,0.072974,0.000000],[0.540219,0.180805,0.000000,0.020735,0.258241,0.000000],[0.798173,0.124637,0.000000,0.014151,0.063039,0.000000],[0.130737,0.123499,0.000000,0.014790,0.730973,0.000000],[0.812841,0.116795,0.000000,0.013252,0.057112,0.000000],[0.818267,0.109784,0.000000,0.013295,0.058655,0.000000],[0.817005,0.112329,0.000000,0.013135,0.057532,0.000000],[0.813648,0.116164,0.000000,0.013182,0.057007,0.000000],[0.806422,0.120535,0.000000,0.013618,0.059424,0.000000],[0.542500,0.180351,0.000000,0.020456,0.256693,0.000000],[0.152237,0.128833,0.000000,0.015795,0.703135,0.000000],[0.813841,0.118970,0.000000,0.013130,0.054058,0.000000],[0.126263,0.125315,0.000000,0.014530,0.733892,0.000000],[0.818190,0.117640,0.000000,0.013023,0.051146,0.000000],[0.797917,0.075073,0.078420,0.009559,0.039032,0.000000],[0.097165,0.075046,0.087498,0.010648,0.729642,0.000000],[1.000000,0.000000,0.000000,0.000000,0.000000,0.000000],[0.092839,0.070704,0.090890,0.009988,0.735580,0.000000],[0.089586,0.072173,0.093782,0.009586,0.734873,0.000000],[0.089949,0.057706,0.089529,0.009086,0.753731,0.000000],[1.000000,0.000000,0.000000,0.000000,0.000000,0.000000]],
  [[1.000000,0.000000,0.000000,0.000000,0.000000,0.000000],[0.821434,0.057918,0.077856,0.007953,0.034839,0.000000],[0.821099,0.119451,0.000000,0.012135,0.047314,0.000000],[0.124279,0.129333,0.000000,0.014509,0.731879,0.000000],[0.124315,0.129322,0.000000,0.014436,0.731926,0.000000],[0.126050,0.125314,0.000000,0.014416,0.734220,0.000000],[0.826178,0.112303,0.000000,0.012131,0.049388,0.000000],[0.122125,0.111484,0.000000,0.012843,0.753548,0.000000],[0.000000,0.000000,0.000000,0.000000,0.000000,1.000000],[0.000000,0.000000,0.000000,0.000000,0.000000,1.000000],[0.000000,0.000000,0.000000,0.000000,0.000000,1.000000],[0.124089,0.120419,0.000000,0.013546,0.741946,0.000000],[0.807787,0.125180,0.000000,0.012865,0.054168,0.000000],[0.801413,0.126271,0.000000,0.013545,0.058771,0.000000],[0.788870,0.132624,0.000000,0.014182,0.064324,0.000000],[0.787192,0.128595,0.000000,0.014626,0.069587,0.000000],[0.780500,0.129089,0.000000,0.014994,0.075417,0.000000],[0.553510,0.162242,0.000000,0.019627,0.264622,0.000000],[0.795345,0.122998,0.000000,0.014417,0.067240,0.000000],[0.152331,0.134237,0.000000,0.015960,0.697472,0.000000],[0.797948,0.124622,0.000000,0.014167,0.063263,0.000000],[0.799354,0.123864,0.000000,0.014036,0.062747,0.000000],[0.802985,0.119729,0.000000,0.013991,0.063295,0.000000],[0.808456,0.117403,0.000000,0.013680,0.060462,0.000000],[0.811738,0.113528,0.000000,0.013662,0.061072,0.000000],[0.821178,0.108915,0.000000,0.013196,0.056711,0.000000],[0.818629,0.112195,0.000000,0.013176,0.056000,0.000000],[0.151616,0.127737,0.000000,0.015626,0.705021,0.000000],[0.805946,0.120763,0.000000,0.013690,0.059602,0.000000],[0.806507,0.120567,0.000000,0.013648,0.059278,0.000000],[0.815590,0.117890,0.000000,0.012978,0.053542,0.000000],[0.819850,0.116280,0.000000,0.012802,0.051068,0.000000],[0.835944,0.101208,0.000000,0.012097,0.050750,0.000000],[0.797508,0.076904,0.078232,0.009450,0.037906,0.000000],[1.000000,0.000000,0.000000,0.000000,0.000000,0.000000],[0.804297,0.069972,0.078834,0.009088,0.037808,0.000000],[0.796758,0.078728,0.078541,0.009316,0.036657,0.000000],[0.120891,0.144173,0.000000,0.014842,0.720094,0.000000],[0.089534,0.070995,0.094491,0.009398,0.735582,0.000000],[1.000000,0.000000,0.000000,0.000000,0.000000,0.000000]],
  [[1.000000,0.000000,0.000000,0.000000,0.000000,0.000000],[0.116653,0.052153,0.075600,0.008948,0.746646,0.000000],[0.843242,0.096797,0.000000,0.011319,0.048642,0.000000],[0.837656,0.099714,0.000000,0.011858,0.050772,0.000000],[0.836961,0.101681,0.000000,0.011653,0.049704,0.000000],[0.837262,0.101506,0.000000,0.011611,0.049621,0.000000],[0.140611,0.113238,0.000000,0.012980,0.733171,0.000000],[0.850337,0.093250,0.000000,0.010256,0.046158,0.000000],[0.000000,0.000000,0.000000,0.000000,0.000000,1.000000],[0.000000,0.000000,0.000000,0.000000,0.000000,1.000000],[0.839637,0.103071,0.000000,0.010791,0.046501,0.000000],[0.121872,0.129682,0.000000,0.013809,0.734637,0.000000],[0.143590,0.150949,0.000000,0.015778,0.689684,0.000000],[0.152396,0.140825,0.000000,0.016215,0.690564,0.000000],[0.794523,0.122957,0.000000,0.014173,0.068346,0.000000],[0.557115,0.158306,0.000000,0.018952,0.265627,0.000000],[0.802966,0.115944,0.000000,0.013662,0.067429,0.000000],[0.810203,0.113367,0.000000,0.013518,0.062911,0.000000],[0.805995,0.117670,0.000000,0.013695,0.062641,0.000000],[0.812890,0.116634,0.000000,0.013247,0.057229,0.000000],[0.127952,0.125842,0.000000,0.014530,0.731675,0.000000],[0.811757,0.117522,0.000000,0.013354,0.057367,0.000000],[0.803124,0.119701,0.000000,0.013984,0.063191,0.000000],[0.548493,0.170307,0.000000,0.020060,0.261140,0.000000],[0.799614,0.123356,0.000000,0.014056,0.062975,0.000000],[0.809552,0.118437,0.000000,0.013584,0.058428,0.000000],[0.808586,0.120979,0.000000,0.013383,0.057053,0.000000],[0.811665,0.117476,0.000000,0.013393,0.057466,0.000000],[0.814815,0.118327,0.000000,0.013022,0.053836,0.000000],[0.817794,0.114850,0.000000,0.013033,0.054323,0.000000],[0.126064,0.124641,0.000000,0.014354,0.734941,0.000000],[0.821270,0.115417,0.000000,0.012670,0.050644,0.000000],[0.144492,0.109124,0.000000,0.013629,0.732754,0.000000],[0.118870,0.067332,0.078184,0.009665,0.725949,0.000000],[0.821083,0.065724,0.066874,0.008716,0.037604,0.000000],[0.822173,0.063211,0.067370,0.008726,0.038520,0.000000],[0.833891,0.104125,0.000000,0.012109,0.049875,0.000000],[0.142846,0.118549,0.000000,0.013741,0.724864,0.000000],[0.836466,0.053607,0.068866,0.007334,0.033727,0.000000],[1.000000,0.000000,0.000000,0.000000,0.000000,0.000000]],
  [[1.000000,0.000000,0.000000,0.000000,0.000000,0.000000],[0.859028,0.041711,0.056839,0.006985,0.035438,0.000000],[0.855923,0.085725,0.000000,0.010535,0.047817,0.000000],[0.160293,0.089321,0.000000,0.012534,0.737852,0.000000],[0.855177,0.082650,0.000000,0.010982,0.051191,0.000000],[0.855485,0.082470,0.000000,0.010939,0.051106,0.000000],[0.143267,0.106682,0.000000,0.013096,0.736955,0.000000],[0.140118,0.102852,0.000000,0.012444,0.744585,0.000000],[0.857194,0.084365,0.000000,0.010289,0.048152,0.000000],[0.858622,0.081881,0.000000,0.010370,0.049127,0.000000],[0.834952,0.104782,0.000000,0.011543,0.048722,0.000000],[0.126205,0.130586,0.000000,0.014448,0.728762,0.000000],[0.145888,0.147047,0.000000,0.015800,0.691265,0.000000],[0.536397,0.189644,0.000000,0.020630,0.253329,0.000000],[0.804891,0.116358,0.000000,0.013177,0.065574,0.000000],[0.000000,0.000000,0.000000,0.000000,0.000000,1.000000],[0.822443,0.105306,0.000000,0.012339,0.059912,0.000000],[0.825427,0.105419,0.000000,0.012569,0.056585,0.000000],[0.825429,0.106333,0.000000,0.012797,0.055440,0.000000],[0.823312,0.109529,0.000000,0.012770,0.054390,0.000000],[0.823780,0.111852,0.000000,0.012626,0.051743,0.000000],[0.128599,0.121368,0.000000,0.014459,0.735574,0.000000],[0.805783,0.121080,0.000000,0.013699,0.059438,0.000000],[0.797642,0.124820,0.000000,0.014253,0.063285,0.000000],[0.173313,0.148653,0.000000,0.017069,0.660965,0.000000],[0.153388,0.135250,0.000000,0.016197,0.695165,0.000000],[0.801408,0.125484,0.000000,0.013807,0.059302,0.000000],[0.127337,0.126306,0.000000,0.014589,0.731768,0.000000],[0.818276,0.118905,0.000000,0.012616,0.050203,0.000000],[0.125754,0.124752,0.000000,0.014352,0.735142,0.000000],[0.823780,0.113823,0.000000,0.012400,0.049998,0.000000],[0.125162,0.123938,0.000000,0.014203,0.736696,0.000000],[0.840980,0.097888,0.000000,0.011530,0.049602,0.000000],[0.852857,0.087326,0.000000,0.010871,0.048947,0.000000],[0.160226,0.097619,0.000000,0.012792,0.729363,0.000000],[0.160673,0.093988,0.000000,0.012779,0.732560,0.000000],[0.852459,0.085947,0.000000,0.011138,0.050456,0.000000],[0.160441,0.094247,0.000000,0.012629,0.732683,0.000000],[0.133970,0.047596,0.067525,0.008267,0.742641,0.000000],[1.000000,0.000000,0.000000,0.000000,0.000000,0.000000]],
  [[1.000000,0.000000,0.000000,0.000000,0.000000,0.000000],[0.134299,0.048360,0.067629,0.008298,0.741414,0.000000],[0.852595,0.090593,0.000000,0.010469,0.046342,0.000000],[0.159157,0.095428,0.000000,0.012539,0.732877,0.000000],[0.854195,0.084689,0.000000,0.010874,0.050243,0.000000],[0.857880,0.079563,0.000000,0.010892,0.051665,0.000000],[0.844799,0.093744,0.000000,0.011335,0.050122,0.000000],[0.828529,0.110765,0.000000,0.011912,0.048794,0.000000],[0.830716,0.107643,0.000000,0.011968,0.049673,0.000000],[0.831920,0.105109,0.000000,0.012120,0.050850,0.000000],[0.828719,0.108846,0.000000,0.012143,0.050292,0.000000],[0.818886,0.117623,0.000000,0.012316,0.051174,0.000000],[0.808690,0.122650,0.000000,0.012750,0.055909,0.000000],[0.813238,0.115108,0.000000,0.012653,0.059000,0.000000],[0.829484,0.100458,0.000000,0.011611,0.058447,0.000000],[0.000000,0.000000,0.000000,0.000000,0.000000,1.000000],[0.840699,0.096134,0.000000,0.011269,0.051898,0.000000],[0.829954,0.105436,0.000000,0.012102,0.052508,0.000000],[0.829044,0.106850,0.000000,0.012394,0.051712,0.000000],[0.828377,0.107333,0.000000,0.012487,0.051803,0.000000],[0.827251,0.108042,0.000000,0.012605,0.052101,0.000000],[0.819171,0.114012,0.000000,0.012926,0.053890,0.000000],[0.811414,0.122361,0.000000,0.013074,0.053152,0.000000],[0.127200,0.136623,0.000000,0.015023,0.721154,0.000000],[0.788534,0.136024,0.000000,0.014258,0.061183,0.000000],[0.533920,0.190135,0.000000,0.021141,0.254805,0.000000],[0.801727,0.125347,0.000000,0.013791,0.059135,0.000000],[0.127104,0.126001,0.000000,0.014541,0.732355,0.000000],[0.123805,0.128256,0.000000,0.014278,0.733661,0.000000],[0.838871,0.098936,0.000000,0.011701,0.050492,0.000000],[0.839187,0.100371,0.000000,0.011418,0.049024,0.000000],[0.845048,0.095031,0.000000,0.011062,0.048859,0.000000],[0.846992,0.092230,0.000000,0.011107,0.049670,0.000000],[0.860541,0.079410,0.000000,0.010411,0.049638,0.000000],[0.171862,0.081273,0.000000,0.011507,0.735359,0.000000],[0.866667,0.074323,0.000000,0.010069,0.048942,0.000000],[0.866344,0.073070,0.000000,0.010285,0.050301,0.000000],[0.872245,0.068937,0.000000,0.009865,0.048953,0.000000],[0.874808,0.034928,0.048589,0.006491,0.035184,0.000000],[1.000000,0.000000,0.000000,0.000000,0.000000,0.000000]],
  [[1.000000,0.000000,0.000000,0.000000,0.000000,0.000000],[0.115034,0.056461,0.078611,0.008882,0.741012,0.000000],[0.141179,0.120798,0.000000,0.013483,0.724540,0.000000],[0.141954,0.114689,0.000000,0.013430,0.729927,0.000000],[0.837934,0.101085,0.000000,0.011554,0.049427,0.000000],[0.844952,0.091985,0.000000,0.011564,0.051499,0.000000],[0.847949,0.088591,0.000000,0.011493,0.051967,0.000000],[0.828583,0.108942,0.000000,0.012188,0.050287,0.000000],[0.127121,0.119454,0.000000,0.014099,0.739326,0.000000],[0.821086,0.112681,0.000000,0.012677,0.053557,0.000000],[0.821914,0.112168,0.000000,0.012586,0.053332,0.000000],[0.124748,0.121170,0.000000,0.013633,0.740449,0.000000],[0.120358,0.112969,0.000000,0.012575,0.754098,0.000000],[0.000000,0.000000,0.000000,0.000000,0.000000,1.000000],[0.845556,0.094848,0.000000,0.010507,0.049089,0.000000],[0.000000,0.000000,0.000000,0.000000,0.000000,1.000000],[0.841761,0.096762,0.000000,0.011396,0.050081,0.000000],[0.831665,0.107054,0.000000,0.011880,0.049400,0.000000],[0.124992,0.123302,0.000000,0.014071,0.737635,0.000000],[0.840796,0.097728,0.000000,0.011498,0.049978,0.000000],[0.825189,0.111160,0.000000,0.012547,0.051105,0.000000],[0.823240,0.112422,0.000000,0.012742,0.051596,0.000000],[0.122778,0.133316,0.000000,0.014468,0.729438,0.000000],[0.124737,0.135363,0.000000,0.014804,0.725095,0.000000],[0.146351,0.141914,0.000000,0.015880,0.695855,0.000000],[0.802976,0.122767,0.000000,0.013972,0.060285,0.000000],[0.806128,0.120858,0.000000,0.013661,0.059353,0.000000],[0.816769,0.117223,0.000000,0.012843,0.053165,0.000000],[0.824121,0.111818,0.000000,0.012644,0.051416,0.000000],[0.839024,0.098850,0.000000,0.011687,0.050438,0.000000],[0.159552,0.092332,0.000000,0.012403,0.735712,0.000000],[0.155648,0.088727,0.000000,0.011787,0.743838,0.000000],[0.000000,0.000000,0.000000,0.000000,0.000000,1.000000],[0.867212,0.073872,0.000000,0.009870,0.049046,0.000000],[0.863821,0.077525,0.000000,0.010044,0.048610,0.000000],[0.159072,0.088224,0.000000,0.012151,0.740554,0.000000],[0.859187,0.078853,0.000000,0.010768,0.051192,0.000000],[0.862786,0.077265,0.000000,0.010428,0.049522,0.000000],[0.862486,0.039302,0.055512,0.006944,0.035756,0.000000],[1.000000,0.000000,0.000000,0.000000,0.000000,0.000000]],
  [[1.000000,0.000000,0.000000,0.000000,0.000000,0.000000],[0.820806,0.058119,0.078089,0.007987,0.034999,0.000000],[0.820813,0.119580,0.000000,0.012163,0.047444,0.000000],[0.122525,0.133091,0.000000,0.014417,0.729967,0.000000],[0.125625,0.124484,0.000000,0.014280,0.735611,0.000000],[0.829624,0.106582,0.000000,0.012374,0.051421,0.000000],[0.848601,0.088163,0.000000,0.011415,0.051822,0.000000],[0.829232,0.108470,0.000000,0.012108,0.050191,0.000000],[0.127482,0.119600,0.000000,0.014090,0.738828,0.000000],[0.812082,0.117198,0.000000,0.013056,0.057665,0.000000],[0.810768,0.119812,0.000000,0.012873,0.056547,0.000000],[0.139798,0.130603,0.000000,0.013858,0.715741,0.000000],[0.000000,0.000000,0.000000,0.000000,0.000000,1.000000],[0.000000,0.000000,0.000000,0.000000,0.000000,1.000000],[0.116010,0.108051,0.000000,0.011757,0.764182,0.000000],[0.832484,0.109796,0.000000,0.011195,0.046526,0.000000],[0.832276,0.106452,0.000000,0.011814,0.049458,0.000000],[0.843565,0.096107,0.000000,0.011222,0.049106,0.000000],[0.143504,0.106790,0.000000,0.013215,0.736491,0.000000],[0.142383,0.110274,0.000000,0.013222,0.734121,0.000000],[0.839318,0.098698,0.000000,0.011669,0.050315,0.000000],[0.144003,0.107412,0.000000,0.013388,0.735197,0.000000],[0.814966,0.122812,0.000000,0.012690,0.049532,0.000000],[0.123682,0.134052,0.000000,0.014614,0.727652,0.000000],[0.811160,0.122515,0.000000,0.013135,0.053190,0.000000],[0.816594,0.115486,0.000000,0.013165,0.054756,0.000000],[0.129945,0.117147,0.000000,0.014424,0.738484,0.000000],[0.823406,0.109539,0.000000,0.012787,0.054268,0.000000],[0.827465,0.107995,0.000000,0.012598,0.051942,0.000000],[0.838381,0.100818,0.000000,0.011501,0.049301,0.000000],[0.157787,0.097900,0.000000,0.012285,0.732028,0.000000],[0.869711,0.073861,0.000000,0.009504,0.046925,0.000000],[0.866621,0.075766,0.000000,0.009727,0.047886,0.000000],[0.000000,0.000000,0.000000,0.000000,0.000000,1.000000],[0.857135,0.084300,0.000000,0.010286,0.048279,0.000000],[0.853057,0.086962,0.000000,0.010717,0.049264,0.000000],[0.846036,0.092987,0.000000,0.011227,0.049750,0.000000],[0.847980,0.092299,0.000000,0.011068,0.048654,0.000000],[0.115459,0.052692,0.076881,0.008827,0.746140,0.000000],[1.000000,0.000000,0.000000,0.000000,0.000000,0.000000]],
