[
  [[1.000000,0.000000,0.000000,0.000000,0.000000,0.000000],[1.000000,0.000000,0.000000,0.000000,0.000000,0.000000],[1.000000,0.000000,0.000000,0.000000,0.000000,0.000000],[1.000000,0.000000,0.000000,0.000000,0.000000,0.000000],[1.000000,0.000000,0.000000,0.000000,0.000000,0.000000],[1.000000,0.000000,0.000000,0.000000,0.000000,0.000000],[1.000000,0.000000,0.000000,0.000000,0.000000,0.000000],[1.000000,0.000000,0.000000,0.000000,0.000000,0.000000],[1.000000,0.000000,0.000000,0.000000,0.000000,0.000000],[1.000000,0.000000,0.000000,0.000000,0.000000,0.000000],[1.000000,0.000000,0.000000,0.000000,0.000000,0.000000],[1.000000,0.000000,0.000000,0.000000,0.000000,0.000000],[1.000000,0.000000,0.000000,0.000000,0.000000,0.000000],[1.000000,0.000000,0.000000,0.000000,0.000000,0.000000],[1.000000,0.000000,0.000000,0.000000,0.000000,0.000000],[1.000000,0.000000,0.000000,0.000000,0.000000,0.000000],[1.000000,0.000000,0.000000,0.000000,0.000000,0.000000],[1.000000,0.000000,0.000000,0.000000,0.000000,0.000000],[1.000000,0.000000,0.000000,0.000000,0.000000,0.000000],[1.000000,0.000000,0.000000,0.000000,0.000000,0.000000],[1.000000,0.000000,0.000000,0.000000,0.000000,0.000000],[1.000000,0.000000,0.000000,0.000000,0.000000,0.000000],[1.000000,0.000000,0.000000,0.000000,0.000000,0.000000],[1.000000,0.000000,0.000000,0.000000,0.000000,0.000000],[1.000000,0.000000,0.000000,0.000000,0.000000,0.000000],[1.000000,0.000000,0.000000,0.000000,0.000000,0.000000],[1.000000,0.000000,0.000000,0.000000,0.000000,0.000000],[1.000000,0.000000,0.000000,0.000000,0.000000,0.000000],[1.000000,0.000000,0.000000,0.000000,0.000000,0.000000],[1.000000,0.000000,0.000000,0.000000,0.000000,0.000000],[1.000000,0.000000,0.000000,0.000000,0.000000,0.000000],[1.000000,0.000000,0.000000,0.000000,0.000000,0.000000],[1.000000,0.000000,0.000000,0.000000,0.000000,0.000000],[1.000000,0.000000,0.000000,0.000000,0.000000,0.000000],[1.000000,0.000000,0.000000,0.000000,0.000000,0.000000],[1.000000,0.000000,0.000000,0.000000,0.000000,0.000000],[1.000000,0.000000,0.000000,0.000000,0.000000,0.000000],[1.000000,0.000000,0.000000,0.000000,0.000000,0.000000],[1.000000,0.000000,0.000000,0.000000,0.000000,0.000000],[1.000000,0.000000,0.000000,0.000000,0.000000,0.000000]],
  [[1.000000,0.000000,0.000000,0.000000,0.000000,0.000000],[0.875633,0.031895,0.051222,0.006474,0.034776,0.000000],[0.865880,0.038196,0.054345,0.006705,0.034873,0.000000],[0.134616,0.043999,0.064929,0.008309,0.748148,0.000000],[0.861515,0.040349,0.056274,0.006842,0.035020,0.000000],[0.116373,0.050938,0.075397,0.008864,0.748428,0.000000],[0.829056,0.052432,0.074850,0.007930,0.035731,0.000000],[0.825747,0.051880,0.076140,0.008165,0.038067,0.000000],[0.814895,0.055982,0.078797,0.008460,0.041865,0.000000],[0.813706,0.056808,0.078824,0.008512,0.042150,0.000000],[0.813692,0.056625,0.079026,0.008520,0.042137,0.000000],[0.823350,0.052982,0.076909,0.008273,0.038487,0.000000],[0.826618,0.053545,0.075612,0.008052,0.036172,0.000000],[0.826756,0.053762,0.075402,0.008041,0.036039,0.000000],[0.825419,0.054974,0.076390,0.007933,0.035285,0.000000],[0.095348,0.059493,0.087714,0.009550,0.747895,0.000000],[0.847744,0.044966,0.064282,0.007364,0.035644,0.000000],[0.831676,0.050597,0.073441,0.007986,0.036300,0.000000],[0.830674,0.051107,0.073738,0.008030,0.036450,0.000000],[0.825494,0.054733,0.076487,0.007933,0.035353,0.000000],[0.094064,0.062280,0.089640,0.009552,0.744464,0.000000],[0.821538,0.057608,0.077976,0.007948,0.034930,0.000000],[0.821775,0.057591,0.077845,0.007936,0.034853,0.000000],[0.092473,0.063876,0.091120,0.009471,0.743059,0.000000],[0.844165,0.047462,0.065720,0.007393,0.035261,0.000000],[0.846141,0.045985,0.064614,0.007439,0.035821,0.000000],[0.095424,0.059810,0.087833,0.009569,0.747364,0.000000],[0.820952,0.054862,0.078190,0.008206,0.037790,0.000000],[0.808314,0.060872,0.080030,0.008624,0.042159,0.000000],[0.112593,0.072169,0.097390,0.010375,0.707473,0.000000],[0.110343,0.074226,0.098893,0.010300,0.706238,0.000000],[0.814390,0.059873,0.080854,0.008161,0.036722,0.000000],[0.092549,0.064177,0.091206,0.009492,0.742575,0.000000],[0.844172,0.047467,0.065713,0.007392,0.035256,0.000000],[0.825363,0.054785,0.076512,0.007958,0.035383,0.000000],[0.821462,0.054628,0.078003,0.008196,0.037712,0.000000],[0.810140,0.059389,0.080251,0.008540,0.041680,0.000000],[0.815610,0.057115,0.077350,0.008360,0.041566,0.000000],[0.827527,0.047863,0.076519,0.007940,0.040152,0.000000],[1.000000,0.000000,0.000000,0.000000,0.000000,0.000000]],
  [[1.000000,0.000000,0.000000,0.000000,0.000000,0.000000],[0.850186,0.044514,0.063207,0.007180,0.034913,0.000000],[0.851468,0.092059,0.000000,0.010484,0.045988,0.000000],[0.847068,0.094450,0.000000,0.010905,0.047577,0.000000],[0.845825,0.096791,0.000000,0.010766,0.046619,0.000000],[0.849861,0.091121,0.000000,0.010848,0.048170,0.000000],[0.836432,0.102785,0.000000,0.011718,0.049065,0.000000],[0.832524,0.102530,0.000000,0.012179,0.052767,0.000000],[0.821979,0.107935,0.000000,0.012747,0.057339,0.000000],[0.559497,0.160867,0.000000,0.019097,0.260538,0.000000],[0.814734,0.111220,0.000000,0.013198,0.060848,0.000000],[0.823711,0.106953,0.000000,0.012801,0.056535,0.000000],[0.823588,0.111459,0.000000,0.012488,0.052465,0.000000],[0.126902,0.127065,0.000000,0.014470,0.731563,0.000000],[0.821349,0.116502,0.000000,0.012174,0.049975,0.000000],[0.831550,0.107574,0.000000,0.011934,0.048942,0.000000],[0.835139,0.103584,0.000000,0.011856,0.049421,0.000000],[0.837237,0.100459,0.000000,0.011914,0.050390,0.000000],[0.831633,0.103030,0.000000,0.012265,0.053072,0.000000],[0.824906,0.110820,0.000000,0.012350,0.051924,0.000000],[0.127634,0.128273,0.000000,0.014602,0.729491,0.000000],[0.818718,0.118248,0.000000,0.012428,0.050606,0.000000],[0.124825,0.131451,0.000000,0.014484,0.729239,0.000000],[0.125475,0.126789,0.000000,0.014356,0.733381,0.000000],[0.845385,0.095457,0.000000,0.011090,0.048069,0.000000],[0.845929,0.095102,0.000000,0.011025,0.047943,0.000000],[0.829528,0.110577,0.000000,0.011851,0.048043,0.000000],[0.825559,0.110477,0.000000,0.012296,0.051667,0.000000],[0.815572,0.113711,0.000000,0.013091,0.057625,0.000000],[0.543744,0.182033,0.000000,0.020320,0.253903,0.000000],[0.806835,0.124752,0.000000,0.013092,0.055321,0.000000],[0.125663,0.132910,0.000000,0.014665,0.726762,0.000000],[0.825470,0.114888,0.000000,0.011992,0.047650,0.000000],[0.144956,0.105200,0.000000,0.013309,0.736535,0.000000],[0.830600,0.108164,0.000000,0.012054,0.049182,0.000000],[0.128942,0.123457,0.000000,0.014540,0.733061,0.000000],[0.813177,0.117078,0.000000,0.013080,0.056665,0.000000],[0.552854,0.171772,0.000000,0.019611,0.255763,0.000000],[0.814779,0.057690,0.077424,0.008406,0.041701,0.000000],[1.000000,0.000000,0.000000,0.000000,0.000000,0.000000]],
  [[1.000000,0.000000,0.000000,0.000000,0.000000,0.000000],[0.093864,0.061320,0.089368,0.009499,0.745950,0.000000],[0.831504,0.109435,0.000000,0.011678,0.047384,0.000000],[0.122728,0.119326,0.000000,0.013515,0.744431,0.000000],[0.124495,0.115155,0.000000,0.013450,0.746900,0.000000],[0.834665,0.103119,0.000000,0.011833,0.050384,0.000000],[0.833838,0.102152,0.000000,0.012200,0.051810,0.000000],[0.824021,0.108985,0.000000,0.012683,0.054311,0.000000],[0.813199,0.114598,0.000000,0.013278,0.058925,0.000000],[0.811049,0.115911,0.000000,0.013465,0.059575,0.000000],[0.804786,0.118490,0.000000,0.013846,0.062878,0.000000],[0.802369,0.119931,0.000000,0.014064,0.063637,0.000000],[0.802080,0.124961,0.000000,0.013756,0.059203,0.000000],[0.147793,0.136356,0.000000,0.015646,0.700205,0.000000],[0.126792,0.124775,0.000000,0.014408,0.734025,0.000000],[0.827162,0.108061,0.000000,0.012608,0.052169,0.000000],[0.826581,0.105684,0.000000,0.012745,0.054991,0.000000],[0.824877,0.106634,0.000000,0.012870,0.055619,0.000000],[0.817852,0.109932,0.000000,0.013324,0.058892,0.000000],[0.803132,0.119599,0.000000,0.013980,0.063289,0.000000],[0.800127,0.123386,0.000000,0.014008,0.062480,0.000000],[0.146861,0.135395,0.000000,0.015539,0.702205,0.000000],[0.816664,0.117244,0.000000,0.012891,0.053202,0.000000],[0.825493,0.110949,0.000000,0.012525,0.051033,0.000000],[0.842814,0.094918,0.000000,0.011559,0.050710,0.000000],[0.144046,0.102445,0.000000,0.013107,0.740401,0.000000],[0.126875,0.119414,0.000000,0.014136,0.739575,0.000000],[0.822547,0.110043,0.000000,0.012862,0.054548,0.000000],[0.813156,0.112761,0.000000,0.013584,0.060498,0.000000],[0.812010,0.113511,0.000000,0.013693,0.060786,0.000000],[0.807184,0.120265,0.000000,0.013601,0.058950,0.000000],[0.128172,0.121039,0.000000,0.014460,0.736330,0.000000],[0.822235,0.114728,0.000000,0.012565,0.050472,0.000000],[0.843512,0.092913,0.000000,0.011739,0.051836,0.000000],[0.824367,0.111643,0.000000,0.012634,0.051356,0.000000],[0.816441,0.117413,0.000000,0.012926,0.053219,0.000000],[0.144447,0.139456,0.000000,0.015527,0.700570,0.000000],[0.807636,0.124291,0.000000,0.013032,0.055041,0.000000],[0.806505,0.062433,0.081367,0.008540,0.041155,0.000000],[1.000000,0.000000,0.000000,0.000000,0.000000,0.000000]],
  [[1.000000,0.000000,0.000000,0.000000,0.000000,0.000000],[0.825674,0.054869,0.076306,0.007914,0.035237,0.000000],[0.124063,0.130248,0.000000,0.014144,0.731545,0.000000],[0.824973,0.113285,0.000000,0.011710,0.050032,0.000000],[0.000000,0.000000,0.000000,0.000000,0.000000,1.000000],[0.829763,0.103901,0.000000,0.011832,0.054504,0.000000],[0.825354,0.105387,0.000000,0.012568,0.056690,0.000000],[0.819782,0.110675,0.000000,0.012852,0.056690,0.000000],[0.129150,0.121481,0.000000,0.014381,0.734987,0.000000],[0.812804,0.116842,0.000000,0.013244,0.057110,0.000000],[0.810858,0.117891,0.000000,0.013428,0.057824,0.000000],[0.154109,0.130184,0.000000,0.015991,0.699716,0.000000],[0.534725,0.190583,0.000000,0.020987,0.253705,0.000000],[0.802111,0.124974,0.000000,0.013734,0.059182,0.000000],[0.816282,0.117206,0.000000,0.012879,0.053634,0.000000],[0.827143,0.107989,0.000000,0.012574,0.052294,0.000000],[0.823255,0.109359,0.000000,0.012764,0.054621,0.000000],[0.810475,0.116034,0.000000,0.013498,0.059992,0.000000],[0.799459,0.123380,0.000000,0.014023,0.063138,0.000000],[0.788884,0.126586,0.000000,0.014785,0.069746,0.000000],[0.541938,0.179582,0.000000,0.020443,0.258037,0.000000],[0.809498,0.116733,0.000000,0.013604,0.060166,0.000000],[0.823171,0.109504,0.000000,0.012786,0.054539,0.000000],[0.831872,0.103412,0.000000,0.012422,0.052294,0.000000],[0.846254,0.091176,0.000000,0.011423,0.051147,0.000000],[0.844223,0.094022,0.000000,0.011390,0.050366,0.000000],[0.827027,0.109960,0.000000,0.012345,0.050668,0.000000],[0.821461,0.112513,0.000000,0.012679,0.053348,0.000000],[0.822903,0.109817,0.000000,0.012814,0.054466,0.000000],[0.822478,0.110069,0.000000,0.012851,0.054602,0.000000],[0.822666,0.109961,0.000000,0.012844,0.054529,0.000000],[0.820983,0.112835,0.000000,0.012740,0.053441,0.000000],[0.826050,0.110599,0.000000,0.012459,0.050892,0.000000],[0.842434,0.095124,0.000000,0.011585,0.050858,0.000000],[0.827133,0.108203,0.000000,0.012635,0.052029,0.000000],[0.815224,0.119953,0.000000,0.012747,0.052076,0.000000],[0.125468,0.129840,0.000000,0.014569,0.730123,0.000000],[0.123753,0.136348,0.000000,0.014572,0.725327,0.000000],[0.094504,0.063625,0.089928,0.009637,0.742307,0.000000],[1.000000,0.000000,0.000000,0.000000,0.000000,0.000000]],
  [[1.000000,0.000000,0.000000,0.000000,0.000000,0.000000],[0.827681,0.053140,0.075228,0.008000,0.035951,0.000000],[0.828385,0.108568,0.000000,0.012028,0.051019,0.000000],[0.144072,0.122022,0.000000,0.014153,0.719752,0.000000],[0.000000,0.000000,0.000000,0.000000,0.000000,1.000000],[0.819334,0.108535,0.000000,0.012293,0.059837,0.000000],[0.813079,0.113003,0.000000,0.012928,0.060991,0.000000],[0.815077,0.113010,0.000000,0.012990,0.058923,0.000000],[0.807057,0.122115,0.000000,0.013240,0.057589,0.000000],[0.127577,0.126199,0.000000,0.014544,0.731680,0.000000],[0.805723,0.124604,0.000000,0.013348,0.056325,0.000000],[0.796983,0.125055,0.000000,0.014260,0.063702,0.000000],[0.794389,0.128471,0.000000,0.014210,0.062931,0.000000],[0.153602,0.129656,0.000000,0.015908,0.700833,0.000000],[0.815721,0.113028,0.000000,0.013274,0.057977,0.000000],[0.828403,0.105464,0.000000,0.012720,0.053412,0.000000],[0.821998,0.110192,0.000000,0.012886,0.054924,0.000000],[0.150810,0.132501,0.000000,0.015677,0.701012,0.000000],[0.534913,0.189467,0.000000,0.020908,0.254712,0.000000],[0.176933,0.144707,0.000000,0.017069,0.661291,0.000000],[0.802263,0.119837,0.000000,0.014042,0.063858,0.000000],[0.813701,0.112320,0.000000,0.013473,0.060505,0.000000],[0.827008,0.105416,0.000000,0.012676,0.054900,0.000000],[0.832938,0.102700,0.000000,0.012309,0.052053,0.000000],[0.848689,0.088102,0.000000,0.011412,0.051796,0.000000],[0.846368,0.091131,0.000000,0.011418,0.051083,0.000000],[0.826670,0.110204,0.000000,0.012392,0.050734,0.000000],[0.822841,0.114348,0.000000,0.012475,0.050336,0.000000],[0.125644,0.124397,0.000000,0.014279,0.735680,0.000000],[0.824802,0.111375,0.000000,0.012573,0.051249,0.000000],[0.826957,0.108277,0.000000,0.012644,0.052121,0.000000],[0.825554,0.110905,0.000000,0.012505,0.051036,0.000000],[0.127062,0.120203,0.000000,0.014255,0.738479,0.000000],[0.839965,0.098247,0.000000,0.011593,0.050195,0.000000],[0.129063,0.116913,0.000000,0.014397,0.739627,0.000000],[0.821598,0.115171,0.000000,0.012618,0.050613,0.000000],[0.125792,0.124951,0.000000,0.014444,0.734814,0.000000],[0.824601,0.115418,0.000000,0.012080,0.047901,0.000000],[0.824123,0.055694,0.076713,0.008003,0.035467,0.000000],[1.000000,0.000000,0.000000,0.000000,0.000000,0.000000]],
  [[1.000000,0.000000,0.000000,0.000000,0.000000,0.000000],[0.830356,0.051206,0.073870,0.008045,0.036523,0.000000],[0.831037,0.105132,0.000000,0.012038,0.051793,0.000000],[0.813666,0.115670,0.000000,0.012896,0.057767,0.000000],[0.539244,0.187126,0.000000,0.020046,0.253583,0.000000],[0.144861,0.128037,0.000000,0.014306,0.712796,0.000000],[0.000000,0.000000,0.000000,0.000000,0.000000,1.000000],[0.546953,0.176580,0.000000,0.019518,0.256949,0.000000],[0.809940,0.120343,0.000000,0.012961,0.056756,0.000000],[0.127848,0.126345,0.000000,0.014459,0.731348,0.000000],[0.810460,0.120004,0.000000,0.013183,0.056354,0.000000],[0.153070,0.129423,0.000000,0.015839,0.701668,0.000000],[0.795889,0.127561,0.000000,0.014069,0.062481,0.000000],[0.800031,0.123193,0.000000,0.013978,0.062797,0.000000],[0.813886,0.115842,0.000000,0.013170,0.057102,0.000000],[0.826580,0.108320,0.000000,0.012619,0.052482,0.000000],[0.820011,0.113213,0.000000,0.012802,0.053974,0.000000],[0.804939,0.123174,0.000000,0.013480,0.058406,0.000000],[0.150483,0.137340,0.000000,0.015848,0.696329,0.000000],[0.800242,0.122939,0.000000,0.013982,0.062837,0.000000],[0.815076,0.113280,0.000000,0.013326,0.058318,0.000000],[0.822600,0.109884,0.000000,0.012799,0.054717,0.000000],[0.825438,0.108216,0.000000,0.012566,0.053780,0.000000],[0.831118,0.105604,0.000000,0.012221,0.051057,0.000000],[0.848706,0.088119,0.000000,0.011416,0.051759,0.000000],[0.846151,0.091269,0.000000,0.011443,0.051137,0.000000],[0.144479,0.103086,0.000000,0.013195,0.739239,0.000000],[0.142708,0.110721,0.000000,0.013309,0.733262,0.000000],[0.834501,0.104833,0.000000,0.011657,0.049009,0.000000],[0.142794,0.110742,0.000000,0.013347,0.733116,0.000000],[0.840214,0.096519,0.000000,0.011822,0.051444,0.000000],[0.839089,0.098799,0.000000,0.011688,0.050425,0.000000],[0.143872,0.107298,0.000000,0.013347,0.735483,0.000000],[0.834952,0.104509,0.000000,0.011605,0.048934,0.000000],[0.837465,0.099832,0.000000,0.011859,0.050844,0.000000],[0.834271,0.104917,0.000000,0.011676,0.049136,0.000000],[0.837528,0.099789,0.000000,0.011869,0.050814,0.000000],[0.845801,0.093574,0.000000,0.011307,0.049318,0.000000],[0.846893,0.045067,0.063829,0.007570,0.036641,0.000000],[1.000000,0.000000,0.000000,0.000000,0.000000,0.000000]],
  [[1.000000,0.000000,0.000000,0.000000,0.000000,0.000000],[0.830582,0.051087,0.073805,0.008035,0.036491,0.000000],[0.832113,0.102798,0.000000,0.012217,0.052872,0.000000],[0.808918,0.119002,0.000000,0.013397,0.058683,0.000000],[0.149310,0.137645,0.000000,0.015648,0.697397,0.000000],[0.803671,0.124548,0.000000,0.013000,0.058781,0.000000],[0.145224,0.122877,0.000000,0.014224,0.717674,0.000000],[0.820668,0.111091,0.000000,0.012160,0.056081,0.000000],[0.143672,0.121861,0.000000,0.013980,0.720487,0.000000],[0.824672,0.111896,0.000000,0.011994,0.051437,0.000000],[0.822020,0.113477,0.000000,0.012254,0.052248,0.000000],[0.808884,0.119025,0.000000,0.013336,0.058755,0.000000],[0.542594,0.180187,0.000000,0.020387,0.256832,0.000000],[0.152721,0.128594,0.000000,0.015702,0.702982,0.000000],[0.819650,0.111585,0.000000,0.013081,0.055684,0.000000],[0.825361,0.109102,0.000000,0.012733,0.052805,0.000000],[0.129693,0.116832,0.000000,0.014361,0.739113,0.000000],[0.818656,0.114036,0.000000,0.012926,0.054382,0.000000],[0.820391,0.111176,0.000000,0.013039,0.055395,0.000000],[0.818870,0.113866,0.000000,0.012892,0.054371,0.000000],[0.822228,0.110160,0.000000,0.012852,0.054760,0.000000],[0.825619,0.110750,0.000000,0.012448,0.051183,0.000000],[0.126852,0.119517,0.000000,0.014106,0.739525,0.000000],[0.827776,0.109482,0.000000,0.012274,0.050467,0.000000],[0.845851,0.091463,0.000000,0.011473,0.051214,0.000000],[0.858509,0.079198,0.000000,0.010824,0.051469,0.000000],[0.854208,0.084682,0.000000,0.010866,0.050244,0.000000],[0.849877,0.090226,0.000000,0.010905,0.048991,0.000000],[0.158300,0.101861,0.000000,0.012549,0.727290,0.000000],[0.159041,0.098935,0.000000,0.012596,0.729427,0.000000],[0.850369,0.088454,0.000000,0.011073,0.050104,0.000000],[0.835649,0.102545,0.000000,0.011799,0.050007,0.000000],[0.143244,0.111440,0.000000,0.013473,0.731843,0.000000],[0.833296,0.105581,0.000000,0.011788,0.049336,0.000000],[0.143540,0.111844,0.000000,0.013549,0.731067,0.000000],[0.142052,0.114748,0.000000,0.013443,0.729756,0.000000],[0.143050,0.111099,0.000000,0.013455,0.732396,0.000000],[0.843776,0.096408,0.000000,0.011280,0.048537,0.000000],[0.845321,0.046376,0.064824,0.007498,0.035981,0.000000],[1.000000,0.000000,0.000000,0.000000,0.000000,0.000000]],
  [[1.000000,0.000000,0.000000,0.000000,0.000000,0.000000],[0.828683,0.052547,0.074976,0.007967,0.035827,0.000000],[0.828591,0.106749,0.000000,0.012309,0.052350,0.000000],[0.815849,0.117668,0.000000,0.012949,0.053535,0.000000],[0.127952,0.126637,0.000000,0.014590,0.730821,0.000000],[0.810919,0.121585,0.000000,0.012877,0.054619,0.000000],[0.820223,0.111862,0.000000,0.012500,0.055415,0.000000],[0.000000,0.000000,0.000000,0.000000,0.000000,1.000000],[0.838704,0.099105,0.000000,0.011196,0.050995,0.000000],[0.000000,0.000000,0.000000,0.000000,0.000000,1.000000],[0.125328,0.108679,0.000000,0.013114,0.752879,0.000000],[0.813809,0.114211,0.000000,0.013148,0.058832,0.000000],[0.804853,0.118410,0.000000,0.013795,0.062942,0.000000],[0.804434,0.118652,0.000000,0.013836,0.063079,0.000000],[0.812821,0.116568,0.000000,0.013257,0.057354,0.000000],[0.816209,0.117380,0.000000,0.012869,0.053541,0.000000],[0.817290,0.116770,0.000000,0.012799,0.053141,0.000000],[0.824561,0.111416,0.000000,0.012569,0.051455,0.000000],[0.829582,0.104869,0.000000,0.012650,0.052899,0.000000],[0.828205,0.107439,0.000000,0.012502,0.051855,0.000000],[0.126868,0.119508,0.000000,0.014122,0.739502,0.000000],[0.824853,0.113057,0.000000,0.012272,0.049818,0.000000],[0.841549,0.097281,0.000000,0.011417,0.049753,0.000000],[0.143018,0.106097,0.000000,0.013093,0.737792,0.000000],[0.841240,0.097463,0.000000,0.011457,0.049840,0.000000],[0.856057,0.082133,0.000000,0.010882,0.050928,0.000000],[0.853611,0.085061,0.000000,0.010937,0.050391,0.000000],[0.173529,0.082402,0.000000,0.011809,0.732260,0.000000],[0.173419,0.085054,0.000000,0.011822,0.729704,0.000000],[0.862196,0.078163,0.000000,0.010364,0.049276,0.000000],[0.158837,0.098743,0.000000,0.012558,0.729862,0.000000],[0.142047,0.114808,0.000000,0.013438,0.729706,0.000000],[0.815025,0.122872,0.000000,0.012699,0.049404,0.000000],[0.122761,0.133826,0.000000,0.014524,0.728889,0.000000],[0.122915,0.133954,0.000000,0.014548,0.728584,0.000000],[0.813943,0.123525,0.000000,0.012786,0.049746,0.000000],[0.122717,0.133514,0.000000,0.014508,0.729261,0.000000],[0.122255,0.135430,0.000000,0.014431,0.727884,0.000000],[0.822318,0.057383,0.077640,0.007917,0.034743,0.000000],[1.000000,0.000000,0.000000,0.000000,0.000000,0.000000]],
  [[1.000000,0.000000,0.000000,0.000000,0.000000,0.000000],[0.827902,0.053144,0.075090,0.007998,0.035867,0.000000],[0.127275,0.122256,0.000000,0.014338,0.736130,0.000000],[0.820537,0.115840,0.000000,0.012721,0.050902,0.000000],[0.817604,0.119380,0.000000,0.012683,0.050334,0.000000],[0.126052,0.125102,0.000000,0.014340,0.734506,0.000000],[0.829265,0.108207,0.000000,0.012072,0.050456,0.000000],[0.838614,0.098932,0.000000,0.011707,0.050747,0.000000],[0.844414,0.096559,0.000000,0.010844,0.048183,0.000000],[0.000000,0.000000,0.000000,0.000000,0.000000,1.000000],[0.830444,0.108178,0.000000,0.011425,0.049954,0.000000],[0.824858,0.110367,0.000000,0.012265,0.052510,0.000000],[0.820482,0.108392,0.000000,0.013055,0.058071,0.000000],[0.807720,0.114846,0.000000,0.013807,0.063628,0.000000],[0.804165,0.118908,0.000000,0.013878,0.063049,0.000000],[0.148792,0.131291,0.000000,0.015513,0.704404,0.000000],[0.127411,0.125750,0.000000,0.014518,0.732321,0.000000],[0.821551,0.115076,0.000000,0.012584,0.050789,0.000000],[0.825486,0.110907,0.000000,0.012507,0.051100,0.000000],[0.826615,0.110196,0.000000,0.012395,0.050794,0.000000],[0.843263,0.094611,0.000000,0.011487,0.050638,0.000000],[0.144131,0.102578,0.000000,0.013094,0.740197,0.000000],[0.843009,0.094789,0.000000,0.011516,0.050686,0.000000],[0.842405,0.095188,0.000000,0.011585,0.050823,0.000000],[0.143517,0.106808,0.000000,0.013228,0.736447,0.000000],[0.143814,0.107243,0.000000,0.013308,0.735634,0.000000],[0.852167,0.087387,0.000000,0.010874,0.049572,0.000000],[0.158874,0.095141,0.000000,0.012440,0.733545,0.000000],[0.853294,0.085253,0.000000,0.010976,0.050477,0.000000],[0.852999,0.085430,0.000000,0.011007,0.050564,0.000000],[0.159092,0.095359,0.000000,0.012487,0.733062,0.000000],[0.143024,0.111129,0.000000,0.013402,0.732446,0.000000],[0.815995,0.122176,0.000000,0.012591,0.049237,0.000000],[0.124831,0.129756,0.000000,0.014544,0.730869,0.000000],[0.809264,0.125485,0.000000,0.013020,0.052231,0.000000],[0.812541,0.119917,0.000000,0.013287,0.054255,0.000000],[0.810672,0.122889,0.000000,0.013207,0.053233,0.000000],[0.124880,0.132256,0.000000,0.014617,0.728247,0.000000],[0.092586,0.064709,0.091278,0.009522,0.741906,0.000000],[1.000000,0.000000,0.000000,0.000000,0.000000,0.000000]],
  [[1.000000,0.000000,0.000000,0.000000,0.000000,0.000000],[0.844860,0.046994,0.065579,0.007368,0.035198,0.000000],[0.843019,0.098419,0.000000,0.011098,0.047464,0.000000],[0.141468,0.114007,0.000000,0.013300,0.731225,0.000000],[0.834862,0.104590,0.000000,0.011609,0.048939,0.000000],[0.142536,0.110555,0.000000,0.013227,0.733682,0.000000],[0.842542,0.096669,0.000000,0.011315,0.049474,0.000000],[0.849897,0.089078,0.000000,0.011044,0.049981,0.000000],[0.854410,0.086164,0.000000,0.010558,0.048869,0.000000],[0.121720,0.110681,0.000000,0.012693,0.754906,0.000000],[0.120289,0.114945,0.000000,0.012775,0.751991,0.000000],[0.832668,0.106158,0.000000,0.011717,0.049457,0.000000],[0.823336,0.109510,0.000000,0.012720,0.054433,0.000000],[0.812128,0.113330,0.000000,0.013619,0.060923,0.000000],[0.548963,0.170218,0.000000,0.019936,0.260882,0.000000],[0.800474,0.123212,0.000000,0.013953,0.062361,0.000000],[0.808817,0.121187,0.000000,0.013373,0.056623,0.000000],[0.125153,0.129510,0.000000,0.014462,0.730874,0.000000],[0.126147,0.124899,0.000000,0.014392,0.734562,0.000000],[0.824558,0.111496,0.000000,0.012592,0.051354,0.000000],[0.827410,0.107968,0.000000,0.012583,0.052038,0.000000],[0.828036,0.107539,0.000000,0.012517,0.051908,0.000000],[0.827637,0.107791,0.000000,0.012555,0.052017,0.000000],[0.825281,0.111039,0.000000,0.012515,0.051165,0.000000],[0.820586,0.117491,0.000000,0.012407,0.049516,0.000000],[0.835867,0.103934,0.000000,0.011497,0.048702,0.000000],[0.142338,0.110150,0.000000,0.013215,0.734297,0.000000],[0.841954,0.095462,0.000000,0.011639,0.050945,0.000000],[0.842332,0.095203,0.000000,0.011595,0.050869,0.000000],[0.842217,0.095274,0.000000,0.011607,0.050902,0.000000],[0.855006,0.084210,0.000000,0.010785,0.049999,0.000000],[0.841569,0.095688,0.000000,0.011681,0.051062,0.000000],[0.822073,0.114799,0.000000,0.012561,0.050567,0.000000],[0.128420,0.121645,0.000000,0.014513,0.735422,0.000000],[0.804019,0.124015,0.000000,0.013609,0.058357,0.000000],[0.152214,0.129116,0.000000,0.015874,0.702796,0.000000],[0.802286,0.125166,0.000000,0.013812,0.058736,0.000000],[0.819937,0.115884,0.000000,0.012602,0.051577,0.000000],[0.821175,0.057737,0.078109,0.007977,0.035002,0.000000],[1.000000,0.000000,0.000000,0.000000,0.000000,0.000000]],
  [[1.000000,0.000000,0.000000,0.000000,0.000000,0.000000],[0.862414,0.039363,0.055506,0.006948,0.035769,0.000000],[0.159784,0.093425,0.000000,0.012425,0.734367,0.000000],[0.158832,0.095138,0.000000,0.012440,0.733591,0.000000],[0.159079,0.095413,0.000000,0.012452,0.733056,0.000000],[0.854573,0.084515,0.000000,0.010826,0.050086,0.000000],[0.158691,0.091379,0.000000,0.012245,0.737685,0.000000],[0.845922,0.093032,0.000000,0.011210,0.049836,0.000000],[0.832063,0.106786,0.000000,0.011823,0.049327,0.000000],[0.834567,0.104956,0.000000,0.011546,0.048931,0.000000],[0.000000,0.000000,0.000000,0.000000,0.000000,1.000000],[0.123126,0.119671,0.000000,0.013494,0.743709,0.000000],[0.818674,0.116004,0.000000,0.012626,0.052695,0.000000],[0.807527,0.119955,0.000000,0.013512,0.059007,0.000000],[0.800935,0.122844,0.000000,0.013904,0.062317,0.000000],[0.792018,0.125028,0.000000,0.014547,0.068408,0.000000],[0.800055,0.123526,0.000000,0.014015,0.062404,0.000000],[0.801879,0.127342,0.000000,0.013500,0.057279,0.000000],[0.125198,0.129848,0.000000,0.014519,0.730435,0.000000],[0.813135,0.121120,0.000000,0.012909,0.052836,0.000000],[0.820024,0.111477,0.000000,0.013097,0.055401,0.000000],[0.818828,0.113819,0.000000,0.012925,0.054428,0.000000],[0.821000,0.110791,0.000000,0.012982,0.055226,0.000000],[0.819368,0.113626,0.000000,0.012870,0.054136,0.000000],[0.127738,0.120927,0.000000,0.014344,0.736990,0.000000],[0.125637,0.124396,0.000000,0.014257,0.735710,0.000000],[0.825555,0.110894,0.000000,0.012491,0.051059,0.000000],[0.828672,0.107191,0.000000,0.012473,0.051663,0.000000],[0.829491,0.106685,0.000000,0.012396,0.051428,0.000000],[0.145357,0.099309,0.000000,0.013126,0.742208,0.000000],[0.858925,0.078976,0.000000,0.010783,0.051316,0.000000],[0.846294,0.089604,0.000000,0.011673,0.052429,0.000000],[0.827873,0.107664,0.000000,0.012552,0.051911,0.000000],[0.821378,0.110803,0.000000,0.012967,0.054852,0.000000],[0.806907,0.120309,0.000000,0.013602,0.059182,0.000000],[0.542199,0.180706,0.000000,0.020530,0.256565,0.000000],[0.800538,0.127979,0.000000,0.013669,0.057814,0.000000],[0.127429,0.128068,0.000000,0.014631,0.729873,0.000000],[0.824050,0.055654,0.076762,0.008014,0.035520,0.000000],[1.000000,0.000000,0.000000,0.000000,0.000000,0.000000]],
  [[1.000000,0.000000,0.000000,0.000000,0.000000,0.000000],[0.877030,0.033415,0.047520,0.006475,0.035560,0.000000],[0.873818,0.068023,0.000000,0.009681,0.048479,0.000000],[0.867157,0.074017,0.000000,0.009990,0.048836,0.000000],[0.868773,0.071755,0.000000,0.009980,0.049492,0.000000],[0.869241,0.071484,0.000000,0.009925,0.049349,0.000000],[0.858241,0.080843,0.000000,0.010634,0.050282,0.000000],[0.143747,0.102038,0.000000,0.012967,0.741248,0.000000],[0.832518,0.104746,0.000000,0.012068,0.050668,0.000000],[0.832758,0.101607,0.000000,0.012098,0.053537,0.000000],[0.828559,0.105975,0.000000,0.012206,0.053260,0.000000],[0.821725,0.113729,0.000000,0.012312,0.052234,0.000000],[0.125732,0.129457,0.000000,0.014407,0.730404,0.000000],[0.128120,0.126285,0.000000,0.014615,0.730980,0.000000],[0.811644,0.117519,0.000000,0.013380,0.057456,0.000000],[0.152147,0.128282,0.000000,0.015703,0.703868,0.000000],[0.548768,0.170536,0.000000,0.020016,0.260679,0.000000],[0.804331,0.123952,0.000000,0.013554,0.058163,0.000000],[0.127524,0.126665,0.000000,0.014633,0.731177,0.000000],[0.809319,0.125168,0.000000,0.012973,0.052541,0.000000],[0.151481,0.133692,0.000000,0.015886,0.698941,0.000000],[0.802820,0.124384,0.000000,0.013679,0.059117,0.000000],[0.152838,0.128609,0.000000,0.015715,0.702838,0.000000],[0.813360,0.116300,0.000000,0.013200,0.057140,0.000000],[0.818978,0.113964,0.000000,0.012873,0.054185,0.000000],[0.820128,0.113276,0.000000,0.012776,0.053820,0.000000],[0.823394,0.109461,0.000000,0.012756,0.054389,0.000000],[0.826474,0.105778,0.000000,0.012750,0.054999,0.000000],[0.827550,0.109579,0.000000,0.012289,0.050581,0.000000],[0.844118,0.094127,0.000000,0.011406,0.050350,0.000000],[0.856761,0.083167,0.000000,0.010586,0.049485,0.000000],[0.845257,0.091810,0.000000,0.011531,0.051402,0.000000],[0.826663,0.110158,0.000000,0.012382,0.050798,0.000000],[0.820357,0.113220,0.000000,0.012783,0.053641,0.000000],[0.808313,0.119563,0.000000,0.013460,0.058663,0.000000],[0.806720,0.120478,0.000000,0.013618,0.059184,0.000000],[0.146906,0.135360,0.000000,0.015507,0.702227,0.000000],[0.126850,0.127110,0.000000,0.014467,0.731573,0.000000],[0.825399,0.054908,0.076414,0.007947,0.035332,0.000000],[1.000000,0.000000,0.000000,0.000000,0.000000,0.000000]],
  [[1.000000,0.000000,0.000000,0.000000,0.000000,0.000000],[0.863294,0.039582,0.055738,0.006739,0.034647,0.000000],[0.866676,0.076388,0.000000,0.009798,0.047138,0.000000],[0.863926,0.077524,0.000000,0.010038,0.048513,0.000000],[0.156228,0.082213,0.000000,0.011585,0.749973,0.000000],[0.864393,0.075937,0.000000,0.010190,0.049480,0.000000],[0.862334,0.077043,0.000000,0.010405,0.050218,0.000000],[0.848223,0.090028,0.000000,0.011214,0.050535,0.000000],[0.832132,0.104967,0.000000,0.012101,0.050800,0.000000],[0.828817,0.104311,0.000000,0.012492,0.054380,0.000000],[0.816210,0.110845,0.000000,0.013239,0.059706,0.000000],[0.809261,0.118839,0.000000,0.013351,0.058549,0.000000],[0.147096,0.135728,0.000000,0.015476,0.701699,0.000000],[0.814404,0.118514,0.000000,0.013045,0.054036,0.000000],[0.815351,0.117896,0.000000,0.012953,0.053800,0.000000],[0.808385,0.119377,0.000000,0.013461,0.058777,0.000000],[0.807561,0.119913,0.000000,0.013536,0.058990,0.000000],[0.809449,0.118923,0.000000,0.013364,0.058264,0.000000],[0.128866,0.122220,0.000000,0.014486,0.734428,0.000000],[0.814550,0.120126,0.000000,0.012745,0.052579,0.000000],[0.150321,0.138219,0.000000,0.015791,0.695669,0.000000],[0.529346,0.199997,0.000000,0.021062,0.249595,0.000000],[0.806015,0.120589,0.000000,0.013605,0.059791,0.000000],[0.813965,0.113988,0.000000,0.013391,0.058657,0.000000],[0.810987,0.113948,0.000000,0.013718,0.061348,0.000000],[0.811449,0.113734,0.000000,0.013686,0.061131,0.000000],[0.812760,0.112916,0.000000,0.013574,0.060750,0.000000],[0.824516,0.106958,0.000000,0.012917,0.055609,0.000000],[0.826514,0.110226,0.000000,0.012379,0.050881,0.000000],[0.144387,0.102984,0.000000,0.013136,0.739492,0.000000],[0.842349,0.096784,0.000000,0.011337,0.049531,0.000000],[0.145539,0.099574,0.000000,0.013154,0.741733,0.000000],[0.825001,0.112967,0.000000,0.012264,0.049768,0.000000],[0.125738,0.124191,0.000000,0.014225,0.735845,0.000000],[0.126248,0.124600,0.000000,0.014295,0.734857,0.000000],[0.819707,0.113519,0.000000,0.012854,0.053920,0.000000],[0.820218,0.113199,0.000000,0.012832,0.053751,0.000000],[0.827105,0.109338,0.000000,0.012202,0.051355,0.000000],[0.828150,0.052913,0.075074,0.007990,0.035873,0.000000],[1.000000,0.000000,0.000000,0.000000,0.000000,0.000000]],
  [[1.000000,0.000000,0.000000,0.000000,0.000000,0.000000],[0.133581,0.046812,0.067521,0.008173,0.743913,0.000000],[0.137742,0.101588,0.000000,0.012105,0.748564,0.000000],[0.000000,0.000000,0.000000,0.000000,0.000000,1.000000],[0.862834,0.080549,0.000000,0.009705,0.046912,0.000000],[0.856994,0.086016,0.000000,0.010056,0.046934,0.000000],[0.853673,0.086595,0.000000,0.010636,0.049096,0.000000],[0.847964,0.091789,0.000000,0.010986,0.049261,0.000000],[0.830400,0.106021,0.000000,0.012269,0.051310,0.000000],[0.823947,0.109092,0.000000,0.012683,0.054278,0.000000],[0.813100,0.112780,0.000000,0.013544,0.060577,0.000000],[0.542911,0.180107,0.000000,0.020382,0.256601,0.000000],[0.805922,0.120860,0.000000,0.013703,0.059516,0.000000],[0.816774,0.115201,0.000000,0.013128,0.054897,0.000000],[0.820910,0.111029,0.000000,0.013000,0.055062,0.000000],[0.130141,0.117241,0.000000,0.014423,0.738195,0.000000],[0.818336,0.114423,0.000000,0.012953,0.054288,0.000000],[0.817559,0.116730,0.000000,0.012742,0.052969,0.000000],[0.823347,0.112869,0.000000,0.012164,0.051620,0.000000],[0.826664,0.110340,0.000000,0.011807,0.051189,0.000000],[0.819212,0.111946,0.000000,0.012317,0.056524,0.000000],[0.148777,0.128147,0.000000,0.014824,0.708253,0.000000],[0.814296,0.113741,0.000000,0.013080,0.058883,0.000000],[0.816999,0.112184,0.000000,0.013094,0.057722,0.000000],[0.806516,0.120300,0.000000,0.013588,0.059596,0.000000],[0.536054,0.190081,0.000000,0.020777,0.253088,0.000000],[0.804997,0.123199,0.000000,0.013458,0.058346,0.000000],[0.819697,0.113458,0.000000,0.012811,0.054034,0.000000],[0.824632,0.113133,0.000000,0.012260,0.049975,0.000000],[0.127080,0.120016,0.000000,0.014124,0.738780,0.000000],[0.825490,0.112601,0.000000,0.012199,0.049710,0.000000],[0.829691,0.106581,0.000000,0.012377,0.051350,0.000000],[0.825272,0.112786,0.000000,0.012251,0.049691,0.000000],[0.124881,0.123236,0.000000,0.014109,0.737774,0.000000],[0.823485,0.113911,0.000000,0.012430,0.050174,0.000000],[0.827380,0.107997,0.000000,0.012617,0.052005,0.000000],[0.829545,0.104929,0.000000,0.012697,0.052829,0.000000],[0.835799,0.101492,0.000000,0.012098,0.050611,0.000000],[0.829769,0.051644,0.073954,0.008081,0.036552,0.000000],[1.000000,0.000000,0.000000,0.000000,0.000000,0.000000]],
  [[1.000000,0.000000,0.000000,0.000000,0.000000,0.000000],[0.133362,0.049261,0.068826,0.008126,0.740425,0.000000],[0.853082,0.092218,0.000000,0.010043,0.044657,0.000000],[0.000000,0.000000,0.000000,0.000000,0.000000,1.000000],[0.000000,0.000000,0.000000,0.000000,0.000000,1.000000],[0.000000,0.000000,0.000000,0.000000,0.000000,1.000000],[0.123654,0.106949,0.000000,0.012761,0.756636,0.000000],[0.831679,0.107006,0.000000,0.011851,0.049464,0.000000],[0.128855,0.115700,0.000000,0.014109,0.741336,0.000000],[0.821181,0.112638,0.000000,0.012678,0.053503,0.000000],[0.808314,0.119542,0.000000,0.013448,0.058696,0.000000],[0.804417,0.123765,0.000000,0.013536,0.058282,0.000000],[0.147235,0.136043,0.000000,0.015569,0.701154,0.000000],[0.818022,0.114548,0.000000,0.013005,0.054425,0.000000],[0.823653,0.111960,0.000000,0.012640,0.051747,0.000000],[0.821983,0.110379,0.000000,0.012901,0.054737,0.000000],[0.818431,0.114356,0.000000,0.012945,0.054268,0.000000],[0.127513,0.125868,0.000000,0.014465,0.732154,0.000000],[0.124778,0.121182,0.000000,0.013758,0.740282,0.000000],[0.000000,0.000000,0.000000,0.000000,0.000000,1.000000],[0.000000,0.000000,0.000000,0.000000,0.000000,1.000000],[0.841211,0.097283,0.000000,0.010936,0.050570,0.000000],[0.833677,0.102371,0.000000,0.011664,0.052288,0.000000],[0.822077,0.108799,0.000000,0.012601,0.056523,0.000000],[0.148779,0.136932,0.000000,0.015638,0.698651,0.000000],[0.148070,0.142818,0.000000,0.015852,0.693260,0.000000],[0.144269,0.136568,0.000000,0.015056,0.704108,0.000000],[0.125644,0.121318,0.000000,0.013901,0.739138,0.000000],[0.822504,0.113239,0.000000,0.012236,0.052021,0.000000],[0.823140,0.111403,0.000000,0.012501,0.052956,0.000000],[0.825637,0.108097,0.000000,0.012549,0.053717,0.000000],[0.832183,0.103238,0.000000,0.012406,0.052174,0.000000],[0.846604,0.091150,0.000000,0.011423,0.050823,0.000000],[0.845016,0.092284,0.000000,0.011618,0.051082,0.000000],[0.843907,0.093083,0.000000,0.011749,0.051262,0.000000],[0.843700,0.093080,0.000000,0.011760,0.051460,0.000000],[0.842321,0.095398,0.000000,0.011654,0.050626,0.000000],[0.845150,0.095594,0.000000,0.011131,0.048125,0.000000],[0.844798,0.047115,0.065559,0.007363,0.035165,0.000000],[1.000000,0.000000,0.000000,0.000000,0.000000,0.000000]],
  [[1.000000,0.000000,0.000000,0.000000,0.000000,0.000000],[0.866810,0.037737,0.054821,0.006564,0.034068,0.000000],[0.116298,0.059727,0.079150,0.009010,0.735816,0.000000],[0.840257,0.101571,0.000000,0.011058,0.047113,0.000000],[0.843555,0.096080,0.000000,0.010765,0.049600,0.000000],[0.000000,0.000000,0.000000,0.000000,0.000000,1.000000],[0.835436,0.101527,0.000000,0.011515,0.051522,0.000000],[0.825899,0.109718,0.000000,0.012193,0.052190,0.000000],[0.824673,0.108711,0.000000,0.012626,0.053990,0.000000],[0.820448,0.114940,0.000000,0.012467,0.052145,0.000000],[0.126462,0.125305,0.000000,0.014288,0.733945,0.000000],[0.123356,0.133353,0.000000,0.014198,0.729093,0.000000],[0.818536,0.117924,0.000000,0.012369,0.051171,0.000000],[0.124441,0.128408,0.000000,0.014131,0.733019,0.000000],[0.824571,0.113174,0.000000,0.012264,0.049990,0.000000],[0.820461,0.113124,0.000000,0.012746,0.053670,0.000000],[0.807220,0.120148,0.000000,0.013544,0.059088,0.000000],[0.805189,0.123299,0.000000,0.013441,0.058071,0.000000],[0.142200,0.135261,0.000000,0.014717,0.707822,0.000000],[0.828655,0.110770,0.000000,0.011322,0.049253,0.000000],[0.000000,0.000000,0.000000,0.000000,0.000000,1.000000],[0.000000,0.000000,0.000000,0.000000,0.000000,1.000000],[0.000000,0.000000,0.000000,0.000000,0.000000,1.000000],[0.828571,0.107616,0.000000,0.011921,0.051891,0.000000],[0.818705,0.117563,0.000000,0.012347,0.051385,0.000000],[0.122852,0.137955,0.000000,0.014306,0.724887,0.000000],[0.813262,0.121669,0.000000,0.012327,0.052742,0.000000],[0.000000,0.000000,0.000000,0.000000,0.000000,1.000000],[0.145629,0.125538,0.000000,0.014565,0.714268,0.000000],[0.815420,0.113205,0.000000,0.013050,0.058325,0.000000],[0.827697,0.105013,0.000000,0.012610,0.054680,0.000000],[0.832737,0.102856,0.000000,0.012346,0.052061,0.000000],[0.849822,0.087771,0.000000,0.011349,0.051058,0.000000],[0.849975,0.046581,0.056813,0.007826,0.038805,0.000000],[0.846760,0.050301,0.056887,0.007865,0.038187,0.000000],[0.845239,0.050945,0.058190,0.007833,0.037794,0.000000],[0.159244,0.096341,0.000000,0.012579,0.731836,0.000000],[0.159285,0.096820,0.000000,0.012495,0.731400,0.000000],[0.133887,0.047368,0.067528,0.008246,0.742972,0.000000],[1.000000,0.000000,0.000000,0.000000,0.000000,0.000000]],
