[
  [[1.000000,0.000000,0.000000,0.000000,0.000000,0.000000],[1.000000,0.000000,0.000000,0.000000,0.000000,0.000000],[1.000000,0.000000,0.000000,0.000000,0.000000,0.000000],[1.000000,0.000000,0.000000,0.000000,0.000000,0.000000],[1.000000,0.000000,0.000000,0.000000,0.000000,0.000000],[1.000000,0.000000,0.000000,0.000000,0.000000,0.000000],[1.000000,0.000000,0.000000,0.000000,0.000000,0.000000],[1.000000,0.000000,0.000000,0.000000,0.000000,0.000000],[1.000000,0.000000,0.000000,0.000000,0.000000,0.000000],[1.000000,0.000000,0.000000,0.000000,0.000000,0.000000],[1.000000,0.000000,0.000000,0.000000,0.000000,0.000000],[1.000000,0.000000,0.000000,0.000000,0.000000,0.000000],[1.000000,0.000000,0.000000,0.000000,0.000000,0.000000],[1.000000,0.000000,0.000000,0.000000,0.000000,0.000000],[1.000000,0.000000,0.000000,0.000000,0.000000,0.000000],[1.000000,0.000000,0.000000,0.000000,0.000000,0.000000],[1.000000,0.000000,0.000000,0.000000,0.000000,0.000000],[1.000000,0.000000,0.000000,0.000000,0.000000,0.000000],[1.000000,0.000000,0.000000,0.000000,0.000000,0.000000],[1.000000,0.000000,0.000000,0.000000,0.000000,0.000000],[1.000000,0.000000,0.000000,0.000000,0.000000,0.000000],[1.000000,0.000000,0.000000,0.000000,0.000000,0.000000],[1.000000,0.000000,0.000000,0.000000,0.000000,0.000000],[1.000000,0.000000,0.000000,0.000000,0.000000,0.000000],[1.000000,0.000000,0.000000,0.000000,0.000000,0.000000],[1.000000,0.000000,0.000000,0.000000,0.000000,0.000000],[1.000000,0.000000,0.000000,0.000000,0.000000,0.000000],[1.000000,0.000000,0.000000,0.000000,0.000000,0.000000],[1.000000,0.000000,0.000000,0.000000,0.000000,0.000000],[1.000000,0.000000,0.000000,0.000000,0.000000,0.000000],[1.000000,0.000000,0.000000,0.000000,0.000000,0.000000],[1.000000,0.000000,0.000000,0.000000,0.000000,0.000000],[1.000000,0.000000,0.000000,0.000000,0.000000,0.000000],[1.000000,0.000000,0.000000,0.000000,0.000000,0.000000],[1.000000,0.000000,0.000000,0.000000,0.000000,0.000000],[1.000000,0.000000,0.000000,0.000000,0.000000,0.000000],[1.000000,0.000000,0.000000,0.000000,0.000000,0.000000],[1.000000,0.000000,0.000000,0.000000,0.000000,0.000000],[1.000000,0.000000,0.000000,0.000000,0.000000,0.000000],[1.000000,0.000000,0.000000,0.000000,0.000000,0.000000]],
  [[1.000000,0.000000,0.000000,0.000000,0.000000,0.000000],[0.897219,0.024264,0.038641,0.005709,0.034167,0.000000],[0.890925,0.028176,0.040154,0.005951,0.034794,0.000000],[0.888605,0.028650,0.040960,0.006145,0.035640,0.000000],[0.889210,0.027947,0.040330,0.006206,0.036307,0.000000],[0.888159,0.028922,0.041058,0.006161,0.035700,0.000000],[0.164167,0.033901,0.049079,0.007361,0.745493,0.000000],[0.164873,0.035434,0.050065,0.007352,0.742277,0.000000],[0.884197,0.032497,0.043161,0.006067,0.034077,0.000000],[0.150405,0.040812,0.058116,0.007760,0.742907,0.000000],[0.861013,0.040478,0.056440,0.006892,0.035176,0.000000],[0.848507,0.044204,0.063410,0.007485,0.036394,0.000000],[0.829044,0.052483,0.074798,0.007951,0.035724,0.000000],[0.827703,0.053272,0.075132,0.008005,0.035888,0.000000],[0.822909,0.056757,0.077685,0.007890,0.034760,0.000000],[0.092554,0.064025,0.091201,0.009481,0.742739,0.000000],[0.822979,0.056814,0.077604,0.007883,0.034720,0.000000],[0.825770,0.054757,0.076308,0.007923,0.035242,0.000000],[0.095303,0.058992,0.087592,0.009520,0.748594,0.000000],[0.848529,0.044604,0.064042,0.007325,0.035500,0.000000],[0.865757,0.037123,0.054119,0.006906,0.036095,0.000000],[0.850254,0.043236,0.062965,0.007396,0.036149,0.000000],[0.828987,0.052402,0.074883,0.007947,0.035782,0.000000],[0.820049,0.055787,0.079036,0.008099,0.037029,0.000000],[0.808229,0.061267,0.081034,0.008457,0.041014,0.000000],[0.809820,0.059894,0.079839,0.008550,0.041897,0.000000],[0.813396,0.056913,0.078932,0.008537,0.042223,0.000000],[0.825721,0.051817,0.076188,0.008169,0.038106,0.000000],[0.831857,0.050484,0.073398,0.007978,0.036283,0.000000],[0.849773,0.043431,0.063123,0.007424,0.036249,0.000000],[0.830068,0.051447,0.073896,0.008061,0.036527,0.000000],[0.820861,0.054782,0.078208,0.008243,0.037906,0.000000],[0.819246,0.056519,0.078121,0.008253,0.037861,0.000000],[0.822726,0.054188,0.078385,0.007964,0.036737,0.000000],[1.000000,0.000000,0.000000,0.000000,0.000000,0.000000],[0.092942,0.053965,0.086146,0.009123,0.757824,0.000000],[0.835569,0.049211,0.072818,0.007641,0.034761,0.000000],[0.854821,0.042827,0.060753,0.007016,0.034582,0.000000],[0.876338,0.031954,0.050875,0.006407,0.034426,0.000000],[1.000000,0.000000,0.000000,0.000000,0.000000,0.000000]],
  [[1.000000,0.000000,0.000000,0.000000,0.000000,0.000000],[0.889769,0.029145,0.040894,0.005920,0.034273,0.000000],[0.173657,0.078210,0.000000,0.011601,0.736532,0.000000],[0.873284,0.068291,0.000000,0.009748,0.048678,0.000000],[0.875452,0.064382,0.000000,0.009842,0.050324,0.000000],[0.874005,0.066581,0.000000,0.009828,0.049586,0.000000],[0.870901,0.071077,0.000000,0.009821,0.048201,0.000000],[0.868660,0.073723,0.000000,0.009897,0.047720,0.000000],[0.173748,0.086444,0.000000,0.011794,0.728014,0.000000],[0.174260,0.081101,0.000000,0.011819,0.732820,0.000000],[0.860718,0.079941,0.000000,0.010451,0.048890,0.000000],[0.849535,0.089712,0.000000,0.011153,0.049600,0.000000],[0.832228,0.107122,0.000000,0.011894,0.048756,0.000000],[0.127547,0.122119,0.000000,0.014320,0.736015,0.000000],[0.822836,0.114020,0.000000,0.012314,0.050829,0.000000],[0.126832,0.127990,0.000000,0.014534,0.730644,0.000000],[0.126424,0.127349,0.000000,0.014452,0.731776,0.000000],[0.826697,0.109826,0.000000,0.012225,0.051252,0.000000],[0.834891,0.103814,0.000000,0.011893,0.049402,0.000000],[0.851671,0.088426,0.000000,0.010916,0.048987,0.000000],[0.866698,0.073442,0.000000,0.010207,0.049654,0.000000],[0.853970,0.085412,0.000000,0.010924,0.049694,0.000000],[0.835018,0.103624,0.000000,0.011884,0.049474,0.000000],[0.128805,0.123203,0.000000,0.014466,0.733525,0.000000],[0.149106,0.133730,0.000000,0.015577,0.701587,0.000000],[0.551874,0.171095,0.000000,0.019719,0.257313,0.000000],[0.820145,0.109075,0.000000,0.012930,0.057849,0.000000],[0.831891,0.102946,0.000000,0.012252,0.052911,0.000000],[0.837252,0.100518,0.000000,0.011935,0.050294,0.000000],[0.852075,0.086565,0.000000,0.011121,0.050239,0.000000],[0.833059,0.104864,0.000000,0.012082,0.049995,0.000000],[0.821402,0.114552,0.000000,0.012481,0.051565,0.000000],[0.148669,0.139883,0.000000,0.015911,0.695538,0.000000],[0.785738,0.084747,0.075143,0.009996,0.044376,0.000000],[0.112044,0.073643,0.097133,0.010405,0.706775,0.000000],[1.000000,0.000000,0.000000,0.000000,0.000000,0.000000],[0.825021,0.055349,0.075492,0.008129,0.036008,0.000000],[0.842389,0.053312,0.061856,0.007464,0.034980,0.000000],[0.865636,0.039179,0.053963,0.006680,0.034542,0.000000],[1.000000,0.000000,0.000000,0.000000,0.000000,0.000000]],
  [[1.000000,0.000000,0.000000,0.000000,0.000000,0.000000],[0.886045,0.030824,0.042449,0.006091,0.034591,0.000000],[0.173373,0.080332,0.000000,0.011692,0.734602,0.000000],[0.853031,0.086898,0.000000,0.010816,0.049256,0.000000],[0.855830,0.082260,0.000000,0.010927,0.050983,0.000000],[0.855825,0.082260,0.000000,0.010923,0.050992,0.000000],[0.853877,0.084903,0.000000,0.010922,0.050298,0.000000],[0.159675,0.092333,0.000000,0.012520,0.735472,0.000000],[0.850194,0.090025,0.000000,0.010886,0.048895,0.000000],[0.853561,0.085115,0.000000,0.010965,0.050360,0.000000],[0.854490,0.084515,0.000000,0.010854,0.050141,0.000000],[0.841970,0.095439,0.000000,0.011648,0.050943,0.000000],[0.125157,0.123465,0.000000,0.014168,0.737211,0.000000],[0.819213,0.113993,0.000000,0.012918,0.053875,0.000000],[0.808287,0.119654,0.000000,0.013505,0.058554,0.000000],[0.807863,0.119920,0.000000,0.013538,0.058679,0.000000],[0.808634,0.119418,0.000000,0.013471,0.058477,0.000000],[0.820348,0.113244,0.000000,0.012806,0.053602,0.000000],[0.828876,0.107057,0.000000,0.012460,0.051606,0.000000],[0.846176,0.091223,0.000000,0.011445,0.051155,0.000000],[0.861631,0.075901,0.000000,0.010703,0.051765,0.000000],[0.848585,0.088190,0.000000,0.011441,0.051783,0.000000],[0.829296,0.106749,0.000000,0.012417,0.051538,0.000000],[0.818391,0.116114,0.000000,0.012719,0.052775,0.000000],[0.806494,0.122524,0.000000,0.013392,0.057590,0.000000],[0.807585,0.119968,0.000000,0.013565,0.058883,0.000000],[0.811240,0.115902,0.000000,0.013498,0.059360,0.000000],[0.822520,0.110085,0.000000,0.012877,0.054518,0.000000],[0.825666,0.110768,0.000000,0.012496,0.051071,0.000000],[0.841814,0.095487,0.000000,0.011658,0.051041,0.000000],[0.821248,0.115315,0.000000,0.012647,0.050790,0.000000],[0.126277,0.130008,0.000000,0.014666,0.729050,0.000000],[0.149594,0.139242,0.000000,0.016146,0.695019,0.000000],[0.534326,0.193815,0.000000,0.021257,0.250602,0.000000],[0.796871,0.068134,0.081146,0.009348,0.044501,0.000000],[1.000000,0.000000,0.000000,0.000000,0.000000,0.000000],[1.000000,0.000000,0.000000,0.000000,0.000000,0.000000],[0.835101,0.058801,0.062924,0.007843,0.035331,0.000000],[0.134863,0.048182,0.066329,0.008351,0.742275,0.000000],[1.000000,0.000000,0.000000,0.000000,0.000000,0.000000]],
  [[1.000000,0.000000,0.000000,0.000000,0.000000,0.000000],[0.874934,0.035310,0.048330,0.006460,0.034967,0.000000],[0.174211,0.081182,0.000000,0.011827,0.732780,0.000000],[0.852472,0.087411,0.000000,0.010905,0.049212,0.000000],[0.143680,0.107020,0.000000,0.013338,0.735962,0.000000],[0.143525,0.106791,0.000000,0.013275,0.736409,0.000000],[0.837899,0.101135,0.000000,0.011566,0.049401,0.000000],[0.143723,0.107085,0.000000,0.013298,0.735893,0.000000],[0.839673,0.098453,0.000000,0.011626,0.050247,0.000000],[0.146111,0.100420,0.000000,0.013338,0.740130,0.000000],[0.841737,0.095595,0.000000,0.011661,0.051007,0.000000],[0.143579,0.106846,0.000000,0.013252,0.736322,0.000000],[0.822127,0.114812,0.000000,0.012542,0.050518,0.000000],[0.816432,0.117398,0.000000,0.012883,0.053288,0.000000],[0.810329,0.116390,0.000000,0.013573,0.059709,0.000000],[0.550292,0.170177,0.000000,0.019868,0.259663,0.000000],[0.811297,0.115868,0.000000,0.013461,0.059374,0.000000],[0.820646,0.113058,0.000000,0.012751,0.053545,0.000000],[0.126930,0.119685,0.000000,0.014144,0.739241,0.000000],[0.844136,0.094089,0.000000,0.011399,0.050376,0.000000],[0.858676,0.080590,0.000000,0.010594,0.050140,0.000000],[0.844932,0.093591,0.000000,0.011317,0.050161,0.000000],[0.829605,0.106590,0.000000,0.012371,0.051434,0.000000],[0.824043,0.109174,0.000000,0.012725,0.054058,0.000000],[0.128226,0.121104,0.000000,0.014386,0.736285,0.000000],[0.816271,0.117590,0.000000,0.012886,0.053253,0.000000],[0.814302,0.120570,0.000000,0.012793,0.052335,0.000000],[0.126336,0.125045,0.000000,0.014408,0.734211,0.000000],[0.819123,0.118371,0.000000,0.012548,0.049957,0.000000],[0.126037,0.125344,0.000000,0.014443,0.734176,0.000000],[0.124595,0.129421,0.000000,0.014466,0.731518,0.000000],[0.810056,0.123146,0.000000,0.013221,0.053577,0.000000],[0.796973,0.130281,0.000000,0.014024,0.058722,0.000000],[0.801162,0.128243,0.000000,0.013656,0.056939,0.000000],[0.795601,0.067919,0.083652,0.009226,0.043602,0.000000],[1.000000,0.000000,0.000000,0.000000,0.000000,0.000000],[0.817470,0.057742,0.079375,0.008523,0.036890,0.000000],[0.118977,0.071174,0.077291,0.009701,0.722857,0.000000],[0.860075,0.042812,0.055638,0.006859,0.034616,0.000000],[1.000000,0.000000,0.000000,0.000000,0.000000,0.000000]],
  [[1.000000,0.000000,0.000000,0.000000,0.000000,0.000000],[0.867153,0.036896,0.054255,0.006713,0.034983,0.000000],[0.849756,0.051038,0.056390,0.007332,0.035484,0.000000],[0.160314,0.097986,0.000000,0.012808,0.728891,0.000000],[0.837098,0.102017,0.000000,0.011707,0.049178,0.000000],[0.821204,0.115636,0.000000,0.012690,0.050470,0.000000],[0.125585,0.124395,0.000000,0.014338,0.735682,0.000000],[0.823357,0.112317,0.000000,0.012715,0.051610,0.000000],[0.821949,0.114863,0.000000,0.012560,0.050628,0.000000],[0.824068,0.111832,0.000000,0.012643,0.051456,0.000000],[0.820356,0.117603,0.000000,0.012433,0.049608,0.000000],[0.822036,0.114892,0.000000,0.012566,0.050507,0.000000],[0.123872,0.128356,0.000000,0.014271,0.733501,0.000000],[0.816573,0.117339,0.000000,0.012885,0.053204,0.000000],[0.148221,0.130568,0.000000,0.015401,0.705810,0.000000],[0.811111,0.115874,0.000000,0.013489,0.059526,0.000000],[0.811874,0.115502,0.000000,0.013413,0.059211,0.000000],[0.126264,0.124521,0.000000,0.014271,0.734944,0.000000],[0.823757,0.113755,0.000000,0.012378,0.050110,0.000000],[0.841308,0.097407,0.000000,0.011438,0.049847,0.000000],[0.144175,0.102686,0.000000,0.013092,0.740047,0.000000],[0.144026,0.102473,0.000000,0.013053,0.740448,0.000000],[0.827817,0.109460,0.000000,0.012271,0.050453,0.000000],[0.826968,0.109989,0.000000,0.012356,0.050687,0.000000],[0.823512,0.113899,0.000000,0.012406,0.050182,0.000000],[0.125892,0.124934,0.000000,0.014355,0.734819,0.000000],[0.124710,0.129075,0.000000,0.014413,0.731802,0.000000],[0.127268,0.126527,0.000000,0.014647,0.731558,0.000000],[0.808698,0.125759,0.000000,0.013045,0.052498,0.000000],[0.126103,0.130803,0.000000,0.014718,0.728375,0.000000],[0.808105,0.126104,0.000000,0.013102,0.052690,0.000000],[0.807780,0.121956,0.000000,0.013504,0.056759,0.000000],[0.128057,0.126912,0.000000,0.014800,0.730231,0.000000],[0.128912,0.130607,0.000000,0.015135,0.725345,0.000000],[0.096256,0.073029,0.090065,0.010276,0.730375,0.000000],[1.000000,0.000000,0.000000,0.000000,0.000000,0.000000],[0.092207,0.068845,0.090956,0.009755,0.738237,0.000000],[0.832917,0.061089,0.063514,0.007859,0.034620,0.000000],[0.861296,0.042233,0.055320,0.006782,0.034368,0.000000],[1.000000,0.000000,0.000000,0.000000,0.000000,0.000000]],
  [[1.000000,0.000000,0.000000,0.000000,0.000000,0.000000],[1.000000,0.000000,0.000000,0.000000,0.000000,0.000000],[0.842819,0.048675,0.065767,0.007452,0.035287,0.000000],[0.116996,0.063565,0.078535,0.009321,0.731583,0.000000],[0.823179,0.063985,0.068122,0.008257,0.036457,0.000000],[0.820377,0.116370,0.000000,0.012801,0.050451,0.000000],[0.814485,0.118603,0.000000,0.013132,0.053781,0.000000],[0.816469,0.115536,0.000000,0.013185,0.054810,0.000000],[0.814608,0.118339,0.000000,0.013078,0.053975,0.000000],[0.129136,0.122154,0.000000,0.014621,0.734089,0.000000],[0.816088,0.117590,0.000000,0.012939,0.053383,0.000000],[0.127630,0.121228,0.000000,0.014426,0.736716,0.000000],[0.821624,0.115136,0.000000,0.012602,0.050638,0.000000],[0.124685,0.128623,0.000000,0.014341,0.732351,0.000000],[0.817654,0.116643,0.000000,0.012776,0.052927,0.000000],[0.819788,0.113468,0.000000,0.012838,0.053906,0.000000],[0.820104,0.113333,0.000000,0.012795,0.053768,0.000000],[0.818829,0.115968,0.000000,0.012649,0.052555,0.000000],[0.125478,0.124008,0.000000,0.014196,0.736317,0.000000],[0.825377,0.110982,0.000000,0.012498,0.051143,0.000000],[0.826337,0.110381,0.000000,0.012407,0.050875,0.000000],[0.827114,0.109909,0.000000,0.012337,0.050639,0.000000],[0.827384,0.109732,0.000000,0.012315,0.050569,0.000000],[0.145479,0.099472,0.000000,0.013155,0.741894,0.000000],[0.841011,0.097585,0.000000,0.011477,0.049927,0.000000],[0.822000,0.114861,0.000000,0.012554,0.050584,0.000000],[0.813062,0.121309,0.000000,0.012902,0.052727,0.000000],[0.802966,0.122849,0.000000,0.013963,0.060222,0.000000],[0.796902,0.130122,0.000000,0.013971,0.059005,0.000000],[0.149850,0.138902,0.000000,0.016089,0.695159,0.000000],[0.808942,0.123634,0.000000,0.013310,0.054114,0.000000],[0.129353,0.122867,0.000000,0.014733,0.733047,0.000000],[0.803274,0.124574,0.000000,0.013694,0.058458,0.000000],[0.804636,0.124166,0.000000,0.013600,0.057598,0.000000],[0.785627,0.081899,0.076928,0.010182,0.045365,0.000000],[0.798958,0.070508,0.081774,0.009196,0.039564,0.000000],[1.000000,0.000000,0.000000,0.000000,0.000000,0.000000],[0.117611,0.061314,0.077444,0.009248,0.734383,0.000000],[0.850347,0.043816,0.063415,0.007270,0.035152,0.000000],[1.000000,0.000000,0.000000,0.000000,0.000000,0.000000]],
  [[1.000000,0.000000,0.000000,0.000000,0.000000,0.000000],[0.851422,0.039875,0.067016,0.007280,0.034407,0.000000],[1.000000,0.000000,0.000000,0.000000,0.000000,0.000000],[1.000000,0.000000,0.000000,0.000000,0.000000,0.000000],[0.091916,0.076337,0.092722,0.009904,0.729121,0.000000],[0.126916,0.130954,0.000000,0.015026,0.727104,0.000000],[0.814732,0.118864,0.000000,0.013130,0.053274,0.000000],[0.153017,0.130396,0.000000,0.016029,0.700557,0.000000],[0.800821,0.125822,0.000000,0.013901,0.059457,0.000000],[0.148788,0.137657,0.000000,0.015827,0.697728,0.000000],[0.810650,0.124506,0.000000,0.012858,0.051986,0.000000],[0.821374,0.115263,0.000000,0.012621,0.050742,0.000000],[0.822537,0.114523,0.000000,0.012514,0.050425,0.000000],[0.822977,0.114267,0.000000,0.012466,0.050290,0.000000],[0.125356,0.123944,0.000000,0.014187,0.736512,0.000000],[0.825703,0.110765,0.000000,0.012465,0.051067,0.000000],[0.827367,0.107946,0.000000,0.012574,0.052113,0.000000],[0.127761,0.120310,0.000000,0.014267,0.737663,0.000000],[0.819244,0.113857,0.000000,0.012866,0.054033,0.000000],[0.820708,0.111153,0.000000,0.013009,0.055131,0.000000],[0.821593,0.110595,0.000000,0.012935,0.054877,0.000000],[0.822930,0.109810,0.000000,0.012827,0.054433,0.000000],[0.826047,0.110536,0.000000,0.012444,0.050972,0.000000],[0.844407,0.092344,0.000000,0.011623,0.051626,0.000000],[0.842272,0.095225,0.000000,0.011596,0.050908,0.000000],[0.129271,0.116948,0.000000,0.014383,0.739397,0.000000],[0.816550,0.115456,0.000000,0.013152,0.054841,0.000000],[0.803949,0.120202,0.000000,0.014155,0.061694,0.000000],[0.526935,0.200873,0.000000,0.021567,0.250624,0.000000],[0.151178,0.139441,0.000000,0.016170,0.693211,0.000000],[0.808696,0.123578,0.000000,0.013316,0.054411,0.000000],[0.814629,0.116604,0.000000,0.013309,0.055458,0.000000],[0.805394,0.121267,0.000000,0.013756,0.059583,0.000000],[0.549002,0.171618,0.000000,0.020140,0.259240,0.000000],[0.810227,0.115249,0.000000,0.013951,0.060572,0.000000],[0.796359,0.073662,0.079327,0.009640,0.041013,0.000000],[0.805327,0.070142,0.079067,0.008776,0.036688,0.000000],[1.000000,0.000000,0.000000,0.000000,0.000000,0.000000],[0.836302,0.048089,0.073652,0.007594,0.034363,0.000000],[1.000000,0.000000,0.000000,0.000000,0.000000,0.000000]],
  [[1.000000,0.000000,0.000000,0.000000,0.000000,0.000000],[0.850728,0.037791,0.067617,0.007408,0.036456,0.000000],[1.000000,0.000000,0.000000,0.000000,0.000000,0.000000],[1.000000,0.000000,0.000000,0.000000,0.000000,0.000000],[0.819537,0.053284,0.081435,0.008256,0.037490,0.000000],[0.093710,0.074879,0.091386,0.010060,0.729964,0.000000],[0.791628,0.077132,0.082769,0.009280,0.039191,0.000000],[0.804047,0.122376,0.000000,0.013947,0.059630,0.000000],[0.527403,0.200543,0.000000,0.021497,0.250556,0.000000],[0.800652,0.125971,0.000000,0.013910,0.059467,0.000000],[0.126225,0.129998,0.000000,0.014584,0.729193,0.000000],[0.127547,0.120905,0.000000,0.014383,0.737165,0.000000],[0.843282,0.093040,0.000000,0.011740,0.051939,0.000000],[0.842460,0.095144,0.000000,0.011578,0.050819,0.000000],[0.144325,0.102864,0.000000,0.013138,0.739673,0.000000],[0.843622,0.094365,0.000000,0.011446,0.050567,0.000000],[0.829025,0.106896,0.000000,0.012418,0.051661,0.000000],[0.821076,0.112566,0.000000,0.012705,0.053654,0.000000],[0.807768,0.119685,0.000000,0.013496,0.059051,0.000000],[0.805493,0.121010,0.000000,0.013730,0.059767,0.000000],[0.805860,0.120936,0.000000,0.013704,0.059500,0.000000],[0.127081,0.125240,0.000000,0.014476,0.733203,0.000000],[0.823900,0.111917,0.000000,0.012659,0.051523,0.000000],[0.825060,0.111199,0.000000,0.012560,0.051180,0.000000],[0.824464,0.111571,0.000000,0.012608,0.051357,0.000000],[0.820373,0.115799,0.000000,0.012699,0.051129,0.000000],[0.813215,0.119262,0.000000,0.013173,0.054350,0.000000],[0.151623,0.134203,0.000000,0.015994,0.698180,0.000000],[0.793245,0.129230,0.000000,0.014353,0.063172,0.000000],[0.153093,0.134921,0.000000,0.016116,0.695870,0.000000],[0.809201,0.118791,0.000000,0.013611,0.058397,0.000000],[0.811131,0.117796,0.000000,0.013429,0.057644,0.000000],[0.149260,0.131305,0.000000,0.015552,0.703883,0.000000],[0.801547,0.122489,0.000000,0.013882,0.062082,0.000000],[0.806320,0.116065,0.000000,0.014035,0.063579,0.000000],[0.813808,0.115092,0.000000,0.013578,0.057522,0.000000],[0.097197,0.079976,0.088914,0.010672,0.723241,0.000000],[0.094111,0.065551,0.089681,0.009714,0.740943,0.000000],[1.000000,0.000000,0.000000,0.000000,0.000000,0.000000],[1.000000,0.000000,0.000000,0.000000,0.000000,0.000000]],
  [[1.000000,0.000000,0.000000,0.000000,0.000000,0.000000],[1.000000,0.000000,0.000000,0.000000,0.000000,0.000000],[1.000000,0.000000,0.000000,0.000000,0.000000,0.000000],[1.000000,0.000000,0.000000,0.000000,0.000000,0.000000],[1.000000,0.000000,0.000000,0.000000,0.000000,0.000000],[1.000000,0.000000,0.000000,0.000000,0.000000,0.000000],[0.801432,0.068642,0.081494,0.009040,0.039392,0.000000],[0.153213,0.132746,0.000000,0.016292,0.697749,0.000000],[0.804010,0.122161,0.000000,0.013930,0.059899,0.000000],[0.150643,0.132773,0.000000,0.015776,0.700808,0.000000],[0.815435,0.117894,0.000000,0.012967,0.053704,0.000000],[0.821914,0.114826,0.000000,0.012543,0.050716,0.000000],[0.823348,0.113958,0.000000,0.012419,0.050275,0.000000],[0.824420,0.113296,0.000000,0.012316,0.049968,0.000000],[0.827659,0.109547,0.000000,0.012287,0.050507,0.000000],[0.830500,0.105998,0.000000,0.012284,0.051218,0.000000],[0.832025,0.103291,0.000000,0.012399,0.052286,0.000000],[0.823467,0.109294,0.000000,0.012750,0.054490,0.000000],[0.152385,0.128248,0.000000,0.015661,0.703706,0.000000],[0.534920,0.190603,0.000000,0.021004,0.253473,0.000000],[0.147552,0.142590,0.000000,0.015956,0.693901,0.000000],[0.807757,0.126234,0.000000,0.013154,0.052854,0.000000],[0.126413,0.125748,0.000000,0.014560,0.733280,0.000000],[0.819528,0.116365,0.000000,0.012796,0.051312,0.000000],[0.128511,0.121970,0.000000,0.014598,0.734921,0.000000],[0.810878,0.122554,0.000000,0.013128,0.053440,0.000000],[0.127968,0.131486,0.000000,0.014896,0.725650,0.000000],[0.803147,0.126141,0.000000,0.013615,0.057097,0.000000],[0.801386,0.124349,0.000000,0.013845,0.060420,0.000000],[0.802359,0.119946,0.000000,0.014051,0.063644,0.000000],[0.803252,0.119412,0.000000,0.013971,0.063365,0.000000],[0.802707,0.121783,0.000000,0.013760,0.061750,0.000000],[0.130237,0.122507,0.000000,0.014625,0.732631,0.000000],[0.812765,0.116740,0.000000,0.013269,0.057226,0.000000],[0.806147,0.115917,0.000000,0.014012,0.063924,0.000000],[0.801714,0.122712,0.000000,0.013922,0.061652,0.000000],[0.806085,0.123563,0.000000,0.013507,0.056845,0.000000],[0.806901,0.066745,0.080570,0.008495,0.037289,0.000000],[1.000000,0.000000,0.000000,0.000000,0.000000,0.000000],[1.000000,0.000000,0.000000,0.000000,0.000000,0.000000]],
  [[1.000000,0.000000,0.000000,0.000000,0.000000,0.000000],[1.000000,0.000000,0.000000,0.000000,0.000000,0.000000],[0.413194,0.071838,0.306595,0.017673,0.190699,0.000000],[1.000000,0.000000,0.000000,0.000000,0.000000,0.000000],[0.093610,0.048236,0.081464,0.009057,0.767634,0.000000],[1.000000,0.000000,0.000000,0.000000,0.000000,0.000000],[0.812465,0.059540,0.080232,0.008700,0.039063,0.000000],[0.801494,0.070396,0.078717,0.009249,0.040144,0.000000],[0.817978,0.114908,0.000000,0.013114,0.054001,0.000000],[0.820707,0.111178,0.000000,0.013057,0.055057,0.000000],[0.816510,0.112624,0.000000,0.013242,0.057625,0.000000],[0.821627,0.110639,0.000000,0.012934,0.054800,0.000000],[0.128343,0.121153,0.000000,0.014382,0.736122,0.000000],[0.127860,0.120441,0.000000,0.014269,0.737431,0.000000],[0.825397,0.108301,0.000000,0.012587,0.053714,0.000000],[0.832788,0.102840,0.000000,0.012333,0.052039,0.000000],[0.832439,0.103022,0.000000,0.012357,0.052181,0.000000],[0.823968,0.108945,0.000000,0.012704,0.054383,0.000000],[0.809029,0.117003,0.000000,0.013660,0.060307,0.000000],[0.797981,0.129291,0.000000,0.013873,0.058855,0.000000],[0.147940,0.143511,0.000000,0.016150,0.692399,0.000000],[0.124740,0.139737,0.000000,0.014991,0.720531,0.000000],[0.807409,0.122928,0.000000,0.013738,0.055925,0.000000],[0.804794,0.127956,0.000000,0.013415,0.053835,0.000000],[0.129405,0.128396,0.000000,0.015028,0.727170,0.000000],[0.789367,0.135614,0.000000,0.014153,0.060866,0.000000],[0.149512,0.138516,0.000000,0.016018,0.695954,0.000000],[0.148694,0.136999,0.000000,0.015792,0.698516,0.000000],[0.812728,0.114920,0.000000,0.013543,0.058810,0.000000],[0.811675,0.113626,0.000000,0.013664,0.061035,0.000000],[0.556788,0.161012,0.000000,0.019421,0.262779,0.000000],[0.808653,0.119272,0.000000,0.013401,0.058675,0.000000],[0.818493,0.114291,0.000000,0.012922,0.054295,0.000000],[0.818239,0.114393,0.000000,0.012939,0.054429,0.000000],[0.811322,0.113895,0.000000,0.013729,0.061054,0.000000],[0.549272,0.170825,0.000000,0.020056,0.259846,0.000000],[0.149328,0.133516,0.000000,0.015779,0.701376,0.000000],[0.804980,0.068693,0.078946,0.008814,0.038567,0.000000],[0.831499,0.050883,0.074251,0.007860,0.035508,0.000000],[1.000000,0.000000,0.000000,0.000000,0.000000,0.000000]],
  [[1.000000,0.000000,0.000000,0.000000,0.000000,0.000000],[0.812459,0.061268,0.074822,0.008568,0.042882,0.000000],[0.791688,0.079197,0.072124,0.010165,0.046826,0.000000],[0.786470,0.082696,0.073843,0.010316,0.046676,0.000000],[1.000000,0.000000,0.000000,0.000000,0.000000,0.000000],[0.825725,0.053759,0.076900,0.008036,0.035580,0.000000],[1.000000,0.000000,0.000000,0.000000,0.000000,0.000000],[0.813298,0.063838,0.076764,0.008702,0.037399,0.000000],[0.808827,0.066074,0.076594,0.009207,0.039299,0.000000],[0.827975,0.106150,0.000000,0.012863,0.053012,0.000000],[0.821513,0.110573,0.000000,0.012979,0.054935,0.000000],[0.809089,0.118955,0.000000,0.013400,0.058557,0.000000],[0.807076,0.122072,0.000000,0.013285,0.057568,0.000000],[0.810818,0.117977,0.000000,0.013215,0.057989,0.000000],[0.824444,0.108832,0.000000,0.012657,0.054067,0.000000],[0.829880,0.106353,0.000000,0.012330,0.051437,0.000000],[0.829742,0.106444,0.000000,0.012346,0.051468,0.000000],[0.823960,0.109086,0.000000,0.012704,0.054250,0.000000],[0.822123,0.108444,0.000000,0.013148,0.056285,0.000000],[0.806782,0.122165,0.000000,0.013592,0.057461,0.000000],[0.127190,0.136804,0.000000,0.015156,0.720850,0.000000],[0.786829,0.138976,0.000000,0.014384,0.059811,0.000000],[0.153112,0.142745,0.000000,0.016809,0.687335,0.000000],[0.783200,0.137320,0.000000,0.015037,0.064443,0.000000],[0.153076,0.142408,0.000000,0.016707,0.687809,0.000000],[0.788234,0.134280,0.000000,0.014566,0.062920,0.000000],[0.540686,0.181701,0.000000,0.020773,0.256839,0.000000],[0.804708,0.121447,0.000000,0.013796,0.060050,0.000000],[0.813090,0.116530,0.000000,0.013233,0.057146,0.000000],[0.812460,0.115047,0.000000,0.013332,0.059161,0.000000],[0.813065,0.114726,0.000000,0.013283,0.058925,0.000000],[0.813403,0.114567,0.000000,0.013271,0.058759,0.000000],[0.128283,0.120852,0.000000,0.014343,0.736522,0.000000],[0.819229,0.113890,0.000000,0.012877,0.054004,0.000000],[0.808754,0.119290,0.000000,0.013428,0.058528,0.000000],[0.807424,0.120055,0.000000,0.013577,0.058943,0.000000],[0.806716,0.122556,0.000000,0.013398,0.057330,0.000000],[0.128690,0.123846,0.000000,0.014556,0.732908,0.000000],[0.827740,0.053846,0.074780,0.007958,0.035675,0.000000],[1.000000,0.000000,0.000000,0.000000,0.000000,0.000000]],
  [[1.000000,0.000000,0.000000,0.000000,0.000000,0.000000],[0.822325,0.053733,0.077085,0.008279,0.038578,0.000000],[0.828153,0.105616,0.000000,0.012648,0.053583,0.000000],[0.800132,0.069655,0.079146,0.009501,0.041566,0.000000],[0.803810,0.065833,0.080046,0.009268,0.041042,0.000000],[1.000000,0.000000,0.000000,0.000000,0.000000,0.000000],[0.092953,0.059507,0.088152,0.009451,0.749937,0.000000],[1.000000,0.000000,0.000000,0.000000,0.000000,0.000000],[0.830203,0.058560,0.065204,0.008316,0.037718,0.000000],[0.828237,0.108094,0.000000,0.012617,0.051053,0.000000],[0.819837,0.113652,0.000000,0.012899,0.053612,0.000000],[0.148802,0.131114,0.000000,0.015489,0.704595,0.000000],[0.550210,0.170332,0.000000,0.019879,0.259578,0.000000],[0.813862,0.112341,0.000000,0.013472,0.060326,0.000000],[0.823057,0.109648,0.000000,0.012767,0.054529,0.000000],[0.826102,0.110427,0.000000,0.012402,0.051069,0.000000],[0.127029,0.119662,0.000000,0.014142,0.739166,0.000000],[0.825343,0.110971,0.000000,0.012499,0.051187,0.000000],[0.824835,0.109548,0.000000,0.012822,0.052796,0.000000],[0.812596,0.119649,0.000000,0.013245,0.054509,0.000000],[0.150245,0.139378,0.000000,0.016231,0.694146,0.000000],[0.150415,0.150739,0.000000,0.016769,0.682076,0.000000],[0.765019,0.146946,0.000000,0.016239,0.071797,0.000000],[0.509200,0.221410,0.000000,0.023100,0.246290,0.000000],[0.150793,0.151825,0.000000,0.016914,0.680468,0.000000],[0.787130,0.134856,0.000000,0.014673,0.063341,0.000000],[0.804196,0.120080,0.000000,0.014113,0.061611,0.000000],[0.810723,0.114218,0.000000,0.013780,0.061280,0.000000],[0.817063,0.112413,0.000000,0.013150,0.057374,0.000000],[0.130029,0.116858,0.000000,0.014331,0.738782,0.000000],[0.823842,0.109238,0.000000,0.012718,0.054202,0.000000],[0.823794,0.109306,0.000000,0.012737,0.054163,0.000000],[0.821112,0.112772,0.000000,0.012725,0.053392,0.000000],[0.126174,0.124712,0.000000,0.014344,0.734770,0.000000],[0.816625,0.117388,0.000000,0.012869,0.053117,0.000000],[0.128790,0.122012,0.000000,0.014549,0.734648,0.000000],[0.816948,0.117194,0.000000,0.012862,0.052996,0.000000],[0.826283,0.110030,0.000000,0.012281,0.051406,0.000000],[0.826091,0.054354,0.076333,0.007931,0.035291,0.000000],[1.000000,0.000000,0.000000,0.000000,0.000000,0.000000]],
  [[1.000000,0.000000,0.000000,0.000000,0.000000,0.000000],[0.829224,0.051776,0.074182,0.008121,0.036696,0.000000],[0.828003,0.107124,0.000000,0.012407,0.052466,0.000000],[0.818672,0.112797,0.000000,0.013321,0.055210,0.000000],[0.793440,0.076821,0.079243,0.009744,0.040752,0.000000],[0.796262,0.073617,0.081951,0.009132,0.039038,0.000000],[1.000000,0.000000,0.000000,0.000000,0.000000,0.000000],[0.091509,0.061691,0.089797,0.009414,0.747590,0.000000],[0.818722,0.058176,0.077442,0.008514,0.037146,0.000000],[0.809166,0.067833,0.076085,0.008962,0.037954,0.000000],[0.126891,0.127309,0.000000,0.014641,0.731159,0.000000],[0.807370,0.122168,0.000000,0.013335,0.057127,0.000000],[0.808591,0.119240,0.000000,0.013438,0.058730,0.000000],[0.809618,0.113771,0.000000,0.013659,0.062952,0.000000],[0.818063,0.111747,0.000000,0.013036,0.057153,0.000000],[0.128601,0.121035,0.000000,0.014337,0.736027,0.000000],[0.818202,0.116344,0.000000,0.012700,0.052754,0.000000],[0.817649,0.116745,0.000000,0.012775,0.052832,0.000000],[0.125945,0.124890,0.000000,0.014385,0.734780,0.000000],[0.813138,0.119407,0.000000,0.013201,0.054254,0.000000],[0.797422,0.127866,0.000000,0.014215,0.060497,0.000000],[0.524685,0.200955,0.000000,0.021977,0.252383,0.000000],[0.177046,0.165441,0.000000,0.018433,0.639081,0.000000],[0.150518,0.162420,0.000000,0.017307,0.669755,0.000000],[0.149246,0.155805,0.000000,0.016900,0.678049,0.000000],[0.129637,0.133200,0.000000,0.015262,0.721902,0.000000],[0.809705,0.118748,0.000000,0.013563,0.057984,0.000000],[0.818434,0.114354,0.000000,0.012941,0.054272,0.000000],[0.818931,0.115818,0.000000,0.012622,0.052628,0.000000],[0.826019,0.110517,0.000000,0.012424,0.051040,0.000000],[0.826769,0.110048,0.000000,0.012361,0.050822,0.000000],[0.828394,0.107379,0.000000,0.012494,0.051734,0.000000],[0.823134,0.114124,0.000000,0.012440,0.050302,0.000000],[0.821747,0.115069,0.000000,0.012586,0.050598,0.000000],[0.122012,0.132165,0.000000,0.014225,0.731598,0.000000],[0.821616,0.115164,0.000000,0.012604,0.050616,0.000000],[0.822502,0.114567,0.000000,0.012528,0.050403,0.000000],[0.128821,0.117898,0.000000,0.014273,0.739008,0.000000],[0.828695,0.052696,0.074885,0.007961,0.035763,0.000000],[1.000000,0.000000,0.000000,0.000000,0.000000,0.000000]],
  [[1.000000,0.000000,0.000000,0.000000,0.000000,0.000000],[0.829554,0.051708,0.074044,0.008088,0.036607,0.000000],[0.826821,0.107696,0.000000,0.012493,0.052990,0.000000],[0.152324,0.129073,0.000000,0.015901,0.702702,0.000000],[0.791379,0.130897,0.000000,0.014699,0.063025,0.000000],[0.124086,0.111698,0.069285,0.013876,0.681055,0.000000],[0.094502,0.089141,0.090631,0.010900,0.714826,0.000000],[1.000000,0.000000,0.000000,0.000000,0.000000,0.000000],[1.000000,0.000000,0.000000,0.000000,0.000000,0.000000],[0.816247,0.059437,0.078086,0.008648,0.037581,0.000000],[0.800385,0.070868,0.080351,0.009122,0.039274,0.000000],[0.128532,0.123281,0.000000,0.014684,0.733503,0.000000],[0.820340,0.111426,0.000000,0.013076,0.055158,0.000000],[0.819038,0.109320,0.000000,0.013236,0.058406,0.000000],[0.807331,0.117059,0.000000,0.013583,0.062026,0.000000],[0.811344,0.115778,0.000000,0.013432,0.059446,0.000000],[0.809060,0.119137,0.000000,0.013398,0.058405,0.000000],[0.126792,0.125616,0.000000,0.014475,0.733117,0.000000],[0.815820,0.122187,0.000000,0.012563,0.049430,0.000000],[0.125135,0.129649,0.000000,0.014499,0.730716,0.000000],[0.803087,0.122717,0.000000,0.013940,0.060256,0.000000],[0.792977,0.127295,0.000000,0.014693,0.065035,0.000000],[0.152028,0.145566,0.000000,0.016685,0.685722,0.000000],[0.148624,0.154026,0.000000,0.016716,0.680634,0.000000],[0.148018,0.148627,0.000000,0.016426,0.686929,0.000000],[0.793612,0.129082,0.000000,0.014358,0.062948,0.000000],[0.815840,0.115951,0.000000,0.013198,0.055011,0.000000],[0.127820,0.120941,0.000000,0.014357,0.736882,0.000000],[0.127090,0.120026,0.000000,0.014207,0.738677,0.000000],[0.828660,0.107245,0.000000,0.012479,0.051617,0.000000],[0.843238,0.094625,0.000000,0.011492,0.050645,0.000000],[0.144349,0.102902,0.000000,0.013156,0.739593,0.000000],[0.840327,0.098021,0.000000,0.011547,0.050105,0.000000],[0.143790,0.107136,0.000000,0.013301,0.735774,0.000000],[0.837355,0.101464,0.000000,0.011607,0.049574,0.000000],[0.142489,0.110395,0.000000,0.013242,0.733874,0.000000],[0.840384,0.097999,0.000000,0.011556,0.050061,0.000000],[0.848466,0.091909,0.000000,0.011016,0.048609,0.000000],[0.847846,0.044885,0.064250,0.007371,0.035649,0.000000],[1.000000,0.000000,0.000000,0.000000,0.000000,0.000000]],
  [[1.000000,0.000000,0.000000,0.000000,0.000000,0.000000],[0.827163,0.053269,0.075449,0.008033,0.036086,0.000000],[0.823236,0.111660,0.000000,0.012537,0.052567,0.000000],[0.800060,0.124395,0.000000,0.014239,0.061306,0.000000],[0.525091,0.200999,0.000000,0.021997,0.251914,0.000000],[0.177405,0.163040,0.000000,0.018612,0.640943,0.000000],[0.741230,0.113379,0.079233,0.012827,0.053330,0.000000],[0.113258,0.080431,0.094527,0.010955,0.700829,0.000000],[1.000000,0.000000,0.000000,0.000000,0.000000,0.000000],[1.000000,0.000000,0.000000,0.000000,0.000000,0.000000],[0.807850,0.067756,0.079302,0.008663,0.036430,0.000000],[0.819879,0.118665,0.000000,0.012587,0.048869,0.000000],[0.821598,0.115282,0.000000,0.012635,0.050485,0.000000],[0.821539,0.110635,0.000000,0.012951,0.054876,0.000000],[0.813729,0.112395,0.000000,0.013497,0.060379,0.000000],[0.550484,0.170002,0.000000,0.019822,0.259691,0.000000],[0.808197,0.119574,0.000000,0.013482,0.058746,0.000000],[0.815864,0.117774,0.000000,0.012945,0.053416,0.000000],[0.123997,0.128547,0.000000,0.014309,0.733147,0.000000],[0.126093,0.124743,0.000000,0.014375,0.734788,0.000000],[0.817439,0.114950,0.000000,0.013046,0.054565,0.000000],[0.817253,0.113064,0.000000,0.013343,0.056341,0.000000],[0.807668,0.119670,0.000000,0.013772,0.058890,0.000000],[0.793196,0.129187,0.000000,0.014389,0.063228,0.000000],[0.540902,0.181423,0.000000,0.020759,0.256916,0.000000],[0.804443,0.121777,0.000000,0.013827,0.059954,0.000000],[0.817551,0.114936,0.000000,0.013032,0.054481,0.000000],[0.820638,0.117386,0.000000,0.012385,0.049591,0.000000],[0.840644,0.097805,0.000000,0.011512,0.050039,0.000000],[0.842311,0.095205,0.000000,0.011592,0.050891,0.000000],[0.842238,0.095248,0.000000,0.011599,0.050915,0.000000],[0.127029,0.120070,0.000000,0.014239,0.738662,0.000000],[0.822282,0.114690,0.000000,0.012527,0.050501,0.000000],[0.823717,0.112081,0.000000,0.012675,0.051526,0.000000],[0.125706,0.124502,0.000000,0.014298,0.735495,0.000000],[0.822685,0.114436,0.000000,0.012482,0.050397,0.000000],[0.126796,0.119339,0.000000,0.014139,0.739727,0.000000],[0.835328,0.103462,0.000000,0.011861,0.049348,0.000000],[0.849551,0.043654,0.063133,0.007428,0.036234,0.000000],[1.000000,0.000000,0.000000,0.000000,0.000000,0.000000]],
  [[1.000000,0.000000,0.000000,0.000000,0.000000,0.000000],[0.825477,0.054231,0.075876,0.008105,0.036311,0.000000],[0.129705,0.123998,0.000000,0.014700,0.731597,0.000000],[0.793021,0.127588,0.000000,0.014659,0.064733,0.000000],[0.778935,0.136470,0.000000,0.015486,0.069109,0.000000],[0.183098,0.153226,0.000000,0.018588,0.645087,0.000000],[0.523296,0.202975,0.000000,0.022314,0.251415,0.000000],[0.767387,0.094768,0.076861,0.011663,0.049321,0.000000],[0.803996,0.065176,0.082507,0.008974,0.039348,0.000000],[1.000000,0.000000,0.000000,0.000000,0.000000,0.000000],[0.115961,0.056459,0.077019,0.009059,0.741502,0.000000],[0.118812,0.068365,0.078028,0.009620,0.725175,0.000000],[0.127829,0.124154,0.000000,0.014748,0.733269,0.000000],[0.824175,0.109408,0.000000,0.012759,0.053658,0.000000],[0.815681,0.111456,0.000000,0.013363,0.059500,0.000000],[0.809221,0.118881,0.000000,0.013390,0.058509,0.000000],[0.148240,0.130625,0.000000,0.015410,0.705725,0.000000],[0.816715,0.117219,0.000000,0.012865,0.053200,0.000000],[0.824085,0.111815,0.000000,0.012636,0.051465,0.000000],[0.825197,0.111112,0.000000,0.012535,0.051156,0.000000],[0.825478,0.110877,0.000000,0.012489,0.051156,0.000000],[0.826524,0.108442,0.000000,0.012645,0.052390,0.000000],[0.820973,0.110936,0.000000,0.012967,0.055124,0.000000],[0.809910,0.116587,0.000000,0.013565,0.059939,0.000000],[0.809546,0.116864,0.000000,0.013600,0.059991,0.000000],[0.808956,0.119088,0.000000,0.013382,0.058575,0.000000],[0.129879,0.117005,0.000000,0.014376,0.738740,0.000000],[0.825055,0.111174,0.000000,0.012529,0.051242,0.000000],[0.127198,0.120306,0.000000,0.014284,0.738212,0.000000],[0.823227,0.112356,0.000000,0.012722,0.051695,0.000000],[0.820540,0.115742,0.000000,0.012699,0.051019,0.000000],[0.821749,0.113276,0.000000,0.012857,0.052118,0.000000],[0.815293,0.118040,0.000000,0.013000,0.053667,0.000000],[0.817148,0.115094,0.000000,0.013092,0.054666,0.000000],[0.818378,0.114323,0.000000,0.012973,0.054326,0.000000],[0.819839,0.113505,0.000000,0.012815,0.053841,0.000000],[0.823825,0.109254,0.000000,0.012745,0.054175,0.000000],[0.835049,0.103581,0.000000,0.011874,0.049496,0.000000],[0.849626,0.043572,0.063135,0.007425,0.036242,0.000000],[1.000000,0.000000,0.000000,0.000000,0.000000,0.000000]],
