[
  [[1.000000,0.000000,0.000000,0.000000,0.000000,0.000000],[1.000000,0.000000,0.000000,0.000000,0.000000,0.000000],[1.000000,0.000000,0.000000,0.000000,0.000000,0.000000],[1.000000,0.000000,0.000000,0.000000,0.000000,0.000000],[1.000000,0.000000,0.000000,0.000000,0.000000,0.000000],[1.000000,0.000000,0.000000,0.000000,0.000000,0.000000],[1.000000,0.000000,0.000000,0.000000,0.000000,0.000000],[1.000000,0.000000,0.000000,0.000000,0.000000,0.000000],[1.000000,0.000000,0.000000,0.000000,0.000000,0.000000],[1.000000,0.000000,0.000000,0.000000,0.000000,0.000000],[1.000000,0.000000,0.000000,0.000000,0.000000,0.000000],[1.000000,0.000000,0.000000,0.000000,0.000000,0.000000],[1.000000,0.000000,0.000000,0.000000,0.000000,0.000000],[1.000000,0.000000,0.000000,0.000000,0.000000,0.000000],[1.000000,0.000000,0.000000,0.000000,0.000000,0.000000],[1.000000,0.000000,0.000000,0.000000,0.000000,0.000000],[1.000000,0.000000,0.000000,0.000000,0.000000,0.000000],[1.000000,0.000000,0.000000,0.000000,0.000000,0.000000],[1.000000,0.000000,0.000000,0.000000,0.000000,0.000000],[1.000000,0.000000,0.000000,0.000000,0.000000,0.000000],[1.000000,0.000000,0.000000,0.000000,0.000000,0.000000],[1.000000,0.000000,0.000000,0.000000,0.000000,0.000000],[1.000000,0.000000,0.000000,0.000000,0.000000,0.000000],[1.000000,0.000000,0.000000,0.000000,0.000000,0.000000],[1.000000,0.000000,0.000000,0.000000,0.000000,0.000000],[1.000000,0.000000,0.000000,0.000000,0.000000,0.000000],[1.000000,0.000000,0.000000,0.000000,0.000000,0.000000],[1.000000,0.000000,0.000000,0.000000,0.000000,0.000000],[1.000000,0.000000,0.000000,0.000000,0.000000,0.000000],[1.000000,0.000000,0.000000,0.000000,0.000000,0.000000],[1.000000,0.000000,0.000000,0.000000,0.000000,0.000000],[1.000000,0.000000,0.000000,0.000000,0.000000,0.000000],[1.000000,0.000000,0.000000,0.000000,0.000000,0.000000],[1.000000,0.000000,0.000000,0.000000,0.000000,0.000000],[1.000000,0.000000,0.000000,0.000000,0.000000,0.000000],[1.000000,0.000000,0.000000,0.000000,0.000000,0.000000],[1.000000,0.000000,0.000000,0.000000,0.000000,0.000000],[1.000000,0.000000,0.000000,0.000000,0.000000,0.000000],[1.000000,0.000000,0.000000,0.000000,0.000000,0.000000],[1.000000,0.000000,0.000000,0.000000,0.000000,0.000000]],
  [[1.000000,0.000000,0.000000,0.000000,0.000000,0.000000],[0.113397,0.043894,0.072068,0.008419,0.762222,0.000000],[0.848561,0.045896,0.064194,0.007101,0.034248,0.000000],[0.116501,0.051442,0.075501,0.008901,0.747654,0.000000],[0.824900,0.055338,0.076498,0.007947,0.035317,0.000000],[0.095947,0.061048,0.088210,0.009666,0.745130,0.000000],[0.808221,0.060717,0.080344,0.008617,0.042102,0.000000],[0.807410,0.061719,0.079811,0.008668,0.042392,0.000000],[0.113264,0.068261,0.096030,0.010331,0.712114,0.000000],[0.817807,0.057086,0.079629,0.008178,0.037300,0.000000],[0.095452,0.060014,0.087871,0.009586,0.747079,0.000000],[0.827675,0.053173,0.075227,0.007998,0.035927,0.000000],[0.823219,0.053071,0.076931,0.008286,0.038493,0.000000],[0.808771,0.060447,0.080079,0.008599,0.042103,0.000000],[0.112570,0.071235,0.097523,0.010343,0.708329,0.000000],[0.805509,0.063355,0.080853,0.008607,0.041676,0.000000],[0.817507,0.057095,0.079769,0.008213,0.037416,0.000000],[0.095432,0.059926,0.087834,0.009584,0.747224,0.000000],[0.846851,0.045494,0.064485,0.007412,0.035757,0.000000],[0.848930,0.043946,0.063314,0.007465,0.036344,0.000000],[0.849042,0.043895,0.063280,0.007459,0.036323,0.000000],[0.847160,0.045382,0.064377,0.007395,0.035686,0.000000],[0.134599,0.044005,0.064915,0.008305,0.748176,0.000000],[0.876140,0.033833,0.047763,0.006526,0.035738,0.000000],[0.888439,0.028379,0.040493,0.006248,0.036442,0.000000],[0.875709,0.034040,0.047869,0.006554,0.035827,0.000000],[0.134462,0.046248,0.066327,0.008306,0.744656,0.000000],[0.114027,0.058068,0.079938,0.008813,0.739154,0.000000],[0.089739,0.070667,0.094411,0.009470,0.735713,0.000000],[0.090617,0.071674,0.094655,0.009571,0.733483,0.000000],[0.801471,0.066855,0.081865,0.008644,0.041165,0.000000],[0.804128,0.064294,0.080790,0.008700,0.042088,0.000000],[0.807731,0.060941,0.080266,0.008661,0.042401,0.000000],[0.819690,0.055275,0.078611,0.008282,0.038143,0.000000],[0.825697,0.054205,0.075787,0.008077,0.036234,0.000000],[0.095523,0.060156,0.087954,0.009596,0.746771,0.000000],[0.824798,0.055308,0.076552,0.007971,0.035371,0.000000],[0.829196,0.053956,0.074780,0.007683,0.034386,0.000000],[0.858080,0.039512,0.061949,0.006820,0.033638,0.000000],[1.000000,0.000000,0.000000,0.000000,0.000000,0.000000]],
  [[1.000000,0.000000,0.000000,0.000000,0.000000,0.000000],[0.850295,0.044443,0.063194,0.007171,0.034897,0.000000],[0.834213,0.107912,0.000000,0.011412,0.046463,0.000000],[0.828389,0.111273,0.000000,0.011978,0.048360,0.000000],[0.824693,0.115320,0.000000,0.012014,0.047973,0.000000],[0.822368,0.112448,0.000000,0.012596,0.052587,0.000000],[0.810675,0.118533,0.000000,0.013255,0.057537,0.000000],[0.543407,0.181846,0.000000,0.020363,0.254384,0.000000],[0.810798,0.118378,0.000000,0.013257,0.057567,0.000000],[0.820426,0.115376,0.000000,0.012495,0.051703,0.000000],[0.829102,0.109089,0.000000,0.012154,0.049655,0.000000],[0.830018,0.108487,0.000000,0.012063,0.049431,0.000000],[0.828804,0.104844,0.000000,0.012537,0.053814,0.000000],[0.814472,0.114357,0.000000,0.013182,0.057989,0.000000],[0.543515,0.181965,0.000000,0.020370,0.254151,0.000000],[0.151101,0.135983,0.000000,0.015963,0.696953,0.000000],[0.821067,0.113219,0.000000,0.012741,0.052973,0.000000],[0.827847,0.109915,0.000000,0.012285,0.049952,0.000000],[0.829788,0.108684,0.000000,0.012111,0.049417,0.000000],[0.833311,0.104721,0.000000,0.012065,0.049903,0.000000],[0.834008,0.104318,0.000000,0.012001,0.049672,0.000000],[0.847326,0.092676,0.000000,0.011131,0.048866,0.000000],[0.859196,0.082254,0.000000,0.010393,0.048157,0.000000],[0.871250,0.070827,0.000000,0.009785,0.048138,0.000000],[0.882410,0.059256,0.000000,0.009318,0.049015,0.000000],[0.871186,0.070841,0.000000,0.009788,0.048184,0.000000],[0.858333,0.082864,0.000000,0.010492,0.048311,0.000000],[0.839153,0.102575,0.000000,0.011240,0.047031,0.000000],[0.120905,0.141080,0.000000,0.014627,0.723388,0.000000],[0.122821,0.142436,0.000000,0.014873,0.719870,0.000000],[0.146414,0.144857,0.000000,0.015975,0.692755,0.000000],[0.543214,0.182027,0.000000,0.020466,0.254293,0.000000],[0.152843,0.130738,0.000000,0.015838,0.700581,0.000000],[0.818306,0.113743,0.000000,0.012800,0.055151,0.000000],[0.823700,0.111517,0.000000,0.012474,0.052309,0.000000],[0.822994,0.113737,0.000000,0.012288,0.050982,0.000000],[0.823396,0.113664,0.000000,0.012272,0.050667,0.000000],[0.125084,0.127358,0.000000,0.014233,0.733325,0.000000],[0.115541,0.053306,0.077048,0.008795,0.745310,0.000000],[1.000000,0.000000,0.000000,0.000000,0.000000,0.000000]],
  [[1.000000,0.000000,0.000000,0.000000,0.000000,0.000000],[0.829426,0.051772,0.074081,0.008099,0.036621,0.000000],[0.831944,0.105532,0.000000,0.012174,0.050350,0.000000],[0.127920,0.120434,0.000000,0.014387,0.737258,0.000000],[0.129292,0.122251,0.000000,0.014618,0.733839,0.000000],[0.808885,0.119177,0.000000,0.013656,0.058281,0.000000],[0.797169,0.125036,0.000000,0.014300,0.063495,0.000000],[0.151420,0.133209,0.000000,0.015914,0.699457,0.000000],[0.801400,0.120659,0.000000,0.014194,0.063746,0.000000],[0.813658,0.114505,0.000000,0.013488,0.058350,0.000000],[0.129232,0.121531,0.000000,0.014523,0.734714,0.000000],[0.816786,0.117065,0.000000,0.012849,0.053301,0.000000],[0.813644,0.116230,0.000000,0.013219,0.056907,0.000000],[0.808928,0.117154,0.000000,0.013673,0.060245,0.000000],[0.804634,0.121597,0.000000,0.013806,0.059962,0.000000],[0.795582,0.127899,0.000000,0.014167,0.062353,0.000000],[0.803328,0.126043,0.000000,0.013649,0.056980,0.000000],[0.811301,0.120376,0.000000,0.013394,0.054929,0.000000],[0.127231,0.125524,0.000000,0.014598,0.732647,0.000000],[0.815698,0.117946,0.000000,0.012988,0.053368,0.000000],[0.821694,0.115076,0.000000,0.012619,0.050611,0.000000],[0.144622,0.103238,0.000000,0.013292,0.738848,0.000000],[0.853214,0.085315,0.000000,0.010994,0.050476,0.000000],[0.172979,0.081980,0.000000,0.011739,0.733303,0.000000],[0.172756,0.081789,0.000000,0.011708,0.733747,0.000000],[0.866446,0.073015,0.000000,0.010262,0.050277,0.000000],[0.160398,0.085840,0.000000,0.012423,0.741340,0.000000],[0.839863,0.096763,0.000000,0.011885,0.051489,0.000000],[0.818714,0.117055,0.000000,0.012944,0.051287,0.000000],[0.125915,0.130614,0.000000,0.014773,0.728698,0.000000],[0.800881,0.126045,0.000000,0.013961,0.059113,0.000000],[0.803065,0.122603,0.000000,0.014008,0.060324,0.000000],[0.801833,0.120395,0.000000,0.014150,0.063622,0.000000],[0.800726,0.122867,0.000000,0.013967,0.062440,0.000000],[0.151338,0.127374,0.000000,0.015594,0.705694,0.000000],[0.808078,0.119641,0.000000,0.013524,0.058757,0.000000],[0.128277,0.121194,0.000000,0.014487,0.736042,0.000000],[0.827055,0.112210,0.000000,0.012119,0.048617,0.000000],[0.843723,0.047761,0.065794,0.007418,0.035304,0.000000],[1.000000,0.000000,0.000000,0.000000,0.000000,0.000000]],
  [[1.000000,0.000000,0.000000,0.000000,0.000000,0.000000],[0.822221,0.054043,0.077851,0.008176,0.037709,0.000000],[0.824369,0.110991,0.000000,0.012419,0.052222,0.000000],[0.807058,0.123755,0.000000,0.013270,0.055917,0.000000],[0.796873,0.127139,0.000000,0.013998,0.061990,0.000000],[0.790089,0.130059,0.000000,0.014411,0.065441,0.000000],[0.149183,0.137454,0.000000,0.015872,0.697491,0.000000],[0.805125,0.125094,0.000000,0.013429,0.056352,0.000000],[0.808614,0.121194,0.000000,0.013381,0.056810,0.000000],[0.802103,0.122259,0.000000,0.013803,0.061835,0.000000],[0.807785,0.119784,0.000000,0.013500,0.058932,0.000000],[0.146224,0.134510,0.000000,0.015312,0.703954,0.000000],[0.129480,0.121578,0.000000,0.014479,0.734464,0.000000],[0.816477,0.112730,0.000000,0.013193,0.057600,0.000000],[0.814609,0.113867,0.000000,0.013361,0.058162,0.000000],[0.131915,0.124412,0.000000,0.014955,0.728718,0.000000],[0.151075,0.139264,0.000000,0.016167,0.693495,0.000000],[0.149466,0.144104,0.000000,0.016241,0.690189,0.000000],[0.794907,0.133303,0.000000,0.013894,0.057896,0.000000],[0.124221,0.134576,0.000000,0.014677,0.726526,0.000000],[0.124230,0.129214,0.000000,0.014440,0.732116,0.000000],[0.838112,0.099450,0.000000,0.011793,0.050646,0.000000],[0.850077,0.090096,0.000000,0.010882,0.048944,0.000000],[0.157816,0.101413,0.000000,0.012442,0.728328,0.000000],[0.158319,0.098260,0.000000,0.012433,0.730988,0.000000],[0.854541,0.084500,0.000000,0.010837,0.050122,0.000000],[0.857855,0.079606,0.000000,0.010906,0.051633,0.000000],[0.841787,0.095528,0.000000,0.011656,0.051028,0.000000],[0.821484,0.115213,0.000000,0.012628,0.050675,0.000000],[0.815737,0.117993,0.000000,0.012982,0.053288,0.000000],[0.814030,0.118977,0.000000,0.013117,0.053877,0.000000],[0.815473,0.116233,0.000000,0.013238,0.055056,0.000000],[0.810961,0.118058,0.000000,0.013442,0.057538,0.000000],[0.801049,0.122821,0.000000,0.013908,0.062222,0.000000],[0.549395,0.170885,0.000000,0.020000,0.259720,0.000000],[0.805418,0.123063,0.000000,0.013439,0.058079,0.000000],[0.815357,0.118131,0.000000,0.012991,0.053521,0.000000],[0.824762,0.115254,0.000000,0.012041,0.047943,0.000000],[0.824191,0.055663,0.076695,0.007997,0.035454,0.000000],[1.000000,0.000000,0.000000,0.000000,0.000000,0.000000]],
  [[1.000000,0.000000,0.000000,0.000000,0.000000,0.000000],[0.820592,0.054925,0.078291,0.008239,0.037953,0.000000],[0.151266,0.129304,0.000000,0.015617,0.703814,0.000000],[0.798227,0.124259,0.000000,0.014186,0.063328,0.000000],[0.178452,0.140463,0.000000,0.017116,0.663968,0.000000],[0.540829,0.180406,0.000000,0.020638,0.258128,0.000000],[0.802928,0.122685,0.000000,0.013938,0.060449,0.000000],[0.126449,0.130684,0.000000,0.014645,0.728222,0.000000],[0.127808,0.126770,0.000000,0.014577,0.730845,0.000000],[0.808668,0.119332,0.000000,0.013393,0.058607,0.000000],[0.550841,0.170069,0.000000,0.019758,0.259332,0.000000],[0.810790,0.117886,0.000000,0.013199,0.058124,0.000000],[0.820808,0.112719,0.000000,0.012696,0.053777,0.000000],[0.821678,0.110436,0.000000,0.012888,0.054998,0.000000],[0.811035,0.115849,0.000000,0.013462,0.059654,0.000000],[0.800023,0.123328,0.000000,0.013983,0.062665,0.000000],[0.782293,0.134771,0.000000,0.014856,0.068079,0.000000],[0.525974,0.200821,0.000000,0.021676,0.251529,0.000000],[0.146924,0.148172,0.000000,0.016177,0.688726,0.000000],[0.123348,0.139080,0.000000,0.014749,0.722823,0.000000],[0.815009,0.122784,0.000000,0.012676,0.049531,0.000000],[0.836007,0.102309,0.000000,0.011752,0.049932,0.000000],[0.142947,0.111011,0.000000,0.013384,0.732658,0.000000],[0.143006,0.111104,0.000000,0.013391,0.732499,0.000000],[0.838338,0.099291,0.000000,0.011769,0.050601,0.000000],[0.840816,0.096126,0.000000,0.011756,0.051302,0.000000],[0.843237,0.093085,0.000000,0.011758,0.051919,0.000000],[0.841354,0.095823,0.000000,0.011704,0.051119,0.000000],[0.125464,0.124359,0.000000,0.014292,0.735885,0.000000],[0.125735,0.124826,0.000000,0.014357,0.735081,0.000000],[0.820916,0.115604,0.000000,0.012670,0.050810,0.000000],[0.126230,0.125421,0.000000,0.014460,0.733890,0.000000],[0.125280,0.129714,0.000000,0.014481,0.730524,0.000000],[0.805131,0.123422,0.000000,0.013476,0.057970,0.000000],[0.809226,0.117106,0.000000,0.013644,0.060024,0.000000],[0.805420,0.118347,0.000000,0.013798,0.062435,0.000000],[0.129512,0.122234,0.000000,0.014621,0.733632,0.000000],[0.127035,0.128157,0.000000,0.014572,0.730237,0.000000],[0.094459,0.063107,0.089855,0.009610,0.742969,0.000000],[1.000000,0.000000,0.000000,0.000000,0.000000,0.000000]],
  [[1.000000,0.000000,0.000000,0.000000,0.000000,0.000000],[0.818568,0.055921,0.078871,0.008341,0.038300,0.000000],[0.812346,0.115518,0.000000,0.013374,0.058762,0.000000],[0.540786,0.180127,0.000000,0.020641,0.258445,0.000000],[0.787154,0.127614,0.000000,0.014959,0.070274,0.000000],[0.800154,0.121125,0.000000,0.014247,0.064474,0.000000],[0.807315,0.120084,0.000000,0.013508,0.059093,0.000000],[0.816687,0.119041,0.000000,0.012528,0.051743,0.000000],[0.124450,0.128473,0.000000,0.014119,0.732958,0.000000],[0.817394,0.113657,0.000000,0.012547,0.056401,0.000000],[0.819838,0.110291,0.000000,0.012572,0.057299,0.000000],[0.819082,0.110706,0.000000,0.012649,0.057563,0.000000],[0.824026,0.109014,0.000000,0.012644,0.054316,0.000000],[0.823481,0.107513,0.000000,0.012979,0.056027,0.000000],[0.812220,0.113259,0.000000,0.013610,0.060911,0.000000],[0.554270,0.162172,0.000000,0.019679,0.263879,0.000000],[0.789463,0.124538,0.000000,0.015023,0.070976,0.000000],[0.794731,0.126538,0.000000,0.014496,0.064235,0.000000],[0.149604,0.138197,0.000000,0.015986,0.696213,0.000000],[0.811172,0.122320,0.000000,0.013128,0.053381,0.000000],[0.125993,0.125202,0.000000,0.014435,0.734371,0.000000],[0.143728,0.106996,0.000000,0.013306,0.735970,0.000000],[0.821785,0.115034,0.000000,0.012592,0.050588,0.000000],[0.821569,0.115129,0.000000,0.012612,0.050690,0.000000],[0.822696,0.112699,0.000000,0.012783,0.051822,0.000000],[0.820373,0.115865,0.000000,0.012725,0.051037,0.000000],[0.125821,0.124909,0.000000,0.014413,0.734857,0.000000],[0.818722,0.118671,0.000000,0.012604,0.050004,0.000000],[0.819557,0.118171,0.000000,0.012522,0.049750,0.000000],[0.143663,0.106954,0.000000,0.013279,0.736104,0.000000],[0.837546,0.101300,0.000000,0.011580,0.049573,0.000000],[0.819746,0.118047,0.000000,0.012500,0.049707,0.000000],[0.122429,0.132340,0.000000,0.014263,0.730968,0.000000],[0.126477,0.125135,0.000000,0.014414,0.733974,0.000000],[0.820127,0.111546,0.000000,0.013073,0.055254,0.000000],[0.815186,0.113577,0.000000,0.013345,0.057891,0.000000],[0.801560,0.122681,0.000000,0.013916,0.061844,0.000000],[0.810007,0.120987,0.000000,0.013063,0.055943,0.000000],[0.806546,0.062180,0.081560,0.008539,0.041174,0.000000],[1.000000,0.000000,0.000000,0.000000,0.000000,0.000000]],
  [[1.000000,0.000000,0.000000,0.000000,0.000000,0.000000],[0.811336,0.057692,0.081098,0.008743,0.041131,0.000000],[0.803624,0.119944,0.000000,0.014053,0.062379,0.000000],[0.789828,0.126621,0.000000,0.015092,0.068459,0.000000],[0.790501,0.125859,0.000000,0.014973,0.068667,0.000000],[0.807051,0.115370,0.000000,0.014143,0.063436,0.000000],[0.822116,0.110218,0.000000,0.012835,0.054830,0.000000],[0.125298,0.116003,0.000000,0.013585,0.745114,0.000000],[0.832017,0.105448,0.000000,0.011598,0.050937,0.000000],[0.836875,0.100374,0.000000,0.011387,0.051364,0.000000],[0.000000,0.000000,0.000000,0.000000,0.000000,1.000000],[0.127351,0.112273,0.000000,0.013585,0.746791,0.000000],[0.819929,0.110586,0.000000,0.012839,0.056645,0.000000],[0.818679,0.109466,0.000000,0.013235,0.058620,0.000000],[0.804572,0.118628,0.000000,0.013843,0.062957,0.000000],[0.795031,0.125269,0.000000,0.014210,0.065490,0.000000],[0.794149,0.125828,0.000000,0.014308,0.065715,0.000000],[0.810027,0.118414,0.000000,0.013526,0.058033,0.000000],[0.818786,0.112194,0.000000,0.013203,0.055817,0.000000],[0.818967,0.113888,0.000000,0.012924,0.054222,0.000000],[0.824132,0.111702,0.000000,0.012611,0.051554,0.000000],[0.824833,0.111280,0.000000,0.012554,0.051332,0.000000],[0.825782,0.108962,0.000000,0.012736,0.052519,0.000000],[0.819674,0.111768,0.000000,0.013123,0.055434,0.000000],[0.129634,0.122672,0.000000,0.014730,0.732964,0.000000],[0.807622,0.126308,0.000000,0.013165,0.052904,0.000000],[0.124886,0.134877,0.000000,0.014754,0.725482,0.000000],[0.123558,0.133373,0.000000,0.014516,0.728553,0.000000],[0.820440,0.115856,0.000000,0.012708,0.050995,0.000000],[0.824319,0.111674,0.000000,0.012620,0.051387,0.000000],[0.824777,0.111377,0.000000,0.012567,0.051279,0.000000],[0.127214,0.120284,0.000000,0.014268,0.738234,0.000000],[0.823073,0.114187,0.000000,0.012457,0.050283,0.000000],[0.822050,0.114756,0.000000,0.012544,0.050650,0.000000],[0.822027,0.112991,0.000000,0.012809,0.052172,0.000000],[0.814874,0.116444,0.000000,0.013320,0.055362,0.000000],[0.805775,0.119366,0.000000,0.014062,0.060797,0.000000],[0.549946,0.172890,0.000000,0.020100,0.257064,0.000000],[0.808920,0.060962,0.078500,0.008742,0.042876,0.000000],[1.000000,0.000000,0.000000,0.000000,0.000000,0.000000]],
  [[1.000000,0.000000,0.000000,0.000000,0.000000,0.000000],[0.815991,0.054512,0.080260,0.008578,0.040659,0.000000],[0.758633,0.107927,0.065093,0.013344,0.055004,0.000000],[0.160586,0.145772,0.000000,0.018338,0.675304,0.000000],[0.788678,0.129543,0.000000,0.015579,0.066200,0.000000],[0.812731,0.113079,0.000000,0.013856,0.060334,0.000000],[0.828248,0.107311,0.000000,0.012449,0.051992,0.000000],[0.835292,0.102709,0.000000,0.011760,0.050239,0.000000],[0.000000,0.000000,0.000000,0.000000,0.000000,1.000000],[0.000000,0.000000,0.000000,0.000000,0.000000,1.000000],[0.835767,0.107476,0.000000,0.010833,0.045924,0.000000],[0.830512,0.110979,0.000000,0.011349,0.047160,0.000000],[0.821991,0.113946,0.000000,0.012260,0.051804,0.000000],[0.806632,0.117543,0.000000,0.013628,0.062196,0.000000],[0.802383,0.120029,0.000000,0.014045,0.063543,0.000000],[0.149137,0.137392,0.000000,0.015769,0.697702,0.000000],[0.128886,0.127110,0.000000,0.014731,0.729272,0.000000],[0.816599,0.117282,0.000000,0.012840,0.053279,0.000000],[0.827145,0.108081,0.000000,0.012588,0.052186,0.000000],[0.828570,0.107155,0.000000,0.012452,0.051823,0.000000],[0.826119,0.105986,0.000000,0.012775,0.055121,0.000000],[0.822780,0.109711,0.000000,0.012824,0.054685,0.000000],[0.819968,0.111466,0.000000,0.013080,0.055486,0.000000],[0.807688,0.121575,0.000000,0.013480,0.057258,0.000000],[0.793300,0.129362,0.000000,0.014372,0.062967,0.000000],[0.147150,0.148116,0.000000,0.016181,0.688553,0.000000],[0.148257,0.143700,0.000000,0.016157,0.691887,0.000000],[0.804705,0.125566,0.000000,0.013507,0.056222,0.000000],[0.128933,0.122119,0.000000,0.014596,0.734352,0.000000],[0.821047,0.110984,0.000000,0.012996,0.054973,0.000000],[0.822446,0.110096,0.000000,0.012855,0.054602,0.000000],[0.823831,0.109237,0.000000,0.012733,0.054199,0.000000],[0.828526,0.107250,0.000000,0.012479,0.051746,0.000000],[0.827503,0.107897,0.000000,0.012589,0.052012,0.000000],[0.128944,0.121363,0.000000,0.014692,0.735001,0.000000],[0.800592,0.127750,0.000000,0.013978,0.057680,0.000000],[0.151031,0.141997,0.000000,0.016676,0.690297,0.000000],[0.772491,0.087691,0.079790,0.010843,0.049186,0.000000],[0.804276,0.058703,0.083146,0.008862,0.045012,0.000000],[1.000000,0.000000,0.000000,0.000000,0.000000,0.000000]],
  [[1.000000,0.000000,0.000000,0.000000,0.000000,0.000000],[1.000000,0.000000,0.000000,0.000000,0.000000,0.000000],[0.771152,0.096080,0.071179,0.011989,0.049600,0.000000],[0.358634,0.084704,0.374385,0.013450,0.168828,0.000000],[0.791225,0.131181,0.000000,0.015341,0.062253,0.000000],[0.812027,0.118060,0.000000,0.013593,0.056320,0.000000],[0.828209,0.107321,0.000000,0.012458,0.052012,0.000000],[0.835539,0.102513,0.000000,0.011738,0.050210,0.000000],[0.841903,0.098442,0.000000,0.011098,0.048557,0.000000],[0.119661,0.107190,0.000000,0.012181,0.760968,0.000000],[0.117875,0.111204,0.000000,0.012179,0.758742,0.000000],[0.120465,0.115519,0.000000,0.012810,0.751207,0.000000],[0.126271,0.117386,0.000000,0.013696,0.742647,0.000000],[0.807998,0.119590,0.000000,0.013441,0.058970,0.000000],[0.542141,0.180761,0.000000,0.020506,0.256592,0.000000],[0.800688,0.127717,0.000000,0.013589,0.058005,0.000000],[0.127551,0.125880,0.000000,0.014541,0.732029,0.000000],[0.823024,0.114090,0.000000,0.012430,0.050456,0.000000],[0.128414,0.115359,0.000000,0.014085,0.742142,0.000000],[0.830641,0.105869,0.000000,0.012253,0.051237,0.000000],[0.827242,0.105278,0.000000,0.012652,0.054828,0.000000],[0.812518,0.114848,0.000000,0.013330,0.059304,0.000000],[0.150547,0.132247,0.000000,0.015660,0.701546,0.000000],[0.794577,0.128438,0.000000,0.014237,0.062748,0.000000],[0.150929,0.144916,0.000000,0.016395,0.687760,0.000000],[0.525811,0.201902,0.000000,0.021810,0.250477,0.000000],[0.794612,0.131423,0.000000,0.014197,0.059767,0.000000],[0.805323,0.123223,0.000000,0.013697,0.057757,0.000000],[0.804575,0.121767,0.000000,0.013797,0.059862,0.000000],[0.805961,0.120779,0.000000,0.013664,0.059596,0.000000],[0.810411,0.116144,0.000000,0.013535,0.059909,0.000000],[0.822524,0.109811,0.000000,0.012835,0.054830,0.000000],[0.830671,0.104104,0.000000,0.012528,0.052697,0.000000],[0.827326,0.107942,0.000000,0.012598,0.052134,0.000000],[0.811537,0.118374,0.000000,0.013671,0.056418,0.000000],[0.157497,0.159200,0.000000,0.018406,0.664897,0.000000],[0.147290,0.147839,0.023283,0.017716,0.663872,0.000000],[0.754992,0.096037,0.084683,0.011770,0.052518,0.000000],[1.000000,0.000000,0.000000,0.000000,0.000000,0.000000],[1.000000,0.000000,0.000000,0.000000,0.000000,0.000000]],
  [[1.000000,0.000000,0.000000,0.000000,0.000000,0.000000],[0.834825,0.044667,0.074006,0.008118,0.038383,0.000000],[1.000000,0.000000,0.000000,0.000000,0.000000,0.000000],[0.758056,0.099505,0.075999,0.012628,0.053812,0.000000],[0.159884,0.145014,0.000000,0.018179,0.676923,0.000000],[0.801515,0.122632,0.000000,0.014187,0.061666,0.000000],[0.131091,0.117960,0.000000,0.014474,0.736475,0.000000],[0.827015,0.107212,0.000000,0.012374,0.053400,0.000000],[0.830453,0.105165,0.000000,0.012031,0.052350,0.000000],[0.833579,0.104763,0.000000,0.011433,0.050225,0.000000],[0.000000,0.000000,0.000000,0.000000,0.000000,1.000000],[0.000000,0.000000,0.000000,0.000000,0.000000,1.000000],[0.825676,0.111410,0.000000,0.011889,0.051026,0.000000],[0.806216,0.124432,0.000000,0.013026,0.056326,0.000000],[0.150305,0.132934,0.000000,0.015684,0.701076,0.000000],[0.803995,0.123888,0.000000,0.013559,0.058559,0.000000],[0.820498,0.111273,0.000000,0.013019,0.055209,0.000000],[0.826090,0.110417,0.000000,0.012404,0.051088,0.000000],[0.830549,0.105938,0.000000,0.012264,0.051249,0.000000],[0.831374,0.105381,0.000000,0.012175,0.051070,0.000000],[0.827459,0.105117,0.000000,0.012619,0.054805,0.000000],[0.811907,0.115224,0.000000,0.013375,0.059495,0.000000],[0.542722,0.180218,0.000000,0.020406,0.256653,0.000000],[0.150658,0.138525,0.000000,0.016043,0.694773,0.000000],[0.791582,0.130260,0.000000,0.014524,0.063634,0.000000],[0.150827,0.139670,0.000000,0.016213,0.693290,0.000000],[0.798708,0.127180,0.000000,0.014077,0.060035,0.000000],[0.130831,0.124132,0.000000,0.014927,0.730109,0.000000],[0.797636,0.124707,0.000000,0.014235,0.063422,0.000000],[0.541344,0.180113,0.000000,0.020575,0.257968,0.000000],[0.152344,0.133458,0.000000,0.015888,0.698310,0.000000],[0.815217,0.113342,0.000000,0.013310,0.058130,0.000000],[0.824428,0.106997,0.000000,0.012939,0.055635,0.000000],[0.827771,0.105946,0.000000,0.012842,0.053440,0.000000],[0.812857,0.115980,0.000000,0.013871,0.057292,0.000000],[0.787721,0.133710,0.000000,0.015722,0.062848,0.000000],[0.315778,0.078160,0.444765,0.013269,0.148027,0.000000],[1.000000,0.000000,0.000000,0.000000,0.000000,0.000000],[1.000000,0.000000,0.000000,0.000000,0.000000,0.000000],[1.000000,0.000000,0.000000,0.000000,0.000000,0.000000]],
  [[1.000000,0.000000,0.000000,0.000000,0.000000,0.000000],[0.836562,0.044050,0.074066,0.007924,0.037398,0.000000],[1.000000,0.000000,0.000000,0.000000,0.000000,0.000000],[0.786544,0.069662,0.086258,0.009796,0.047740,0.000000],[0.796306,0.126225,0.000000,0.014481,0.062988,0.000000],[0.786647,0.132219,0.000000,0.014787,0.066348,0.000000],[0.802689,0.121749,0.000000,0.013742,0.061820,0.000000],[0.812924,0.114720,0.000000,0.013263,0.059093,0.000000],[0.819338,0.108979,0.000000,0.012945,0.058738,0.000000],[0.834130,0.100767,0.000000,0.011940,0.053163,0.000000],[0.842585,0.096180,0.000000,0.011293,0.049941,0.000000],[0.842690,0.097580,0.000000,0.010996,0.048734,0.000000],[0.125049,0.108332,0.000000,0.013014,0.753605,0.000000],[0.817520,0.115343,0.000000,0.012465,0.054673,0.000000],[0.130753,0.123178,0.000000,0.014673,0.731396,0.000000],[0.811270,0.119387,0.000000,0.013103,0.056240,0.000000],[0.817968,0.111711,0.000000,0.013043,0.057278,0.000000],[0.825784,0.107835,0.000000,0.012514,0.053867,0.000000],[0.834243,0.101914,0.000000,0.012173,0.051671,0.000000],[0.834870,0.101529,0.000000,0.012113,0.051488,0.000000],[0.827655,0.104995,0.000000,0.012605,0.054745,0.000000],[0.814997,0.111570,0.000000,0.013363,0.060071,0.000000],[0.807037,0.120098,0.000000,0.013554,0.059311,0.000000],[0.799452,0.123719,0.000000,0.014055,0.062773,0.000000],[0.806090,0.122650,0.000000,0.013645,0.057616,0.000000],[0.810877,0.120800,0.000000,0.013403,0.054920,0.000000],[0.126075,0.130307,0.000000,0.014675,0.728943,0.000000],[0.807321,0.122074,0.000000,0.013498,0.057106,0.000000],[0.798158,0.124370,0.000000,0.014187,0.063285,0.000000],[0.176632,0.144786,0.000000,0.017147,0.661435,0.000000],[0.782237,0.134477,0.000000,0.014864,0.068422,0.000000],[0.797947,0.124445,0.000000,0.014204,0.063404,0.000000],[0.817770,0.112748,0.000000,0.013318,0.056164,0.000000],[0.823035,0.110798,0.000000,0.013041,0.053126,0.000000],[0.812580,0.116665,0.000000,0.013916,0.056838,0.000000],[0.754577,0.115806,0.058569,0.014354,0.056694,0.000000],[0.791343,0.078994,0.071178,0.010411,0.048073,0.000000],[1.000000,0.000000,0.000000,0.000000,0.000000,0.000000],[1.000000,0.000000,0.000000,0.000000,0.000000,0.000000],[1.000000,0.000000,0.000000,0.000000,0.000000,0.000000]],
  [[1.000000,0.000000,0.000000,0.000000,0.000000,0.000000],[0.093611,0.046936,0.080933,0.008920,0.769600,0.000000],[1.000000,0.000000,0.000000,0.000000,0.000000,0.000000],[0.796751,0.066644,0.082519,0.009343,0.044743,0.000000],[0.542174,0.182949,0.000000,0.020604,0.254272,0.000000],[0.154078,0.130080,0.000000,0.016044,0.699798,0.000000],[0.803284,0.119467,0.000000,0.013962,0.063287,0.000000],[0.557168,0.160843,0.000000,0.019359,0.262631,0.000000],[0.815786,0.113045,0.000000,0.013001,0.058168,0.000000],[0.828340,0.106408,0.000000,0.012244,0.053007,0.000000],[0.831003,0.104733,0.000000,0.011988,0.052276,0.000000],[0.833576,0.102856,0.000000,0.011703,0.051865,0.000000],[0.000000,0.000000,0.000000,0.000000,0.000000,1.000000],[0.820714,0.111557,0.000000,0.012407,0.055322,0.000000],[0.804928,0.118450,0.000000,0.013751,0.062871,0.000000],[0.806821,0.120193,0.000000,0.013510,0.059476,0.000000],[0.149426,0.123147,0.000000,0.014881,0.712546,0.000000],[0.828247,0.105982,0.000000,0.012233,0.053538,0.000000],[0.836910,0.099937,0.000000,0.011884,0.051269,0.000000],[0.832645,0.104638,0.000000,0.012056,0.050661,0.000000],[0.826113,0.107795,0.000000,0.012498,0.053593,0.000000],[0.823863,0.109174,0.000000,0.012704,0.054259,0.000000],[0.821944,0.110367,0.000000,0.012889,0.054801,0.000000],[0.128585,0.121363,0.000000,0.014450,0.735602,0.000000],[0.814759,0.118533,0.000000,0.013038,0.053669,0.000000],[0.814246,0.123207,0.000000,0.012718,0.049829,0.000000],[0.124691,0.129674,0.000000,0.014499,0.731136,0.000000],[0.813909,0.118986,0.000000,0.013104,0.054001,0.000000],[0.811918,0.115276,0.000000,0.013650,0.059157,0.000000],[0.797961,0.122483,0.000000,0.014472,0.065084,0.000000],[0.531145,0.189466,0.000000,0.021490,0.257899,0.000000],[0.154037,0.135827,0.000000,0.016602,0.693533,0.000000],[0.800012,0.124381,0.000000,0.014601,0.061006,0.000000],[0.809287,0.118682,0.000000,0.014223,0.057808,0.000000],[0.099561,0.081039,0.085859,0.011363,0.722179,0.000000],[0.798592,0.070046,0.081146,0.009421,0.040795,0.000000],[1.000000,0.000000,0.000000,0.000000,0.000000,0.000000],[1.000000,0.000000,0.000000,0.000000,0.000000,0.000000],[0.834079,0.045941,0.075595,0.007795,0.036590,0.000000],[1.000000,0.000000,0.000000,0.000000,0.000000,0.000000]],
  [[1.000000,0.000000,0.000000,0.000000,0.000000,0.000000],[0.842604,0.043546,0.071884,0.007504,0.034463,0.000000],[1.000000,0.000000,0.000000,0.000000,0.000000,0.000000],[0.111672,0.071717,0.097162,0.010468,0.708982,0.000000],[0.806059,0.123231,0.000000,0.013410,0.057300,0.000000],[0.800019,0.121437,0.000000,0.014305,0.064238,0.000000],[0.801805,0.122217,0.000000,0.013812,0.062166,0.000000],[0.810637,0.116145,0.000000,0.013480,0.059738,0.000000],[0.811773,0.117339,0.000000,0.013114,0.057774,0.000000],[0.129721,0.116202,0.000000,0.014192,0.739885,0.000000],[0.826770,0.107326,0.000000,0.012394,0.053509,0.000000],[0.824337,0.105613,0.000000,0.012431,0.057618,0.000000],[0.824298,0.105623,0.000000,0.012402,0.057676,0.000000],[0.817114,0.108851,0.000000,0.012840,0.061194,0.000000],[0.809378,0.115782,0.000000,0.013306,0.061534,0.000000],[0.537542,0.189941,0.000000,0.020406,0.252111,0.000000],[0.810498,0.121343,0.000000,0.012568,0.055590,0.000000],[0.000000,0.000000,0.000000,0.000000,0.000000,1.000000],[0.835902,0.102347,0.000000,0.011703,0.050048,0.000000],[0.829967,0.108069,0.000000,0.012044,0.049919,0.000000],[0.126772,0.119386,0.000000,0.014070,0.739772,0.000000],[0.826585,0.110221,0.000000,0.012380,0.050814,0.000000],[0.827782,0.107732,0.000000,0.012553,0.051933,0.000000],[0.825025,0.111218,0.000000,0.012548,0.051209,0.000000],[0.125630,0.124662,0.000000,0.014339,0.735368,0.000000],[0.124098,0.129040,0.000000,0.014390,0.732472,0.000000],[0.124138,0.129116,0.000000,0.014397,0.732350,0.000000],[0.820278,0.115914,0.000000,0.012707,0.051101,0.000000],[0.818788,0.112314,0.000000,0.013199,0.055699,0.000000],[0.806978,0.116433,0.000000,0.014147,0.062442,0.000000],[0.788874,0.129881,0.000000,0.015133,0.066113,0.000000],[0.188416,0.166366,0.000000,0.020418,0.624800,0.000000],[0.770745,0.145031,0.000000,0.016870,0.067354,0.000000],[0.748019,0.125576,0.052120,0.015202,0.059084,0.000000],[0.793324,0.073919,0.082422,0.009576,0.040759,0.000000],[1.000000,0.000000,0.000000,0.000000,0.000000,0.000000],[0.815907,0.059950,0.077961,0.008673,0.037509,0.000000],[0.093137,0.072965,0.091616,0.009854,0.732429,0.000000],[0.091692,0.060396,0.090018,0.009228,0.748666,0.000000],[1.000000,0.000000,0.000000,0.000000,0.000000,0.000000]],
  [[1.000000,0.000000,0.000000,0.000000,0.000000,0.000000],[0.092218,0.048324,0.082725,0.008874,0.767859,0.000000],[1.000000,0.000000,0.000000,0.000000,0.000000,0.000000],[0.093709,0.067018,0.091581,0.009796,0.737897,0.000000],[0.810045,0.122787,0.000000,0.012997,0.054171,0.000000],[0.806083,0.118006,0.000000,0.013998,0.061913,0.000000],[0.806806,0.119344,0.000000,0.013598,0.060253,0.000000],[0.131709,0.118624,0.000000,0.014616,0.735051,0.000000],[0.819539,0.113603,0.000000,0.012822,0.054037,0.000000],[0.822742,0.109900,0.000000,0.012813,0.054545,0.000000],[0.824186,0.109007,0.000000,0.012658,0.054149,0.000000],[0.818364,0.109664,0.000000,0.013033,0.058940,0.000000],[0.561828,0.156484,0.000000,0.018504,0.263184,0.000000],[0.819707,0.106884,0.000000,0.012565,0.060844,0.000000],[0.814316,0.113947,0.000000,0.012491,0.059245,0.000000],[0.143871,0.127988,0.000000,0.014219,0.713923,0.000000],[0.140663,0.130864,0.000000,0.014059,0.714414,0.000000],[0.123449,0.111893,0.000000,0.013033,0.751625,0.000000],[0.835278,0.102791,0.000000,0.011772,0.050159,0.000000],[0.845448,0.093315,0.000000,0.011260,0.049977,0.000000],[0.143023,0.106115,0.000000,0.013078,0.737784,0.000000],[0.839615,0.100032,0.000000,0.011364,0.048988,0.000000],[0.842288,0.095223,0.000000,0.011591,0.050897,0.000000],[0.840370,0.097959,0.000000,0.011542,0.050129,0.000000],[0.839359,0.098605,0.000000,0.011650,0.050386,0.000000],[0.836965,0.101672,0.000000,0.011646,0.049717,0.000000],[0.836948,0.101703,0.000000,0.011648,0.049701,0.000000],[0.125571,0.124398,0.000000,0.014285,0.735746,0.000000],[0.819220,0.113935,0.000000,0.012918,0.053927,0.000000],[0.818455,0.112752,0.000000,0.013272,0.055520,0.000000],[0.801424,0.125837,0.000000,0.014200,0.058539,0.000000],[0.741670,0.132253,0.047905,0.015556,0.062616,0.000000],[0.295411,0.080331,0.469934,0.013609,0.140716,0.000000],[0.129107,0.114512,0.062411,0.014507,0.679463,0.000000],[1.000000,0.000000,0.000000,0.000000,0.000000,0.000000],[0.810510,0.065427,0.077320,0.008903,0.037840,0.000000],[0.828366,0.059098,0.065887,0.008474,0.038175,0.000000],[0.844490,0.098183,0.000000,0.011003,0.046325,0.000000],[0.113768,0.057940,0.079939,0.008729,0.739623,0.000000],[1.000000,0.000000,0.000000,0.000000,0.000000,0.000000]],
  [[1.000000,0.000000,0.000000,0.000000,0.000000,0.000000],[0.090877,0.049646,0.084494,0.008824,0.766159,0.000000],[1.000000,0.000000,0.000000,0.000000,0.000000,0.000000],[0.093173,0.066331,0.091476,0.009733,0.739287,0.000000],[0.805310,0.125721,0.000000,0.013202,0.055767,0.000000],[0.152379,0.128686,0.000000,0.015875,0.703059,0.000000],[0.799910,0.123365,0.000000,0.013984,0.062741,0.000000],[0.813162,0.114710,0.000000,0.013479,0.058650,0.000000],[0.817611,0.114764,0.000000,0.013002,0.054623,0.000000],[0.818498,0.114310,0.000000,0.012948,0.054244,0.000000],[0.816249,0.117527,0.000000,0.012884,0.053340,0.000000],[0.807871,0.121753,0.000000,0.013214,0.057161,0.000000],[0.809202,0.117612,0.000000,0.013076,0.060109,0.000000],[0.000000,0.000000,0.000000,0.000000,0.000000,1.000000],[0.000000,0.000000,0.000000,0.000000,0.000000,1.000000],[0.123569,0.116990,0.000000,0.013144,0.746297,0.000000],[0.000000,0.000000,0.000000,0.000000,0.000000,1.000000],[0.825080,0.111627,0.000000,0.011979,0.051314,0.000000],[0.830012,0.108103,0.000000,0.012032,0.049853,0.000000],[0.845112,0.093532,0.000000,0.011300,0.050056,0.000000],[0.843383,0.094581,0.000000,0.011480,0.050556,0.000000],[0.125088,0.123571,0.000000,0.014121,0.737220,0.000000],[0.127283,0.120447,0.000000,0.014280,0.737990,0.000000],[0.824034,0.111848,0.000000,0.012634,0.051484,0.000000],[0.129449,0.117342,0.000000,0.014444,0.738765,0.000000],[0.823016,0.112516,0.000000,0.012743,0.051725,0.000000],[0.821648,0.115116,0.000000,0.012594,0.050642,0.000000],[0.125239,0.123807,0.000000,0.014205,0.736748,0.000000],[0.824931,0.111295,0.000000,0.012583,0.051191,0.000000],[0.825627,0.109441,0.000000,0.012816,0.052116,0.000000],[0.098212,0.080507,0.088682,0.010862,0.721737,0.000000],[0.128177,0.112039,0.065173,0.014248,0.680363,0.000000],[1.000000,0.000000,0.000000,0.000000,0.000000,0.000000],[1.000000,0.000000,0.000000,0.000000,0.000000,0.000000],[0.093935,0.075587,0.090767,0.010235,0.729476,0.000000],[0.805984,0.069404,0.076917,0.009193,0.038503,0.000000],[0.845736,0.090459,0.000000,0.011849,0.051957,0.000000],[0.861368,0.079787,0.000000,0.010421,0.048425,0.000000],[0.134142,0.045648,0.066214,0.008273,0.745722,0.000000],[1.000000,0.000000,0.000000,0.000000,0.000000,0.000000]],
  [[1.000000,0.000000,0.000000,0.000000,0.000000,0.000000],[0.092216,0.048245,0.082680,0.008870,0.767989,0.000000],[1.000000,0.000000,0.000000,0.000000,0.000000,0.000000],[0.094964,0.065496,0.090200,0.009877,0.739463,0.000000],[0.804945,0.124133,0.000000,0.013541,0.057380,0.000000],[0.545727,0.172521,0.000000,0.020502,0.261250,0.000000],[0.787213,0.127825,0.000000,0.014970,0.069992,0.000000],[0.800029,0.121448,0.000000,0.014268,0.064255,0.000000],[0.806015,0.120799,0.000000,0.013676,0.059510,0.000000],[0.127349,0.125774,0.000000,0.014553,0.732324,0.000000],[0.125023,0.129792,0.000000,0.014528,0.730657,0.000000],[0.123739,0.134508,0.000000,0.014545,0.727209,0.000000],[0.122744,0.130647,0.000000,0.014055,0.732555,0.000000],[0.805951,0.121049,0.000000,0.013063,0.059936,0.000000],[0.811089,0.115939,0.000000,0.012837,0.060135,0.000000],[0.820186,0.109572,0.000000,0.012467,0.057775,0.000000],[0.827793,0.106381,0.000000,0.012252,0.053575,0.000000],[0.830121,0.107657,0.000000,0.011985,0.050238,0.000000],[0.126757,0.119560,0.000000,0.014070,0.739613,0.000000],[0.843701,0.094364,0.000000,0.011444,0.050491,0.000000],[0.845331,0.091774,0.000000,0.011524,0.051372,0.000000],[0.826687,0.110139,0.000000,0.012376,0.050798,0.000000],[0.818143,0.116235,0.000000,0.012717,0.052905,0.000000],[0.814028,0.120478,0.000000,0.012825,0.052670,0.000000],[0.812870,0.121139,0.000000,0.012954,0.053038,0.000000],[0.813278,0.120978,0.000000,0.012908,0.052835,0.000000],[0.126380,0.124453,0.000000,0.014351,0.734816,0.000000],[0.825527,0.110917,0.000000,0.012518,0.051037,0.000000],[0.844551,0.092410,0.000000,0.011653,0.051386,0.000000],[0.829477,0.107344,0.000000,0.012486,0.050694,0.000000],[0.802402,0.066972,0.082201,0.008991,0.039435,0.000000],[1.000000,0.000000,0.000000,0.000000,0.000000,0.000000],[1.000000,0.000000,0.000000,0.000000,0.000000,0.000000],[0.092340,0.066807,0.090792,0.009697,0.740364,0.000000],[0.796108,0.073096,0.081445,0.009352,0.040000,0.000000],[0.827794,0.108361,0.000000,0.012671,0.051174,0.000000],[0.846960,0.089391,0.000000,0.011672,0.051977,0.000000],[0.863605,0.076773,0.000000,0.010357,0.049266,0.000000],[0.876893,0.033411,0.047590,0.006495,0.035612,0.000000],[1.000000,0.000000,0.000000,0.000000,0.000000,0.000000]],
