[
  [[1.000000,0.000000,0.000000,0.000000,0.000000,0.000000],[1.000000,0.000000,0.000000,0.000000,0.000000,0.000000],[1.000000,0.000000,0.000000,0.000000,0.000000,0.000000],[1.000000,0.000000,0.000000,0.000000,0.000000,0.000000],[1.000000,0.000000,0.000000,0.000000,0.000000,0.000000],[1.000000,0.000000,0.000000,0.000000,0.000000,0.000000],[1.000000,0.000000,0.000000,0.000000,0.000000,0.000000],[1.000000,0.000000,0.000000,0.000000,0.000000,0.000000],[1.000000,0.000000,0.000000,0.000000,0.000000,0.000000],[1.000000,0.000000,0.000000,0.000000,0.000000,0.000000],[1.000000,0.000000,0.000000,0.000000,0.000000,0.000000],[1.000000,0.000000,0.000000,0.000000,0.000000,0.000000],[1.000000,0.000000,0.000000,0.000000,0.000000,0.000000],[1.000000,0.000000,0.000000,0.000000,0.000000,0.000000],[1.000000,0.000000,0.000000,0.000000,0.000000,0.000000],[1.000000,0.000000,0.000000,0.000000,0.000000,0.000000],[1.000000,0.000000,0.000000,0.000000,0.000000,0.000000],[1.000000,0.000000,0.000000,0.000000,0.000000,0.000000],[1.000000,0.000000,0.000000,0.000000,0.000000,0.000000],[1.000000,0.000000,0.000000,0.000000,0.000000,0.000000],[1.000000,0.000000,0.000000,0.000000,0.000000,0.000000],[1.000000,0.000000,0.000000,0.000000,0.000000,0.000000],[1.000000,0.000000,0.000000,0.000000,0.000000,0.000000],[1.000000,0.000000,0.000000,0.000000,0.000000,0.000000],[1.000000,0.000000,0.000000,0.000000,0.000000,0.000000],[1.000000,0.000000,0.000000,0.000000,0.000000,0.000000],[1.000000,0.000000,0.000000,0.000000,0.000000,0.000000],[1.000000,0.000000,0.000000,0.000000,0.000000,0.000000],[1.000000,0.000000,0.000000,0.000000,0.000000,0.000000],[1.000000,0.000000,0.000000,0.000000,0.000000,0.000000],[1.000000,0.000000,0.000000,0.000000,0.000000,0.000000],[1.000000,0.000000,0.000000,0.000000,0.000000,0.000000],[1.000000,0.000000,0.000000,0.000000,0.000000,0.000000],[1.000000,0.000000,0.000000,0.000000,0.000000,0.000000],[1.000000,0.000000,0.000000,0.000000,0.000000,0.000000],[1.000000,0.000000,0.000000,0.000000,0.000000,0.000000],[1.000000,0.000000,0.000000,0.000000,0.000000,0.000000],[1.000000,0.000000,0.000000,0.000000,0.000000,0.000000],[1.000000,0.000000,0.000000,0.000000,0.000000,0.000000],[1.000000,0.000000,0.000000,0.000000,0.000000,0.000000]],
  [[1.000000,0.000000,0.000000,0.000000,0.000000,0.000000],[0.752406,0.091970,0.100400,0.009892,0.035439,0.009892],[0.751518,0.101677,0.095923,0.010861,0.030120,0.009901],[0.727014,0.111546,0.110323,0.009892,0.031333,0.009892],[1.000000,0.000000,0.000000,0.000000,0.000000,0.000000],[0.101476,0.232522,0.081468,0.018850,0.555783,0.009901],[0.113951,0.254160,0.065212,0.022592,0.534183,0.009901],[0.650172,0.167251,0.110125,0.016124,0.046426,0.009901],[0.685565,0.154098,0.095736,0.016260,0.038440,0.009901],[0.709551,0.128847,0.110351,0.011969,0.029382,0.009901],[0.683385,0.146661,0.140766,0.009729,0.009729,0.009729],[0.097352,0.106195,0.098135,0.009765,0.678787,0.009765],[0.860281,0.100848,0.009718,0.009718,0.009718,0.009718],[0.052548,0.102715,0.053718,0.009760,0.771499,0.009760],[1.000000,0.000000,0.000000,0.000000,0.000000,0.000000],[0.603533,0.192050,0.099380,0.046666,0.048500,0.009871],[0.633549,0.193768,0.143520,0.009721,0.009721,0.009721],[0.080398,0.219215,0.079049,0.038892,0.572563,0.009883],[0.117789,0.145783,0.268786,0.039257,0.418501,0.009885],[0.136233,0.181532,0.191096,0.009797,0.471545,0.009797],[0.461372,0.103522,0.308327,0.095908,0.020982,0.009888],[0.424899,0.254685,0.175201,0.057622,0.077704,0.009889],[0.559170,0.234298,0.137553,0.019703,0.039389,0.009887],[0.711760,0.158081,0.042083,0.057552,0.020634,0.009889],[0.762566,0.081375,0.117119,0.019329,0.009806,0.009806],[0.742974,0.100237,0.127636,0.009718,0.009718,0.009718],[0.097167,0.103129,0.038306,0.009770,0.741859,0.009770],[0.779017,0.101657,0.068157,0.031545,0.009812,0.009812],[0.803890,0.100448,0.066498,0.009721,0.009721,0.009721],[0.811652,0.099813,0.036640,0.009796,0.032304,0.009796],[0.780458,0.131398,0.036739,0.031794,0.009806,0.009806],[0.769717,0.102951,0.098114,0.009739,0.009739,0.009739],[0.702174,0.149781,0.086655,0.013325,0.038164,0.009901],[0.677276,0.161533,0.095688,0.018660,0.036942,0.009901],[0.083993,0.179775,0.098060,0.019204,0.609067,0.009901],[0.094579,0.162545,0.104258,0.015090,0.613626,0.009901],[0.690474,0.155040,0.092188,0.010873,0.041523,0.009901],[0.090341,0.159737,0.086492,0.018721,0.634808,0.009901],[0.743330,0.099293,0.094934,0.012065,0.040477,0.009901],[1.000000,0.000000,0.000000,0.000000,0.000000,0.000000]],
  [[1.000000,0.000000,0.000000,0.000000,0.000000,0.000000],[0.761268,0.104942,0.083805,0.009869,0.030247,0.009869],[0.723463,0.126550,0.094907,0.015076,0.030102,0.009901],[1.000000,0.000000,0.000000,0.000000,0.000000,0.000000],[0.606852,0.237044,0.084676,0.016948,0.044579,0.009901],[0.229028,0.239346,0.370029,0.026371,0.125325,0.009901],[0.570902,0.344364,0.009804,0.020037,0.045089,0.009804],[0.612180,0.297225,0.009804,0.024399,0.046588,0.009804],[0.652269,0.259268,0.009804,0.023784,0.045071,0.009804],[0.665685,0.248765,0.009804,0.030638,0.035304,0.009804],[0.460579,0.424410,0.009822,0.046655,0.048712,0.009822],[0.806559,0.154730,0.009678,0.009678,0.009678,0.009678],[0.052506,0.109727,0.143030,0.046336,0.638551,0.009849],[1.000000,0.000000,0.000000,0.000000,0.000000,0.000000],[0.141310,0.060856,0.142259,0.009765,0.636045,0.009765],[0.509026,0.287033,0.009863,0.091013,0.093202,0.009863],[0.653691,0.291609,0.009729,0.009729,0.025513,0.009729],[0.097925,0.411088,0.009802,0.076930,0.394453,0.009802],[0.254777,0.473538,0.009807,0.058256,0.193815,0.009807],[0.060642,0.527607,0.009804,0.039098,0.353046,0.009804],[0.098508,0.562685,0.009803,0.038766,0.280436,0.009803],[0.530131,0.314880,0.009810,0.058035,0.077334,0.009810],[0.476458,0.388108,0.009811,0.038680,0.077132,0.009811],[0.604624,0.346598,0.009732,0.019582,0.009732,0.009732],[0.684906,0.236367,0.009811,0.019648,0.039456,0.009811],[0.621993,0.262810,0.009816,0.062658,0.032907,0.009816],[0.770548,0.168086,0.009745,0.032131,0.009745,0.009745],[0.009678,0.320550,0.009678,0.009678,0.640736,0.009678],[0.832404,0.105646,0.009733,0.009733,0.032751,0.009733],[0.857225,0.104131,0.009661,0.009661,0.009661,0.009661],[0.801847,0.075075,0.009732,0.009732,0.093882,0.009732],[0.680754,0.280226,0.009755,0.009755,0.009755,0.009755],[0.664463,0.245925,0.009804,0.027521,0.042483,0.009804],[0.095369,0.293326,0.009804,0.023120,0.568577,0.009804],[0.641182,0.281002,0.009804,0.021299,0.036909,0.009804],[0.638182,0.274892,0.009804,0.023784,0.043535,0.009804],[0.644679,0.266667,0.009804,0.021913,0.047133,0.009804],[0.693816,0.228755,0.009804,0.021930,0.035891,0.009804],[0.693505,0.153420,0.101343,0.010826,0.031005,0.009901],[1.000000,0.000000,0.000000,0.000000,0.000000,0.000000]],
  [[1.000000,0.000000,0.000000,0.000000,0.000000,0.000000],[0.728702,0.113425,0.102196,0.013819,0.031957,0.009901],[1.000000,0.000000,0.000000,0.000000,0.000000,0.000000],[0.642933,0.199492,0.097564,0.015644,0.034466,0.009901],[0.545725,0.279242,0.088941,0.031885,0.044307,0.009901],[0.121440,0.372935,0.009804,0.026287,0.459730,0.009804],[0.548680,0.346149,0.009804,0.032452,0.053111,0.009804],[0.581239,0.311643,0.009804,0.031834,0.055676,0.009804],[0.591101,0.316119,0.009804,0.034341,0.038831,0.009804],[0.593116,0.301786,0.009804,0.034942,0.050548,0.009804],[0.230762,0.428430,0.009796,0.047146,0.274070,0.009796],[0.720420,0.204048,0.009774,0.046209,0.009774,0.009774],[0.096702,0.153964,0.185832,0.009774,0.543955,0.009774],[1.000000,0.000000,0.000000,0.000000,0.000000,0.000000],[0.724773,0.149627,0.096381,0.009740,0.009740,0.009740],[0.673655,0.287599,0.009686,0.009686,0.009686,0.009686],[0.463148,0.498214,0.009659,0.009659,0.009659,0.009659],[0.279395,0.633962,0.009733,0.057443,0.009733,0.009733],[0.354666,0.527645,0.009809,0.039473,0.058598,0.009809],[0.425065,0.487337,0.009727,0.009727,0.058417,0.009727],[0.311337,0.472458,0.009807,0.096040,0.100551,0.009807],[0.522866,0.352166,0.009730,0.009730,0.095779,0.009730],[0.473247,0.466301,0.009811,0.019858,0.020973,0.009811],[0.116880,0.445531,0.009801,0.019745,0.398242,0.009801],[0.096738,0.367373,0.009715,0.009715,0.506743,0.009715],[0.009756,0.294978,0.009756,0.032051,0.643704,0.009756],[0.097518,0.265939,0.009799,0.032462,0.584482,0.009799],[0.553977,0.384907,0.009748,0.031873,0.009748,0.009748],[0.525843,0.382634,0.009746,0.062285,0.009746,0.009746],[0.709524,0.229062,0.009747,0.032174,0.009747,0.009747],[0.647836,0.259438,0.009735,0.009735,0.063522,0.009735],[0.672110,0.288918,0.009743,0.009743,0.009743,0.009743],[0.631024,0.282544,0.009804,0.026898,0.039927,0.009804],[0.613704,0.302867,0.009804,0.021291,0.042530,0.009804],[0.585518,0.316731,0.009804,0.030607,0.047536,0.009804],[0.576499,0.316083,0.009804,0.030591,0.057218,0.009804],[0.590599,0.314448,0.009804,0.020029,0.055316,0.009804],[0.617355,0.283261,0.009804,0.028124,0.051653,0.009804],[0.662740,0.166683,0.107512,0.014963,0.038201,0.009901],[1.000000,0.000000,0.000000,0.000000,0.000000,0.000000]],
  [[1.000000,0.000000,0.000000,0.000000,0.000000,0.000000],[1.000000,0.000000,0.000000,0.000000,0.000000,0.000000],[0.083998,0.210658,0.100841,0.019787,0.574815,0.009901],[0.582812,0.245615,0.093606,0.028240,0.039826,0.009901],[0.579578,0.327168,0.009804,0.028126,0.045520,0.009804],[0.566554,0.346036,0.009804,0.023774,0.044029,0.009804],[0.574083,0.334389,0.009804,0.029993,0.041928,0.009804],[0.560411,0.336768,0.009804,0.027489,0.055724,0.009804],[0.541773,0.365377,0.009804,0.031849,0.041393,0.009804],[0.520661,0.381120,0.009804,0.027489,0.051123,0.009804],[0.628665,0.255096,0.009819,0.047536,0.049065,0.009819],[0.097290,0.250682,0.009729,0.009729,0.622841,0.009729],[0.053270,0.108454,0.098581,0.009766,0.720164,0.009766],[1.000000,0.000000,0.000000,0.000000,0.000000,0.000000],[0.769125,0.104297,0.097377,0.009734,0.009734,0.009734],[0.539119,0.422121,0.009690,0.009690,0.009690,0.009690],[0.097280,0.389818,0.009800,0.071433,0.421868,0.009800],[0.394700,0.449947,0.009809,0.077037,0.058697,0.009809],[0.260536,0.602843,0.009809,0.039426,0.077578,0.009809],[0.410000,0.434573,0.009809,0.077036,0.058773,0.009809],[0.097365,0.507582,0.009802,0.076936,0.298513,0.009802],[0.431522,0.431831,0.009809,0.039098,0.077930,0.009809],[0.471196,0.392573,0.009810,0.095601,0.021010,0.009810],[0.567562,0.183615,0.009811,0.114262,0.114939,0.009811],[0.569346,0.332810,0.009810,0.020118,0.058106,0.009810],[0.036048,0.415710,0.009722,0.009722,0.519075,0.009722],[0.066925,0.479336,0.009799,0.032270,0.401871,0.009799],[0.674391,0.262781,0.009739,0.009739,0.033613,0.009739],[0.558374,0.294516,0.009815,0.063185,0.064295,0.009815],[0.493709,0.413341,0.009739,0.009739,0.063734,0.009739],[0.524355,0.382326,0.009738,0.009738,0.064105,0.009738],[0.016303,0.209783,0.009732,0.009732,0.744718,0.009732],[0.613851,0.288085,0.009804,0.029368,0.049087,0.009804],[0.095459,0.316880,0.009804,0.024360,0.543694,0.009804],[0.575496,0.322882,0.009804,0.032462,0.049552,0.009804],[0.556937,0.337888,0.009804,0.032454,0.053114,0.009804],[0.336933,0.429568,0.009804,0.033448,0.180444,0.009804],[0.613430,0.303460,0.009804,0.019419,0.044083,0.009804],[0.669714,0.164932,0.107587,0.012578,0.035288,0.009901],[1.000000,0.000000,0.000000,0.000000,0.000000,0.000000]],
  [[1.000000,0.000000,0.000000,0.000000,0.000000,0.000000],[0.692518,0.152103,0.098534,0.014443,0.032501,0.009901],[0.082278,0.244034,0.091262,0.019332,0.553193,0.009901],[0.602812,0.304961,0.009804,0.025019,0.047600,0.009804],[0.597557,0.313788,0.009804,0.025023,0.044024,0.009804],[0.092238,0.335249,0.009804,0.023164,0.529742,0.009804],[0.565802,0.331158,0.009804,0.031838,0.051595,0.009804],[0.087369,0.339941,0.009804,0.031648,0.521434,0.009804],[0.523359,0.375747,0.009804,0.034315,0.046971,0.009804],[0.309489,0.465980,0.009804,0.044521,0.160402,0.009804],[0.053753,0.212164,0.009799,0.047550,0.666935,0.009799],[0.679790,0.205648,0.009822,0.046433,0.048486,0.009822],[0.679917,0.192584,0.098310,0.009730,0.009730,0.009730],[1.000000,0.000000,0.000000,0.000000,0.000000,0.000000],[0.812792,0.105341,0.052676,0.009730,0.009730,0.009730],[0.451148,0.471208,0.009749,0.009749,0.048397,0.009749],[0.120675,0.413904,0.009800,0.025289,0.420531,0.009800],[0.413090,0.488360,0.009809,0.020446,0.058485,0.009809],[0.292430,0.529396,0.009807,0.020559,0.138002,0.009807],[0.374088,0.489102,0.009809,0.020422,0.096771,0.009809],[0.431818,0.506975,0.009809,0.020445,0.021143,0.009809],[0.485254,0.464612,0.009728,0.009728,0.020950,0.009728],[0.312945,0.395164,0.009807,0.020323,0.251955,0.009807],[0.548092,0.277534,0.009809,0.058314,0.096443,0.009809],[0.531415,0.389516,0.009811,0.038726,0.020722,0.009811],[0.434055,0.419359,0.009816,0.032171,0.094785,0.009816],[0.491968,0.354595,0.009742,0.009742,0.124210,0.009742],[0.524186,0.389792,0.009815,0.032360,0.034032,0.009815],[0.520021,0.418055,0.009755,0.032659,0.009755,0.009755],[0.517515,0.443774,0.009678,0.009678,0.009678,0.009678],[0.583255,0.292821,0.009739,0.009739,0.094705,0.009739],[0.588923,0.295920,0.009818,0.085704,0.009818,0.009818],[0.579864,0.330257,0.009804,0.026264,0.044007,0.009804],[0.586403,0.327730,0.009804,0.020661,0.045598,0.009804],[0.095617,0.357378,0.009804,0.026230,0.501167,0.009804],[0.099495,0.396762,0.009804,0.032971,0.451164,0.009804],[0.534492,0.373502,0.009804,0.026877,0.045521,0.009804],[0.588633,0.318305,0.009804,0.029993,0.043462,0.009804],[0.089351,0.184643,0.099842,0.020936,0.595328,0.009901],[1.000000,0.000000,0.000000,0.000000,0.000000,0.000000]],
  [[1.000000,0.000000,0.000000,0.000000,0.000000,0.000000],[0.083237,0.170959,0.114596,0.019608,0.601699,0.009901],[0.103037,0.314081,0.009804,0.024973,0.538301,0.009804],[0.597288,0.318525,0.009804,0.028763,0.035817,0.009804],[0.090085,0.312471,0.009804,0.032214,0.545622,0.009804],[0.082609,0.306567,0.009804,0.023725,0.567491,0.009804],[0.577551,0.328581,0.009804,0.028747,0.045513,0.009804],[0.077026,0.352498,0.009804,0.028622,0.522246,0.009804],[0.084236,0.396779,0.009804,0.034762,0.464615,0.009804],[0.532296,0.362428,0.009804,0.036169,0.049499,0.009804],[0.719688,0.164553,0.009820,0.046817,0.049301,0.009820],[0.543179,0.379797,0.009745,0.009745,0.047789,0.009745],[0.642468,0.192785,0.098858,0.046268,0.009811,0.009811],[1.000000,0.000000,0.000000,0.000000,0.000000,0.000000],[0.552057,0.238436,0.141618,0.009800,0.048288,0.009800],[0.542440,0.336015,0.009745,0.009745,0.092310,0.009745],[0.537232,0.392227,0.009811,0.025143,0.025776,0.009811],[0.098209,0.299989,0.009802,0.020502,0.561695,0.009802],[0.408445,0.522581,0.009728,0.009728,0.039791,0.009728],[0.135159,0.411767,0.009801,0.039560,0.393912,0.009801],[0.468051,0.407026,0.009728,0.009728,0.095740,0.009728],[0.485903,0.389557,0.009726,0.009726,0.095361,0.009726],[0.097007,0.351611,0.009721,0.009721,0.522220,0.009721],[0.510536,0.409778,0.009810,0.039076,0.020990,0.009810],[0.563802,0.311691,0.009725,0.009725,0.095332,0.009725],[0.548007,0.413283,0.009677,0.009677,0.009677,0.009677],[0.521923,0.386197,0.009747,0.062637,0.009747,0.009747],[0.580594,0.357902,0.009749,0.032257,0.009749,0.009749],[0.322655,0.545878,0.009739,0.009739,0.102249,0.009739],[0.548450,0.328313,0.009737,0.009737,0.094026,0.009737],[0.430086,0.446732,0.009735,0.009735,0.093977,0.009735],[0.094294,0.539832,0.009728,0.009728,0.336689,0.009728],[0.574612,0.332257,0.009804,0.024392,0.049131,0.009804],[0.086849,0.326941,0.009804,0.031022,0.535580,0.009804],[0.086023,0.349250,0.009804,0.029237,0.515882,0.009804],[0.082670,0.369007,0.009804,0.036527,0.492189,0.009804],[0.570626,0.320433,0.009804,0.030588,0.058745,0.009804],[0.619124,0.278039,0.009804,0.024386,0.058842,0.009804],[0.076194,0.192410,0.090124,0.018703,0.612668,0.009901],[1.000000,0.000000,0.000000,0.000000,0.000000,0.000000]],
  [[1.000000,0.000000,0.000000,0.000000,0.000000,0.000000],[0.669325,0.178242,0.088401,0.017529,0.036602,0.009901],[0.086800,0.317747,0.009804,0.031612,0.544233,0.009804],[0.569778,0.343003,0.009804,0.025643,0.041968,0.009804],[0.591029,0.313645,0.009804,0.034337,0.041381,0.009804],[0.585214,0.311955,0.009804,0.027492,0.055731,0.009804],[0.589424,0.316973,0.009804,0.036201,0.037795,0.009804],[0.562606,0.346186,0.009804,0.028126,0.043474,0.009804],[0.083555,0.333151,0.009804,0.031026,0.532660,0.009804],[0.562811,0.335977,0.009804,0.033081,0.048523,0.009804],[0.718341,0.161062,0.009767,0.091294,0.009767,0.009767],[0.853828,0.106597,0.010384,0.009731,0.009731,0.009731],[0.740503,0.102016,0.053736,0.046354,0.047514,0.009877],[1.000000,0.000000,0.000000,0.000000,0.000000,0.000000],[0.592223,0.191736,0.186875,0.009722,0.009722,0.009722],[0.584380,0.339243,0.009754,0.047113,0.009754,0.009754],[0.394185,0.505467,0.009745,0.071114,0.009745,0.009745],[0.387800,0.452405,0.009807,0.020558,0.119623,0.009807],[0.376077,0.506267,0.009809,0.020399,0.077639,0.009809],[0.134663,0.541601,0.009801,0.038899,0.265234,0.009801],[0.396882,0.485771,0.009810,0.020023,0.077704,0.009810],[0.567706,0.259052,0.009811,0.057546,0.096075,0.009811],[0.605457,0.258785,0.009811,0.019929,0.096207,0.009811],[0.531641,0.408388,0.009811,0.019859,0.020490,0.009811],[0.588303,0.332754,0.009810,0.039007,0.020315,0.009810],[0.066716,0.450266,0.009799,0.032653,0.430766,0.009799],[0.036245,0.420629,0.009800,0.032579,0.490947,0.009800],[0.037405,0.238289,0.009800,0.063931,0.640775,0.009800],[0.487847,0.449338,0.009741,0.009741,0.033591,0.009741],[0.128723,0.269204,0.009801,0.032773,0.549699,0.009801],[0.128074,0.388196,0.009799,0.032728,0.431405,0.009799],[0.584229,0.299349,0.009812,0.086987,0.009812,0.009812],[0.585049,0.320151,0.009804,0.031232,0.043959,0.009804],[0.593377,0.315841,0.009804,0.022528,0.048646,0.009804],[0.089187,0.310257,0.009804,0.028582,0.552367,0.009804],[0.589717,0.318854,0.009804,0.029374,0.042448,0.009804],[0.593757,0.313088,0.009804,0.027506,0.046040,0.009804],[0.101020,0.308945,0.009804,0.029809,0.540618,0.009804],[0.682231,0.160550,0.098532,0.009892,0.038902,0.009892],[1.000000,0.000000,0.000000,0.000000,0.000000,0.000000]],
  [[1.000000,0.000000,0.000000,0.000000,0.000000,0.000000],[0.657899,0.184140,0.095723,0.016860,0.035478,0.009901],[0.092056,0.310857,0.009804,0.027377,0.550103,0.009804],[0.093093,0.321145,0.009804,0.024968,0.541186,0.009804],[0.593459,0.310748,0.009804,0.025014,0.051172,0.009804],[0.613031,0.289848,0.009804,0.023769,0.053745,0.009804],[0.092435,0.296798,0.009804,0.029173,0.561987,0.009804],[0.602461,0.312350,0.009804,0.025650,0.039932,0.009804],[0.593359,0.312902,0.009804,0.021901,0.052229,0.009804],[0.601035,0.309675,0.009804,0.028757,0.040925,0.009804],[0.053351,0.296217,0.009796,0.091901,0.538938,0.009796],[0.550180,0.197064,0.186275,0.046850,0.009816,0.009816],[1.000000,0.000000,0.000000,0.000000,0.000000,0.000000],[1.000000,0.000000,0.000000,0.000000,0.000000,0.000000],[0.724083,0.149746,0.096963,0.009736,0.009736,0.009736],[0.625460,0.335791,0.009687,0.009687,0.009687,0.009687],[0.144627,0.413946,0.009800,0.141902,0.279925,0.009800],[0.490438,0.410904,0.009809,0.039498,0.039543,0.009809],[0.453406,0.429340,0.009810,0.039147,0.058488,0.009810],[0.079253,0.295560,0.009801,0.057911,0.547675,0.009801],[0.172999,0.201617,0.009801,0.020098,0.585684,0.009801],[0.625956,0.313783,0.009811,0.019976,0.020664,0.009811],[0.097326,0.310273,0.009718,0.009718,0.563247,0.009718],[0.607173,0.313576,0.009810,0.038890,0.020741,0.009810],[0.022105,0.276393,0.009801,0.020074,0.661827,0.009801],[0.097001,0.327592,0.009798,0.033110,0.522701,0.009798],[0.585887,0.328091,0.009815,0.032360,0.034032,0.009815],[0.524966,0.389406,0.009815,0.032437,0.033561,0.009815],[0.550223,0.356355,0.009736,0.009736,0.064214,0.009736],[0.555040,0.297420,0.009814,0.032894,0.095019,0.009814],[0.555052,0.267355,0.009815,0.093666,0.064297,0.009815],[0.015056,0.300162,0.009792,0.086193,0.579005,0.009792],[0.590776,0.317212,0.009804,0.023772,0.048632,0.009804],[0.623145,0.275720,0.009804,0.032472,0.049055,0.009804],[0.599136,0.306283,0.009804,0.026883,0.048090,0.009804],[0.099156,0.302373,0.009804,0.026165,0.552698,0.009804],[0.610096,0.293761,0.009804,0.033098,0.043437,0.009804],[0.651956,0.270974,0.009804,0.016929,0.040533,0.009804],[0.087734,0.173701,0.115542,0.017882,0.595240,0.009901],[1.000000,0.000000,0.000000,0.000000,0.000000,0.000000]],
  [[1.000000,0.000000,0.000000,0.000000,0.000000,0.000000],[0.076006,0.204216,0.096389,0.018074,0.595414,0.009901],[0.083224,0.327537,0.009804,0.020110,0.549521,0.009804],[0.591872,0.319458,0.009804,0.028134,0.040928,0.009804],[0.092281,0.322084,0.009804,0.017076,0.548952,0.009804],[0.603868,0.296232,0.009804,0.031228,0.049064,0.009804],[0.607194,0.297174,0.009804,0.033098,0.042926,0.009804],[0.604763,0.305454,0.009804,0.025645,0.044530,0.009804],[0.592349,0.317275,0.009804,0.023151,0.047617,0.009804],[0.080131,0.313226,0.009804,0.032802,0.554233,0.009804],[0.009717,0.250240,0.009717,0.009717,0.710894,0.009717],[0.507856,0.377623,0.009863,0.046517,0.048277,0.009863],[0.732000,0.103778,0.098638,0.045955,0.009815,0.009815],[1.000000,0.000000,0.000000,0.000000,0.000000,0.000000],[0.052369,0.241728,0.142629,0.009766,0.543742,0.009766],[0.673811,0.205264,0.009750,0.009750,0.091676,0.009750],[0.050611,0.343719,0.009800,0.071580,0.514489,0.009800],[0.154293,0.371513,0.009801,0.058075,0.396518,0.009801],[0.544132,0.350046,0.009727,0.009727,0.076641,0.009727],[0.451375,0.461592,0.009728,0.009728,0.057848,0.009728],[0.639729,0.310490,0.009727,0.009727,0.020601,0.009727],[0.607493,0.257280,0.009812,0.038469,0.077135,0.009812],[0.589113,0.332048,0.009811,0.019977,0.039241,0.009811],[0.695680,0.254931,0.009725,0.009725,0.020214,0.009725],[0.494050,0.370554,0.009811,0.019694,0.096078,0.009811],[0.614682,0.323925,0.009743,0.032163,0.009743,0.009743],[0.644070,0.293425,0.009732,0.009732,0.033309,0.009732],[0.403037,0.388461,0.009814,0.063336,0.125538,0.009814],[0.460694,0.415824,0.009739,0.009739,0.094265,0.009739],[0.219091,0.326413,0.009725,0.009725,0.425320,0.009725],[0.549850,0.358021,0.009750,0.062880,0.009750,0.009750],[0.496875,0.464054,0.009768,0.009768,0.009768,0.009768],[0.584775,0.317566,0.009804,0.033091,0.044960,0.009804],[0.617215,0.298035,0.009804,0.020042,0.045100,0.009804],[0.619207,0.285171,0.009804,0.029994,0.046021,0.009804],[0.611343,0.305101,0.009804,0.025031,0.038917,0.009804],[0.632145,0.281634,0.009804,0.025653,0.040960,0.009804],[0.663966,0.253610,0.009804,0.021297,0.041519,0.009804],[0.699871,0.138189,0.102139,0.015012,0.034888,0.009901],[1.000000,0.000000,0.000000,0.000000,0.000000,0.000000]],
  [[1.000000,0.000000,0.000000,0.000000,0.000000,0.000000],[0.091512,0.175345,0.091880,0.019850,0.611511,0.009901],[0.091852,0.308750,0.009804,0.038850,0.540940,0.009804],[0.615360,0.293217,0.009804,0.026267,0.045548,0.009804],[0.619943,0.288438,0.009804,0.024399,0.047611,0.009804],[0.614259,0.297292,0.009804,0.023779,0.045062,0.009804],[0.621315,0.293508,0.009804,0.022537,0.043032,0.009804],[0.097254,0.299485,0.009804,0.025553,0.558100,0.009804],[0.614188,0.297257,0.009804,0.024402,0.044545,0.009804],[0.595065,0.311061,0.009804,0.028749,0.045517,0.009804],[0.495315,0.428471,0.009762,0.046928,0.009762,0.009762],[0.410504,0.423183,0.009746,0.009746,0.137075,0.009746],[0.774856,0.060558,0.098657,0.046313,0.009808,0.009808],[1.000000,0.000000,0.000000,0.000000,0.000000,0.000000],[0.639195,0.155611,0.099453,0.046827,0.049043,0.009870],[0.052197,0.428638,0.009734,0.009734,0.489962,0.009734],[0.491430,0.344677,0.009811,0.072065,0.072206,0.009811],[0.434418,0.448450,0.009810,0.057965,0.039547,0.009810],[0.544201,0.387669,0.009733,0.038932,0.009733,0.009733],[0.587959,0.332775,0.009811,0.020000,0.039646,0.009811],[0.545646,0.329982,0.009727,0.009727,0.095191,0.009727],[0.727528,0.233882,0.009647,0.009647,0.009647,0.009647],[0.022221,0.255159,0.009715,0.009715,0.693474,0.009715],[0.059453,0.180330,0.009717,0.009717,0.731065,0.009717],[0.022099,0.273792,0.009717,0.009717,0.674956,0.009717],[0.583754,0.353494,0.009736,0.009736,0.033542,0.009736],[0.680003,0.234807,0.009815,0.032247,0.033312,0.009815],[0.128374,0.356777,0.009799,0.032461,0.462790,0.009799],[0.582348,0.354952,0.009738,0.009738,0.033486,0.009738],[0.676254,0.206893,0.009814,0.063258,0.033967,0.009814],[0.294936,0.457507,0.009808,0.094791,0.133150,0.009808],[0.499375,0.383148,0.009823,0.088007,0.009823,0.009823],[0.594406,0.302437,0.009804,0.032463,0.051086,0.009804],[0.600955,0.311584,0.009804,0.030003,0.037850,0.009804],[0.088229,0.312579,0.009804,0.029793,0.549791,0.009804],[0.625048,0.291221,0.009804,0.020044,0.044079,0.009804],[0.103345,0.281324,0.009804,0.024933,0.570790,0.009804],[0.661218,0.261198,0.009804,0.016929,0.041047,0.009804],[0.086195,0.159243,0.097072,0.020355,0.627234,0.009901],[1.000000,0.000000,0.000000,0.000000,0.000000,0.000000]],
  [[1.000000,0.000000,0.000000,0.000000,0.000000,0.000000],[0.713722,0.148615,0.083909,0.014561,0.029292,0.009901],[0.657683,0.267994,0.009804,0.018807,0.035909,0.009804],[0.628957,0.287588,0.009804,0.024410,0.039437,0.009804],[0.088718,0.297932,0.009804,0.024934,0.568808,0.009804],[0.607440,0.295596,0.009804,0.034958,0.042398,0.009804],[0.632917,0.278558,0.009804,0.018167,0.050750,0.009804],[0.616142,0.291147,0.009804,0.018786,0.054317,0.009804],[0.613087,0.298658,0.009804,0.025648,0.043000,0.009804],[0.093450,0.331663,0.009804,0.034669,0.520610,0.009804],[0.492178,0.469055,0.009692,0.009692,0.009692,0.009692],[0.766384,0.118392,0.009821,0.046874,0.048708,0.009821],[0.054523,0.291414,0.183004,0.009797,0.451465,0.009797],[1.000000,0.000000,0.000000,0.000000,0.000000,0.000000],[0.593148,0.066776,0.233374,0.047455,0.049375,0.009872],[0.097740,0.304273,0.009800,0.047666,0.530722,0.009800],[0.097818,0.441007,0.009802,0.025149,0.416422,0.009802],[0.078627,0.426880,0.009719,0.009719,0.465335,0.009719],[0.454261,0.484602,0.009810,0.020258,0.021260,0.009810],[0.549554,0.351971,0.009810,0.020211,0.058644,0.009810],[0.021940,0.294993,0.009800,0.020097,0.643369,0.009800],[0.059704,0.257029,0.009800,0.020332,0.643336,0.009800],[0.708813,0.252598,0.009647,0.009647,0.009647,0.009647],[0.732636,0.218287,0.009731,0.019884,0.009731,0.009731],[0.643839,0.277331,0.009811,0.019812,0.039396,0.009811],[0.066479,0.297216,0.009799,0.032577,0.584130,0.009799],[0.587676,0.326971,0.009815,0.032285,0.033437,0.009815],[0.556089,0.327755,0.009815,0.062805,0.033720,0.009815],[0.402974,0.480072,0.009814,0.033009,0.064319,0.009814],[0.308292,0.513376,0.009814,0.063561,0.095143,0.009814],[0.518616,0.357162,0.009741,0.009741,0.094999,0.009741],[0.497445,0.223032,0.009831,0.087459,0.172402,0.009831],[0.558639,0.338718,0.009804,0.035559,0.047476,0.009804],[0.070244,0.302851,0.009804,0.026124,0.581172,0.009804],[0.615087,0.291136,0.009804,0.028131,0.046039,0.009804],[0.624677,0.288382,0.009804,0.026897,0.040436,0.009804],[0.099703,0.294525,0.009804,0.020095,0.566069,0.009804],[0.670057,0.250286,0.009804,0.020052,0.039997,0.009804],[0.698610,0.146357,0.101954,0.009863,0.033353,0.009863],[1.000000,0.000000,0.000000,0.000000,0.000000,0.000000]],
  [[1.000000,0.000000,0.000000,0.000000,0.000000,0.000000],[0.714588,0.136141,0.092154,0.015097,0.032119,0.009901],[0.684871,0.233743,0.009804,0.018178,0.043600,0.009804],[0.653097,0.259019,0.009804,0.029389,0.038888,0.009804],[0.620014,0.288246,0.009804,0.028134,0.043998,0.009804],[0.096350,0.306731,0.009804,0.024955,0.552356,0.009804],[0.618350,0.287661,0.009804,0.029375,0.045006,0.009804],[0.621420,0.280201,0.009804,0.031233,0.047539,0.009804],[0.609778,0.297976,0.009804,0.028132,0.044506,0.009804],[0.584479,0.328229,0.009804,0.020036,0.047649,0.009804],[0.230630,0.254151,0.009798,0.047154,0.448470,0.009798],[0.669731,0.252656,0.009745,0.009745,0.048378,0.009745],[0.239404,0.148295,0.414075,0.045730,0.142915,0.009581],[1.000000,0.000000,0.000000,0.000000,0.000000,0.000000],[0.412495,0.248038,0.189112,0.046384,0.094101,0.009871],[0.052533,0.348732,0.009733,0.009733,0.569537,0.009733],[0.244855,0.540095,0.009809,0.048374,0.147059,0.009809],[0.451406,0.487682,0.009810,0.020187,0.021106,0.009810],[0.059535,0.330820,0.009718,0.009718,0.580490,0.009718],[0.568240,0.352648,0.009810,0.020117,0.039374,0.009810],[0.606979,0.276279,0.009811,0.057570,0.039551,0.009811],[0.602099,0.329618,0.009725,0.009725,0.039108,0.009725],[0.751597,0.142908,0.009725,0.009725,0.076320,0.009725],[0.619845,0.330496,0.009729,0.009729,0.020472,0.009729],[0.060355,0.164411,0.009802,0.019981,0.735649,0.009802],[0.036305,0.478587,0.009728,0.009728,0.455924,0.009728],[0.035858,0.420740,0.009800,0.063240,0.460563,0.009800],[0.459822,0.387033,0.009747,0.123902,0.009747,0.009747],[0.065943,0.419674,0.009799,0.032423,0.462361,0.009799],[0.126773,0.326393,0.009724,0.009724,0.517662,0.009724],[0.676106,0.238191,0.009814,0.032704,0.033371,0.009814],[0.495127,0.465764,0.009777,0.009777,0.009777,0.009777],[0.087701,0.329444,0.009804,0.037673,0.525573,0.009804],[0.606024,0.301941,0.009804,0.026887,0.045539,0.009804],[0.622246,0.283989,0.009804,0.025020,0.049137,0.009804],[0.638806,0.276416,0.009804,0.023163,0.042007,0.009804],[0.646485,0.273652,0.009804,0.021298,0.038957,0.009804],[0.681144,0.240647,0.009804,0.017556,0.041046,0.009804],[0.704882,0.142854,0.097673,0.012650,0.032040,0.009901],[1.000000,0.000000,0.000000,0.000000,0.000000,0.000000]],
  [[1.000000,0.000000,0.000000,0.000000,0.000000,0.000000],[0.710313,0.143666,0.092147,0.016303,0.027670,0.009901],[0.678534,0.235845,0.009804,0.025037,0.040976,0.009804],[0.656329,0.261973,0.009804,0.020049,0.042040,0.009804],[0.621831,0.284509,0.009804,0.024397,0.049655,0.009804],[0.092990,0.318891,0.009804,0.030415,0.538096,0.009804],[0.620148,0.290486,0.009804,0.023156,0.046603,0.009804],[0.102786,0.275870,0.009804,0.027950,0.573785,0.009804],[0.623612,0.272303,0.009804,0.031846,0.052631,0.009804],[0.568971,0.321779,0.009804,0.032449,0.057192,0.009804],[0.494080,0.346500,0.009822,0.046375,0.093401,0.009822],[0.493539,0.294906,0.009788,0.009788,0.182193,0.009788],[0.188808,0.202736,0.095032,0.092766,0.410793,0.009865],[1.000000,0.000000,0.000000,0.000000,0.000000,0.000000],[0.187304,0.155368,0.052100,0.092219,0.503154,0.009854],[0.096496,0.611888,0.009731,0.009731,0.262424,0.009731],[0.051276,0.417151,0.009802,0.048602,0.463367,0.009802],[0.451246,0.412193,0.009809,0.058267,0.058677,0.009809],[0.040566,0.388028,0.009717,0.009717,0.542256,0.009717],[0.506940,0.387216,0.009727,0.009727,0.076663,0.009727],[0.041231,0.238830,0.009801,0.019698,0.680638,0.009801],[0.671346,0.290060,0.009648,0.009648,0.009648,0.009648],[0.078279,0.291843,0.009716,0.009716,0.600729,0.009716],[0.662524,0.277169,0.009810,0.020023,0.020663,0.009810],[0.598902,0.332931,0.009725,0.009725,0.038992,0.009725],[0.009758,0.361195,0.009758,0.063122,0.546410,0.009758],[0.547639,0.388569,0.009738,0.009738,0.034577,0.009738],[0.488939,0.387018,0.009737,0.009737,0.094833,0.009737],[0.250217,0.266599,0.009799,0.063085,0.400499,0.009799],[0.459249,0.392628,0.009813,0.063711,0.064786,0.009813],[0.398509,0.515152,0.009814,0.032397,0.034313,0.009814],[0.488362,0.228775,0.009789,0.009789,0.253496,0.009789],[0.545478,0.361687,0.009804,0.028743,0.044485,0.009804],[0.592308,0.312604,0.009804,0.026881,0.048598,0.009804],[0.616560,0.290398,0.009804,0.023774,0.049660,0.009804],[0.090613,0.279453,0.009804,0.020070,0.590255,0.009804],[0.640165,0.282662,0.009804,0.017553,0.040013,0.009804],[0.675312,0.255507,0.009804,0.015686,0.033887,0.009804],[0.685106,0.158870,0.090301,0.013295,0.042528,0.009901],[1.000000,0.000000,0.000000,0.000000,0.000000,0.000000]],
  [[1.000000,0.000000,0.000000,0.000000,0.000000,0.000000],[0.085762,0.160312,0.118958,0.015542,0.609526,0.009901],[0.688776,0.233583,0.009804,0.023177,0.034856,0.009804],[0.619780,0.285211,0.009804,0.029374,0.046027,0.009804],[0.611527,0.287158,0.009804,0.027498,0.054209,0.009804],[0.600625,0.305078,0.009804,0.031236,0.043453,0.009804],[0.595660,0.312836,0.009804,0.023773,0.048122,0.009804],[0.599659,0.311667,0.009804,0.028135,0.040930,0.009804],[0.606739,0.296938,0.009804,0.028126,0.048589,0.009804],[0.092478,0.331088,0.009804,0.035875,0.520951,0.009804],[0.142646,0.348771,0.009801,0.047114,0.441867,0.009801],[0.447997,0.342692,0.097592,0.092067,0.009826,0.009826],[1.000000,0.000000,0.000000,0.000000,0.000000,0.000000],[1.000000,0.000000,0.000000,0.000000,0.000000,0.000000],[0.369741,0.333965,0.189971,0.047027,0.049431,0.009865],[0.493329,0.384915,0.009751,0.009751,0.092503,0.009751],[0.350293,0.508932,0.009811,0.048734,0.072420,0.009811],[0.546432,0.354852,0.009809,0.020516,0.058581,0.009809],[0.490323,0.429958,0.009810,0.020070,0.040030,0.009810],[0.604169,0.259780,0.009810,0.057941,0.058489,0.009810],[0.588011,0.294939,0.009811,0.057569,0.039859,0.009811],[0.582727,0.274109,0.009729,0.009729,0.113978,0.009729],[0.040806,0.276337,0.009801,0.020027,0.643229,0.009801],[0.097257,0.386684,0.009717,0.009717,0.486909,0.009717],[0.078470,0.351395,0.009720,0.009720,0.540976,0.009720],[0.448148,0.305155,0.009809,0.033109,0.193969,0.009809],[0.678009,0.235925,0.009815,0.032436,0.034000,0.009815],[0.618086,0.265346,0.009815,0.032360,0.064578,0.009815],[0.492753,0.360067,0.009814,0.032589,0.094962,0.009814],[0.067452,0.393633,0.009802,0.093583,0.425728,0.009802],[0.291935,0.553387,0.009809,0.032956,0.102103,0.009809],[0.097436,0.313130,0.009759,0.009759,0.560157,0.009759],[0.094978,0.349632,0.009804,0.033492,0.502290,0.009804],[0.596161,0.306488,0.009804,0.031231,0.046512,0.009804],[0.617588,0.295561,0.009804,0.029385,0.037859,0.009804],[0.649896,0.271905,0.009804,0.017553,0.041039,0.009804],[0.647501,0.265164,0.009804,0.023161,0.044565,0.009804],[0.094644,0.268874,0.009804,0.030947,0.585927,0.009804],[0.083601,0.174452,0.096279,0.018636,0.617131,0.009901],[1.000000,0.000000,0.000000,0.000000,0.000000,0.000000]],
  [[1.000000,0.000000,0.000000,0.000000,0.000000,0.000000],[0.678269,0.160497,0.098499,0.014438,0.038397,0.009901],[0.652030,0.261126,0.009804,0.026278,0.040959,0.009804],[0.093813,0.296206,0.009804,0.031591,0.558782,0.009804],[0.567596,0.336517,0.009804,0.025632,0.050647,0.009804],[0.567285,0.329996,0.009804,0.026868,0.056244,0.009804],[0.565319,0.334081,0.009804,0.032462,0.048530,0.009804],[0.589027,0.313612,0.009804,0.034333,0.043420,0.009804],[0.586812,0.321072,0.009804,0.024394,0.048113,0.009804],[0.535781,0.372075,0.009804,0.033711,0.038825,0.009804],[0.620621,0.301512,0.009748,0.009748,0.048622,0.009748],[0.243078,0.514619,0.040814,0.090718,0.101065,0.009706],[0.409931,0.334986,0.141913,0.009809,0.093552,0.009809],[1.000000,0.000000,0.000000,0.000000,0.000000,0.000000],[0.591346,0.198709,0.097421,0.009800,0.092923,0.009800],[0.403942,0.557291,0.009692,0.009692,0.009692,0.009692],[0.144517,0.273060,0.009801,0.024824,0.537998,0.009801],[0.452296,0.486938,0.009810,0.020117,0.021029,0.009810],[0.256439,0.470495,0.009806,0.077298,0.176156,0.009806],[0.585548,0.335237,0.009810,0.038913,0.020682,0.009810],[0.059948,0.389948,0.009801,0.020074,0.510427,0.009801],[0.173597,0.256331,0.009801,0.076498,0.473972,0.009801],[0.531626,0.351678,0.009811,0.019788,0.077286,0.009811],[0.021813,0.314537,0.009801,0.057652,0.586396,0.009801],[0.581677,0.350039,0.009725,0.009725,0.039109,0.009725],[0.526234,0.387481,0.009815,0.032436,0.034220,0.009815],[0.585985,0.350645,0.009736,0.009736,0.034163,0.009736],[0.499745,0.323210,0.009817,0.031752,0.125660,0.009817],[0.096604,0.383594,0.009722,0.009722,0.490636,0.009722],[0.549552,0.387502,0.009738,0.009738,0.033733,0.009738],[0.097601,0.302523,0.009802,0.063406,0.516867,0.009802],[0.018398,0.149662,0.009799,0.086665,0.725678,0.009799],[0.557187,0.349059,0.009804,0.028122,0.046025,0.009804],[0.592516,0.303922,0.009804,0.031842,0.052112,0.009804],[0.630532,0.275984,0.009804,0.029377,0.044499,0.009804],[0.656153,0.254009,0.009804,0.031873,0.038356,0.009804],[0.668315,0.252623,0.009804,0.022549,0.036904,0.009804],[0.664765,0.196923,0.070757,0.020731,0.036922,0.009901],[0.071943,0.149144,0.114428,0.018427,0.636156,0.009901],[1.000000,0.000000,0.000000,0.000000,0.000000,0.000000]],
  [[1.000000,0.000000,0.000000,0.000000,0.000000,0.000000],[0.687034,0.157616,0.093958,0.014475,0.037015,0.009901],[0.091545,0.305033,0.009804,0.027973,0.555841,0.009804],[0.584640,0.317492,0.009804,0.034332,0.043928,0.009804],[0.537552,0.364339,0.009804,0.023758,0.054743,0.009804],[0.320242,0.445213,0.009804,0.030363,0.184574,0.009804],[0.572973,0.338979,0.009804,0.027510,0.040930,0.009804],[0.579462,0.320765,0.009804,0.027495,0.052670,0.009804],[0.587759,0.306638,0.009804,0.034940,0.051056,0.009804],[0.534410,0.360115,0.009804,0.034310,0.051558,0.009804],[0.086149,0.392588,0.009804,0.032940,0.468716,0.009804],[0.491623,0.404155,0.009804,0.029961,0.054653,0.009804],[0.505345,0.316109,0.083395,0.031959,0.053291,0.009901],[0.559566,0.253238,0.098066,0.028749,0.050481,0.009901],[0.553129,0.269157,0.100935,0.022762,0.044115,0.009901],[0.088778,0.334213,0.009804,0.031036,0.526365,0.009804],[0.532994,0.373472,0.009804,0.026875,0.047052,0.009804],[0.480679,0.403507,0.009804,0.035522,0.060685,0.009804],[0.090254,0.389065,0.009804,0.042627,0.458446,0.009804],[0.527642,0.370341,0.009804,0.034934,0.047475,0.009804],[0.557912,0.336723,0.009804,0.027485,0.058272,0.009804],[0.578880,0.333176,0.009804,0.026889,0.041448,0.009804],[0.609272,0.295528,0.009804,0.027506,0.048086,0.009804],[0.602589,0.314369,0.009804,0.025030,0.038404,0.009804],[0.611336,0.300216,0.009804,0.023779,0.045061,0.009804],[0.676282,0.236884,0.009804,0.023166,0.044061,0.009804],[0.000000,0.000000,0.000000,0.000000,0.000000,1.000000],[0.000000,0.000000,0.000000,0.000000,0.000000,1.000000],[0.652294,0.253718,0.009804,0.026269,0.048110,0.009804],[0.590131,0.315891,0.009804,0.029370,0.044999,0.009804],[0.096007,0.352789,0.009804,0.029864,0.501731,0.009804],[0.526395,0.383009,0.009804,0.030608,0.040381,0.009804],[0.089828,0.361699,0.009804,0.032291,0.496574,0.009804],[0.097976,0.325944,0.009804,0.018909,0.537564,0.009804],[0.609332,0.297508,0.009804,0.027509,0.046044,0.009804],[0.653532,0.254609,0.009804,0.028761,0.043489,0.009804],[0.645517,0.184946,0.099228,0.021607,0.038800,0.009901],[0.688387,0.169703,0.085731,0.014543,0.031735,0.009901],[1.000000,0.000000,0.000000,0.000000,0.000000,0.000000],[1.000000,0.000000,0.000000,0.000000,0.000000,0.000000]],
