[
  [[1.000000,0.000000,0.000000,0.000000,0.000000,0.000000],[1.000000,0.000000,0.000000,0.000000,0.000000,0.000000],[1.000000,0.000000,0.000000,0.000000,0.000000,0.000000],[1.000000,0.000000,0.000000,0.000000,0.000000,0.000000],[1.000000,0.000000,0.000000,0.000000,0.000000,0.000000],[1.000000,0.000000,0.000000,0.000000,0.000000,0.000000],[1.000000,0.000000,0.000000,0.000000,0.000000,0.000000],[1.000000,0.000000,0.000000,0.000000,0.000000,0.000000],[1.000000,0.000000,0.000000,0.000000,0.000000,0.000000],[1.000000,0.000000,0.000000,0.000000,0.000000,0.000000],[1.000000,0.000000,0.000000,0.000000,0.000000,0.000000],[1.000000,0.000000,0.000000,0.000000,0.000000,0.000000],[1.000000,0.000000,0.000000,0.000000,0.000000,0.000000],[1.000000,0.000000,0.000000,0.000000,0.000000,0.000000],[1.000000,0.000000,0.000000,0.000000,0.000000,0.000000],[1.000000,0.000000,0.000000,0.000000,0.000000,0.000000],[1.000000,0.000000,0.000000,0.000000,0.000000,0.000000],[1.000000,0.000000,0.000000,0.000000,0.000000,0.000000],[1.000000,0.000000,0.000000,0.000000,0.000000,0.000000],[1.000000,0.000000,0.000000,0.000000,0.000000,0.000000],[1.000000,0.000000,0.000000,0.000000,0.000000,0.000000],[1.000000,0.000000,0.000000,0.000000,0.000000,0.000000],[1.000000,0.000000,0.000000,0.000000,0.000000,0.000000],[1.000000,0.000000,0.000000,0.000000,0.000000,0.000000],[1.000000,0.000000,0.000000,0.000000,0.000000,0.000000],[1.000000,0.000000,0.000000,0.000000,0.000000,0.000000],[1.000000,0.000000,0.000000,0.000000,0.000000,0.000000],[1.000000,0.000000,0.000000,0.000000,0.000000,0.000000],[1.000000,0.000000,0.000000,0.000000,0.000000,0.000000],[1.000000,0.000000,0.000000,0.000000,0.000000,0.000000],[1.000000,0.000000,0.000000,0.000000,0.000000,0.000000],[1.000000,0.000000,0.000000,0.000000,0.000000,0.000000],[1.000000,0.000000,0.000000,0.000000,0.000000,0.000000],[1.000000,0.000000,0.000000,0.000000,0.000000,0.000000],[1.000000,0.000000,0.000000,0.000000,0.000000,0.000000],[1.000000,0.000000,0.000000,0.000000,0.000000,0.000000],[1.000000,0.000000,0.000000,0.000000,0.000000,0.000000],[1.000000,0.000000,0.000000,0.000000,0.000000,0.000000],[1.000000,0.000000,0.000000,0.000000,0.000000,0.000000],[1.000000,0.000000,0.000000,0.000000,0.000000,0.000000]],
  [[1.000000,0.000000,0.000000,0.000000,0.000000,0.000000],[0.948303,0.007135,0.007130,0.001644,0.035788,0.000000],[0.083653,0.009957,0.010520,0.002435,0.893435,0.000000],[0.920902,0.014943,0.014209,0.004688,0.045258,0.000000],[0.126252,0.015948,0.019127,0.006304,0.832368,0.000000],[0.126122,0.015927,0.019135,0.006300,0.832516,0.000000],[0.908315,0.013935,0.017239,0.005147,0.055364,0.000000],[0.914232,0.016037,0.014678,0.005351,0.049701,0.000000],[0.125925,0.014883,0.017924,0.006129,0.835139,0.000000],[0.908186,0.014688,0.018106,0.005162,0.053859,0.000000],[0.126221,0.015949,0.019128,0.006304,0.832398,0.000000],[0.920969,0.014913,0.014199,0.004684,0.045235,0.000000],[0.085431,0.009736,0.010168,0.002504,0.892161,0.000000],[0.935387,0.009818,0.010557,0.002247,0.041991,0.000000],[0.074525,0.007851,0.008067,0.001885,0.907672,0.000000],[0.066213,0.006460,0.006568,0.001540,0.919219,0.000000],[0.066615,0.006122,0.006112,0.001553,0.919598,0.000000],[0.946987,0.007296,0.007379,0.001726,0.036612,0.000000],[0.935731,0.009280,0.009671,0.002359,0.042959,0.000000],[0.918247,0.014994,0.013896,0.005170,0.047693,0.000000],[0.908471,0.013908,0.017307,0.005147,0.055168,0.000000],[0.124964,0.014865,0.017963,0.006127,0.836081,0.000000],[0.908458,0.013909,0.017308,0.005147,0.055178,0.000000],[0.919869,0.014824,0.013791,0.004857,0.046659,0.000000],[0.935388,0.009840,0.010540,0.002248,0.041984,0.000000],[0.074044,0.008123,0.008565,0.001876,0.907391,0.000000],[0.952855,0.006616,0.006510,0.001438,0.032581,0.000000],[0.060717,0.005254,0.005231,0.001304,0.927494,0.000000],[0.962908,0.004091,0.004356,0.001017,0.027629,0.000000],[0.055520,0.003899,0.004153,0.001078,0.935350,0.000000],[0.056087,0.003724,0.003993,0.001102,0.935094,0.000000],[0.958943,0.004794,0.004722,0.001223,0.030318,0.000000],[0.954502,0.005692,0.005588,0.001410,0.032808,0.000000],[0.948345,0.007135,0.007134,0.001644,0.035742,0.000000],[0.072191,0.006632,0.006610,0.001665,0.912903,0.000000],[1.000000,0.000000,0.000000,0.000000,0.000000,0.000000],[0.947062,0.006957,0.006874,0.001764,0.037343,0.000000],[0.947372,0.007310,0.007305,0.001717,0.036296,0.000000],[0.948164,0.006895,0.006758,0.001665,0.036518,0.000000],[1.000000,0.000000,0.000000,0.000000,0.000000,0.000000]],
  [[1.000000,0.000000,0.000000,0.000000,0.000000,0.000000],[0.945784,0.008143,0.008350,0.001738,0.035985,0.000000],[0.094471,0.017765,0.000000,0.002798,0.884967,0.000000],[0.914064,0.029345,0.000000,0.005395,0.051195,0.000000],[0.905096,0.029110,0.000000,0.005525,0.060269,0.000000],[0.602620,0.059413,0.000000,0.014376,0.323591,0.000000],[0.906222,0.027303,0.000000,0.005416,0.061058,0.000000],[0.909292,0.028245,0.000000,0.005891,0.056572,0.000000],[0.903563,0.027508,0.000000,0.005649,0.063280,0.000000],[0.603619,0.057908,0.000000,0.014224,0.324249,0.000000],[0.137797,0.028988,0.000000,0.006144,0.827071,0.000000],[0.907179,0.031617,0.000000,0.005997,0.055207,0.000000],[0.915531,0.027456,0.000000,0.005353,0.051660,0.000000],[0.932500,0.017824,0.000000,0.002625,0.047051,0.000000],[0.943637,0.013816,0.000000,0.002003,0.040543,0.000000],[0.952201,0.010735,0.000000,0.001547,0.035517,0.000000],[0.952105,0.010282,0.000000,0.001580,0.036032,0.000000],[0.943633,0.013271,0.000000,0.002017,0.041079,0.000000],[0.932393,0.017474,0.000000,0.002617,0.047515,0.000000],[0.915502,0.027460,0.000000,0.005354,0.051684,0.000000],[0.905944,0.028069,0.000000,0.005444,0.060543,0.000000],[0.606312,0.055356,0.000000,0.013528,0.324804,0.000000],[0.906453,0.027276,0.000000,0.005407,0.060864,0.000000],[0.915522,0.027462,0.000000,0.005352,0.051665,0.000000],[0.094138,0.017694,0.000000,0.002784,0.885384,0.000000],[0.944070,0.014729,0.000000,0.001957,0.039244,0.000000],[0.071983,0.011571,0.000000,0.001728,0.914719,0.000000],[0.957406,0.009132,0.000000,0.001296,0.032166,0.000000],[0.062572,0.006764,0.004423,0.001418,0.924823,0.000000],[1.000000,0.000000,0.000000,0.000000,0.000000,0.000000],[0.958261,0.005159,0.005064,0.001234,0.030282,0.000000],[0.958327,0.004854,0.004783,0.001244,0.030792,0.000000],[1.000000,0.000000,0.000000,0.000000,0.000000,0.000000],[0.072901,0.007222,0.007228,0.001794,0.910854,0.000000],[1.000000,0.000000,0.000000,0.000000,0.000000,0.000000],[0.933978,0.010460,0.009859,0.002445,0.043258,0.000000],[0.935912,0.013644,0.005076,0.002278,0.043090,0.000000],[0.932988,0.017411,0.000000,0.002601,0.047001,0.000000],[0.083445,0.009906,0.010526,0.002429,0.893695,0.000000],[1.000000,0.000000,0.000000,0.000000,0.000000,0.000000]],
  [[1.000000,0.000000,0.000000,0.000000,0.000000,0.000000],[0.074009,0.008109,0.008566,0.001875,0.907442,0.000000],[0.932270,0.017878,0.000000,0.002636,0.047216,0.000000],[0.913588,0.028603,0.000000,0.005448,0.052361,0.000000],[0.133051,0.028865,0.000000,0.005907,0.832177,0.000000],[0.903978,0.029267,0.000000,0.005573,0.061183,0.000000],[0.905160,0.027433,0.000000,0.005464,0.061943,0.000000],[0.911483,0.026393,0.000000,0.005554,0.056570,0.000000],[0.903904,0.026525,0.000000,0.005509,0.064062,0.000000],[0.897414,0.030962,0.000000,0.005977,0.065647,0.000000],[0.897537,0.030953,0.000000,0.005974,0.065536,0.000000],[0.900702,0.029796,0.000000,0.005802,0.063700,0.000000],[0.111288,0.027031,0.000000,0.005883,0.855799,0.000000],[0.931650,0.017555,0.000000,0.002639,0.048157,0.000000],[0.943829,0.012517,0.000000,0.001973,0.041681,0.000000],[0.073633,0.009424,0.000000,0.001643,0.915299,0.000000],[0.951358,0.009966,0.000000,0.001615,0.037060,0.000000],[0.942876,0.013901,0.000000,0.002027,0.041196,0.000000],[0.093913,0.017614,0.000000,0.002774,0.885699,0.000000],[0.108525,0.028269,0.000000,0.005804,0.857403,0.000000],[0.905078,0.028179,0.000000,0.005482,0.061261,0.000000],[0.905498,0.027389,0.000000,0.005448,0.061666,0.000000],[0.906058,0.026681,0.000000,0.005273,0.061989,0.000000],[0.914736,0.027571,0.000000,0.005390,0.052303,0.000000],[0.094983,0.016997,0.000000,0.002771,0.885250,0.000000],[0.943820,0.013957,0.000000,0.001972,0.040251,0.000000],[0.072482,0.010750,0.000000,0.001690,0.915077,0.000000],[0.071013,0.012082,0.000000,0.001712,0.915193,0.000000],[0.951142,0.009031,0.004895,0.001560,0.033372,0.000000],[0.951584,0.006905,0.006135,0.001528,0.033848,0.000000],[1.000000,0.000000,0.000000,0.000000,0.000000,0.000000],[1.000000,0.000000,0.000000,0.000000,0.000000,0.000000],[1.000000,0.000000,0.000000,0.000000,0.000000,0.000000],[1.000000,0.000000,0.000000,0.000000,0.000000,0.000000],[0.933701,0.010499,0.009877,0.002455,0.043468,0.000000],[0.919423,0.021941,0.005772,0.004687,0.048177,0.000000],[0.915331,0.026718,0.000000,0.005336,0.052614,0.000000],[0.111704,0.027174,0.000000,0.005920,0.855203,0.000000],[0.920587,0.014825,0.014088,0.004755,0.045745,0.000000],[1.000000,0.000000,0.000000,0.000000,0.000000,0.000000]],
  [[1.000000,0.000000,0.000000,0.000000,0.000000,0.000000],[0.074573,0.007858,0.008065,0.001886,0.907618,0.000000],[0.932306,0.017503,0.000000,0.002620,0.047570,0.000000],[0.913752,0.028563,0.000000,0.005435,0.052251,0.000000],[0.109100,0.029199,0.000000,0.005982,0.855718,0.000000],[0.113419,0.032014,0.000000,0.006471,0.848096,0.000000],[0.906713,0.030734,0.000000,0.005961,0.056592,0.000000],[0.902246,0.029551,0.000000,0.006431,0.061773,0.000000],[0.902486,0.029529,0.000000,0.006421,0.061564,0.000000],[0.898782,0.027995,0.000000,0.005934,0.067288,0.000000],[0.607445,0.053055,0.000000,0.013365,0.326134,0.000000],[0.901889,0.028558,0.000000,0.005734,0.063819,0.000000],[0.111158,0.027017,0.000000,0.005874,0.855951,0.000000],[0.931777,0.017526,0.000000,0.002631,0.048066,0.000000],[0.943916,0.012496,0.000000,0.001967,0.041621,0.000000],[0.951542,0.010341,0.000000,0.001594,0.036523,0.000000],[0.072894,0.010050,0.000000,0.001660,0.915396,0.000000],[0.943555,0.014788,0.000000,0.001969,0.039688,0.000000],[0.093188,0.018171,0.000000,0.002775,0.885866,0.000000],[0.913749,0.029947,0.000000,0.005496,0.050807,0.000000],[0.111225,0.027030,0.000000,0.005879,0.855866,0.000000],[0.915365,0.026668,0.000000,0.005315,0.052652,0.000000],[0.915458,0.026659,0.000000,0.005309,0.052574,0.000000],[0.914976,0.027511,0.000000,0.005369,0.052144,0.000000],[0.931815,0.017533,0.000000,0.002630,0.048022,0.000000],[0.943027,0.013339,0.000000,0.002033,0.041601,0.000000],[0.943829,0.013956,0.000000,0.001970,0.040245,0.000000],[0.081472,0.015232,0.000000,0.002265,0.901031,0.000000],[0.081615,0.015262,0.000000,0.002274,0.900849,0.000000],[0.944903,0.010760,0.004834,0.001809,0.037694,0.000000],[0.944768,0.008179,0.007518,0.001867,0.037669,0.000000],[0.952818,0.005743,0.005623,0.001505,0.034311,0.000000],[0.947313,0.007079,0.007015,0.001696,0.036897,0.000000],[0.946451,0.007418,0.007383,0.001747,0.037001,0.000000],[0.936006,0.013801,0.005382,0.002261,0.042550,0.000000],[0.915394,0.026699,0.000000,0.005328,0.052578,0.000000],[0.904943,0.028206,0.000000,0.005493,0.061358,0.000000],[0.905791,0.028096,0.000000,0.005455,0.060659,0.000000],[0.908752,0.014004,0.017810,0.005085,0.054348,0.000000],[1.000000,0.000000,0.000000,0.000000,0.000000,0.000000]],
  [[1.000000,0.000000,0.000000,0.000000,0.000000,0.000000],[0.946182,0.007732,0.007861,0.001732,0.036493,0.000000],[0.932417,0.017847,0.000000,0.002628,0.047108,0.000000],[0.931557,0.017954,0.000000,0.002658,0.047831,0.000000],[0.092903,0.020670,0.000000,0.002913,0.883513,0.000000],[0.108662,0.032596,0.000000,0.006102,0.852640,0.000000],[0.131322,0.030717,0.000000,0.005952,0.832009,0.000000],[0.904755,0.028195,0.000000,0.005494,0.061556,0.000000],[0.902630,0.027602,0.000000,0.005684,0.064084,0.000000],[0.136791,0.027848,0.000000,0.006032,0.829329,0.000000],[0.905632,0.027355,0.000000,0.005435,0.061578,0.000000],[0.905656,0.027356,0.000000,0.005434,0.061554,0.000000],[0.915387,0.026671,0.000000,0.005316,0.052626,0.000000],[0.931791,0.017537,0.000000,0.002631,0.048041,0.000000],[0.943925,0.012494,0.000000,0.001968,0.041613,0.000000],[0.951541,0.010339,0.000000,0.001595,0.036526,0.000000],[0.073893,0.009461,0.000000,0.001650,0.914995,0.000000],[0.943582,0.014788,0.000000,0.001968,0.039662,0.000000],[0.093941,0.017633,0.000000,0.002774,0.885652,0.000000],[0.931680,0.018515,0.000000,0.002662,0.047143,0.000000],[0.932593,0.016595,0.000000,0.002585,0.048226,0.000000],[0.932533,0.016596,0.000000,0.002585,0.048286,0.000000],[0.932609,0.016592,0.000000,0.002583,0.048217,0.000000],[0.096934,0.016294,0.000000,0.002804,0.883968,0.000000],[0.932550,0.016602,0.000000,0.002585,0.048263,0.000000],[0.933415,0.015578,0.000000,0.002517,0.048490,0.000000],[0.931751,0.017914,0.000000,0.002647,0.047689,0.000000],[0.093294,0.018194,0.000000,0.002780,0.885732,0.000000],[0.930515,0.020829,0.000000,0.002663,0.045993,0.000000],[0.094245,0.017715,0.000000,0.002793,0.885246,0.000000],[0.945041,0.010718,0.004849,0.001805,0.037587,0.000000],[0.952559,0.006354,0.005642,0.001527,0.033918,0.000000],[1.000000,0.000000,0.000000,0.000000,0.000000,0.000000],[0.086944,0.013082,0.004743,0.002546,0.892686,0.000000],[0.931910,0.017552,0.000000,0.002636,0.047902,0.000000],[0.113007,0.026051,0.000000,0.005882,0.855060,0.000000],[0.905245,0.027433,0.000000,0.005464,0.061858,0.000000],[0.606302,0.055403,0.000000,0.013549,0.324746,0.000000],[0.125175,0.014901,0.017952,0.006134,0.835838,0.000000],[1.000000,0.000000,0.000000,0.000000,0.000000,0.000000]],
  [[1.000000,0.000000,0.000000,0.000000,0.000000,0.000000],[0.075755,0.007703,0.007684,0.001959,0.906900,0.000000],[0.943552,0.013287,0.000000,0.002021,0.041140,0.000000],[0.082588,0.013398,0.000000,0.002181,0.901834,0.000000],[0.930240,0.020841,0.000000,0.002670,0.046249,0.000000],[0.109822,0.034660,0.000000,0.006367,0.849150,0.000000],[0.132081,0.032717,0.000000,0.006145,0.829057,0.000000],[0.599900,0.062240,0.000000,0.014725,0.323135,0.000000],[0.901730,0.028576,0.000000,0.005749,0.063945,0.000000],[0.907022,0.030687,0.000000,0.005946,0.056345,0.000000],[0.914718,0.027547,0.000000,0.005386,0.052348,0.000000],[0.915240,0.026695,0.000000,0.005323,0.052743,0.000000],[0.915374,0.026675,0.000000,0.005318,0.052633,0.000000],[0.931861,0.017906,0.000000,0.002642,0.047590,0.000000],[0.082353,0.013373,0.000000,0.002172,0.902102,0.000000],[0.951554,0.010807,0.000000,0.001566,0.036073,0.000000],[0.951367,0.009958,0.000000,0.001613,0.037062,0.000000],[0.943908,0.013933,0.000000,0.001966,0.040193,0.000000],[0.082326,0.013370,0.000000,0.002171,0.902133,0.000000],[0.942957,0.013884,0.000000,0.002022,0.041138,0.000000],[0.943854,0.012504,0.000000,0.001969,0.041672,0.000000],[0.944920,0.011587,0.000000,0.001872,0.041621,0.000000],[0.943842,0.012498,0.000000,0.001968,0.041692,0.000000],[0.932593,0.016590,0.000000,0.002582,0.048235,0.000000],[0.915296,0.026663,0.000000,0.005313,0.052728,0.000000],[0.917821,0.024585,0.000000,0.005070,0.052525,0.000000],[0.914047,0.028507,0.000000,0.005411,0.052035,0.000000],[0.110170,0.027820,0.000000,0.005851,0.856158,0.000000],[0.913406,0.030003,0.000000,0.005520,0.051071,0.000000],[0.095439,0.017089,0.000000,0.002792,0.884680,0.000000],[0.943608,0.008708,0.007922,0.001879,0.037884,0.000000],[1.000000,0.000000,0.000000,0.000000,0.000000,0.000000],[0.945186,0.007917,0.007914,0.001768,0.037215,0.000000],[0.935871,0.013826,0.005394,0.002265,0.042643,0.000000],[0.914581,0.027583,0.000000,0.005398,0.052438,0.000000],[0.907637,0.029541,0.000000,0.005956,0.056866,0.000000],[0.900390,0.029826,0.000000,0.005817,0.063967,0.000000],[0.901448,0.029683,0.000000,0.005770,0.063099,0.000000],[0.905209,0.014639,0.018260,0.005309,0.056582,0.000000],[1.000000,0.000000,0.000000,0.000000,0.000000,0.000000]],
  [[1.000000,0.000000,0.000000,0.000000,0.000000,0.000000],[0.953610,0.006140,0.006049,0.001417,0.032783,0.000000],[0.943443,0.013835,0.000000,0.002010,0.040712,0.000000],[0.931544,0.017960,0.000000,0.002657,0.047838,0.000000],[0.093613,0.018227,0.000000,0.002790,0.885370,0.000000],[0.109230,0.030951,0.000000,0.006118,0.853701,0.000000],[0.131648,0.030765,0.000000,0.005968,0.831619,0.000000],[0.903218,0.030200,0.000000,0.005641,0.060941,0.000000],[0.136585,0.028603,0.000000,0.006006,0.828806,0.000000],[0.913750,0.028540,0.000000,0.005421,0.052288,0.000000],[0.095142,0.017013,0.000000,0.002773,0.885071,0.000000],[0.931568,0.017570,0.000000,0.002639,0.048222,0.000000],[0.931774,0.017914,0.000000,0.002646,0.047666,0.000000],[0.092313,0.020608,0.000000,0.002894,0.884186,0.000000],[0.081527,0.015210,0.000000,0.002264,0.900999,0.000000],[0.943835,0.013945,0.000000,0.001970,0.040250,0.000000],[0.084927,0.012366,0.000000,0.002121,0.900586,0.000000],[0.943010,0.013341,0.000000,0.002034,0.041615,0.000000],[0.943039,0.013338,0.000000,0.002033,0.041590,0.000000],[0.082158,0.013345,0.000000,0.002166,0.902331,0.000000],[0.942963,0.013876,0.000000,0.002020,0.041141,0.000000],[0.943074,0.013319,0.000000,0.002030,0.041576,0.000000],[0.943787,0.012507,0.000000,0.001971,0.041735,0.000000],[0.933432,0.015572,0.000000,0.002516,0.048480,0.000000],[0.915252,0.026668,0.000000,0.005319,0.052760,0.000000],[0.905711,0.027343,0.000000,0.005433,0.061513,0.000000],[0.904371,0.029189,0.000000,0.005546,0.060895,0.000000],[0.135243,0.028533,0.000000,0.005981,0.830243,0.000000],[0.913954,0.028531,0.000000,0.005420,0.052095,0.000000],[0.932630,0.016619,0.000000,0.002590,0.048161,0.000000],[0.943619,0.008713,0.007914,0.001877,0.037878,0.000000],[1.000000,0.000000,0.000000,0.000000,0.000000,0.000000],[0.074823,0.007968,0.008040,0.001904,0.907265,0.000000],[0.935602,0.013734,0.005057,0.002288,0.043319,0.000000],[0.915189,0.026709,0.000000,0.005336,0.052766,0.000000],[0.901797,0.028590,0.000000,0.005757,0.063856,0.000000],[0.136363,0.029454,0.000000,0.006158,0.828025,0.000000],[0.136708,0.029570,0.000000,0.006182,0.827539,0.000000],[0.915354,0.015941,0.014852,0.005200,0.048653,0.000000],[1.000000,0.000000,0.000000,0.000000,0.000000,0.000000]],
  [[1.000000,0.000000,0.000000,0.000000,0.000000,0.000000],[0.953652,0.006149,0.006037,0.001416,0.032746,0.000000],[0.083658,0.012928,0.000000,0.002156,0.901257,0.000000],[0.931592,0.017945,0.000000,0.002656,0.047807,0.000000],[0.913701,0.028565,0.000000,0.005430,0.052304,0.000000],[0.906425,0.032674,0.000000,0.006040,0.054861,0.000000],[0.114603,0.030544,0.000000,0.006419,0.848434,0.000000],[0.906357,0.032652,0.000000,0.006043,0.054947,0.000000],[0.905894,0.031763,0.000000,0.006046,0.056296,0.000000],[0.108598,0.028240,0.000000,0.005800,0.857361,0.000000],[0.931521,0.017574,0.000000,0.002640,0.048265,0.000000],[0.931530,0.017579,0.000000,0.002641,0.048250,0.000000],[0.093373,0.018196,0.000000,0.002781,0.885650,0.000000],[0.092702,0.020659,0.000000,0.002907,0.883732,0.000000],[0.092595,0.020642,0.000000,0.002904,0.883859,0.000000],[0.943324,0.014823,0.000000,0.001979,0.039873,0.000000],[0.931530,0.018536,0.000000,0.002668,0.047265,0.000000],[0.931817,0.017903,0.000000,0.002645,0.047636,0.000000],[0.931741,0.017548,0.000000,0.002634,0.048076,0.000000],[0.931779,0.017547,0.000000,0.002632,0.048042,0.000000],[0.093710,0.017597,0.000000,0.002765,0.885927,0.000000],[0.094928,0.016992,0.000000,0.002768,0.885312,0.000000],[0.931782,0.017537,0.000000,0.002632,0.048049,0.000000],[0.931760,0.017542,0.000000,0.002633,0.048065,0.000000],[0.914105,0.028501,0.000000,0.005410,0.051984,0.000000],[0.135367,0.028554,0.000000,0.005987,0.830092,0.000000],[0.603840,0.057238,0.000000,0.013960,0.324962,0.000000],[0.905682,0.027347,0.000000,0.005433,0.061538,0.000000],[0.915094,0.026700,0.000000,0.005330,0.052877,0.000000],[0.933520,0.015582,0.000000,0.002517,0.048381,0.000000],[0.935439,0.013669,0.005138,0.002290,0.043464,0.000000],[0.084950,0.010958,0.009212,0.002661,0.892219,0.000000],[1.000000,0.000000,0.000000,0.000000,0.000000,0.000000],[0.933501,0.010537,0.009878,0.002462,0.043621,0.000000],[0.919679,0.022053,0.005984,0.004679,0.047606,0.000000],[0.134056,0.028962,0.000000,0.005940,0.831042,0.000000],[0.600089,0.062264,0.000000,0.014739,0.322908,0.000000],[0.904311,0.030069,0.000000,0.005598,0.060022,0.000000],[0.099626,0.015522,0.014612,0.005729,0.864511,0.000000],[1.000000,0.000000,0.000000,0.000000,0.000000,0.000000]],
  [[1.000000,0.000000,0.000000,0.000000,0.000000,0.000000],[0.065728,0.006635,0.006912,0.001509,0.919215,0.000000],[0.944485,0.013876,0.000000,0.001951,0.039688,0.000000],[0.931352,0.018573,0.000000,0.002677,0.047398,0.000000],[0.110340,0.027836,0.000000,0.005861,0.855962,0.000000],[0.903631,0.030693,0.000000,0.005648,0.060029,0.000000],[0.132663,0.029422,0.000000,0.005936,0.831979,0.000000],[0.132151,0.029367,0.000000,0.005916,0.832566,0.000000],[0.110391,0.027839,0.000000,0.005859,0.855912,0.000000],[0.914337,0.027588,0.000000,0.005399,0.052676,0.000000],[0.914863,0.026723,0.000000,0.005335,0.053079,0.000000],[0.914380,0.027582,0.000000,0.005400,0.052639,0.000000],[0.913227,0.030001,0.000000,0.005521,0.051251,0.000000],[0.108711,0.030905,0.000000,0.006094,0.854289,0.000000],[0.930717,0.019691,0.000000,0.002680,0.046912,0.000000],[0.093474,0.018210,0.000000,0.002785,0.885531,0.000000],[0.093216,0.019523,0.000000,0.002861,0.884400,0.000000],[0.108771,0.029143,0.000000,0.005963,0.856122,0.000000],[0.914149,0.028497,0.000000,0.005411,0.051942,0.000000],[0.914820,0.027536,0.000000,0.005383,0.052262,0.000000],[0.914224,0.028502,0.000000,0.005403,0.051871,0.000000],[0.914300,0.028487,0.000000,0.005399,0.051814,0.000000],[0.931590,0.018525,0.000000,0.002665,0.047219,0.000000],[0.093256,0.018175,0.000000,0.002777,0.885793,0.000000],[0.108392,0.030845,0.000000,0.006074,0.854689,0.000000],[0.903758,0.030142,0.000000,0.005610,0.060489,0.000000],[0.905080,0.028155,0.000000,0.005475,0.061290,0.000000],[0.904315,0.026460,0.000000,0.005484,0.063741,0.000000],[0.912103,0.026308,0.000000,0.005524,0.056065,0.000000],[0.917898,0.024593,0.000000,0.005072,0.052437,0.000000],[0.915527,0.026677,0.000000,0.005317,0.052479,0.000000],[0.920061,0.021976,0.006014,0.004663,0.047285,0.000000],[0.933282,0.010553,0.009903,0.002470,0.043792,0.000000],[1.000000,0.000000,0.000000,0.000000,0.000000,0.000000],[0.918548,0.015038,0.013862,0.004928,0.047624,0.000000],[0.906729,0.014887,0.016745,0.005415,0.056225,0.000000],[0.128990,0.024883,0.006679,0.006061,0.833385,0.000000],[0.905241,0.029115,0.000000,0.005522,0.060122,0.000000],[0.920144,0.014887,0.014105,0.004772,0.046092,0.000000],[1.000000,0.000000,0.000000,0.000000,0.000000,0.000000]],
  [[1.000000,0.000000,0.000000,0.000000,0.000000,0.000000],[0.066260,0.006471,0.006567,0.001541,0.919161,0.000000],[0.082512,0.013441,0.000000,0.002181,0.901867,0.000000],[0.931664,0.017928,0.000000,0.002652,0.047756,0.000000],[0.110245,0.027825,0.000000,0.005856,0.856073,0.000000],[0.131150,0.030671,0.000000,0.005940,0.832240,0.000000],[0.600094,0.062225,0.000000,0.014717,0.322964,0.000000],[0.903354,0.030172,0.000000,0.005629,0.060845,0.000000],[0.914257,0.027592,0.000000,0.005404,0.052747,0.000000],[0.914234,0.027593,0.000000,0.005404,0.052769,0.000000],[0.905303,0.027392,0.000000,0.005452,0.061853,0.000000],[0.904846,0.028183,0.000000,0.005492,0.061479,0.000000],[0.131955,0.029375,0.000000,0.005912,0.832758,0.000000],[0.109268,0.028364,0.000000,0.005839,0.856530,0.000000],[0.913650,0.029431,0.000000,0.005416,0.051503,0.000000],[0.914230,0.028523,0.000000,0.005412,0.051835,0.000000],[0.108820,0.029187,0.000000,0.005967,0.856027,0.000000],[0.113740,0.030464,0.000000,0.006379,0.849417,0.000000],[0.134573,0.029412,0.000000,0.006131,0.829883,0.000000],[0.905643,0.027355,0.000000,0.005437,0.061565,0.000000],[0.905666,0.027354,0.000000,0.005434,0.061547,0.000000],[0.112823,0.026011,0.000000,0.005867,0.855300,0.000000],[0.931771,0.017908,0.000000,0.002645,0.047676,0.000000],[0.093206,0.018168,0.000000,0.002776,0.885850,0.000000],[0.108599,0.029147,0.000000,0.005958,0.856296,0.000000],[0.109963,0.027804,0.000000,0.005844,0.856388,0.000000],[0.915169,0.026697,0.000000,0.005324,0.052809,0.000000],[0.912194,0.026294,0.000000,0.005518,0.055994,0.000000],[0.904244,0.026462,0.000000,0.005485,0.063809,0.000000],[0.906053,0.026676,0.000000,0.005269,0.062003,0.000000],[0.905682,0.027368,0.000000,0.005440,0.061510,0.000000],[0.915385,0.026704,0.000000,0.005330,0.052581,0.000000],[0.935226,0.013737,0.005122,0.002301,0.043615,0.000000],[0.933189,0.010498,0.009409,0.002536,0.044369,0.000000],[1.000000,0.000000,0.000000,0.000000,0.000000,0.000000],[1.000000,0.000000,0.000000,0.000000,0.000000,0.000000],[0.919477,0.015051,0.013174,0.004962,0.047336,0.000000],[0.112301,0.027283,0.000000,0.005958,0.854458,0.000000],[0.919923,0.014835,0.013759,0.004850,0.046632,0.000000],[1.000000,0.000000,0.000000,0.000000,0.000000,0.000000]],
  [[1.000000,0.000000,0.000000,0.000000,0.000000,0.000000],[0.953653,0.006128,0.006052,0.001416,0.032752,0.000000],[0.943606,0.013277,0.000000,0.002018,0.041099,0.000000],[0.931589,0.017575,0.000000,0.002642,0.048195,0.000000],[0.913881,0.028512,0.000000,0.005417,0.052191,0.000000],[0.903536,0.030159,0.000000,0.005621,0.060684,0.000000],[0.133481,0.028854,0.000000,0.005901,0.831764,0.000000],[0.905365,0.027383,0.000000,0.005449,0.061804,0.000000],[0.917307,0.024651,0.000000,0.005093,0.052950,0.000000],[0.914261,0.027587,0.000000,0.005406,0.052745,0.000000],[0.133790,0.028869,0.000000,0.005912,0.831430,0.000000],[0.600029,0.062250,0.000000,0.014731,0.322990,0.000000],[0.903948,0.030652,0.000000,0.005633,0.059767,0.000000],[0.108740,0.027034,0.000000,0.005841,0.858385,0.000000],[0.915944,0.027103,0.000000,0.005218,0.051735,0.000000],[0.906102,0.026916,0.000000,0.005261,0.061721,0.000000],[0.905727,0.028086,0.000000,0.005446,0.060741,0.000000],[0.901363,0.029716,0.000000,0.005771,0.063149,0.000000],[0.902152,0.028544,0.000000,0.005732,0.063572,0.000000],[0.605492,0.055384,0.000000,0.013549,0.325575,0.000000],[0.905476,0.027378,0.000000,0.005441,0.061704,0.000000],[0.915119,0.026710,0.000000,0.005329,0.052841,0.000000],[0.931501,0.017576,0.000000,0.002641,0.048282,0.000000],[0.931557,0.017567,0.000000,0.002640,0.048235,0.000000],[0.931716,0.017909,0.000000,0.002648,0.047728,0.000000],[0.931727,0.017906,0.000000,0.002646,0.047720,0.000000],[0.931602,0.017564,0.000000,0.002637,0.048197,0.000000],[0.915242,0.026694,0.000000,0.005320,0.052744,0.000000],[0.905698,0.027342,0.000000,0.005431,0.061529,0.000000],[0.605667,0.055359,0.000000,0.013537,0.325438,0.000000],[0.905022,0.028176,0.000000,0.005484,0.061318,0.000000],[0.113141,0.026090,0.000000,0.005896,0.854872,0.000000],[0.931839,0.017573,0.000000,0.002642,0.047946,0.000000],[0.935520,0.013774,0.005041,0.002294,0.043371,0.000000],[0.934951,0.009627,0.010056,0.002323,0.043042,0.000000],[1.000000,0.000000,0.000000,0.000000,0.000000,0.000000],[0.937124,0.009073,0.009127,0.002184,0.042492,0.000000],[0.935590,0.009540,0.009998,0.002300,0.042571,0.000000],[0.939505,0.008537,0.008377,0.002067,0.041514,0.000000],[1.000000,0.000000,0.000000,0.000000,0.000000,0.000000]],
  [[1.000000,0.000000,0.000000,0.000000,0.000000,0.000000],[0.953277,0.005783,0.005744,0.001493,0.033704,0.000000],[0.944373,0.012449,0.000000,0.001957,0.041222,0.000000],[0.932401,0.016632,0.000000,0.002595,0.048373,0.000000],[0.914615,0.027545,0.000000,0.005385,0.052455,0.000000],[0.111511,0.027048,0.000000,0.005891,0.855550,0.000000],[0.914449,0.027562,0.000000,0.005395,0.052594,0.000000],[0.914845,0.026720,0.000000,0.005337,0.053098,0.000000],[0.914731,0.026747,0.000000,0.005342,0.053180,0.000000],[0.913076,0.029461,0.000000,0.005435,0.052028,0.000000],[0.131866,0.032678,0.000000,0.006134,0.829323,0.000000],[0.132189,0.032738,0.000000,0.006150,0.828924,0.000000],[0.904003,0.030652,0.000000,0.005631,0.059713,0.000000],[0.108431,0.024676,0.000000,0.005677,0.861217,0.000000],[0.000000,0.000000,0.000000,0.000000,0.000000,1.000000],[0.913613,0.021408,0.000000,0.004713,0.060266,0.000000],[0.614070,0.046045,0.000000,0.012442,0.327443,0.000000],[0.906679,0.025100,0.000000,0.005088,0.063132,0.000000],[0.902548,0.026110,0.000000,0.005510,0.065832,0.000000],[0.902594,0.027570,0.000000,0.005672,0.064164,0.000000],[0.901570,0.028557,0.000000,0.005742,0.064131,0.000000],[0.907607,0.029499,0.000000,0.005945,0.056950,0.000000],[0.914634,0.026731,0.000000,0.005343,0.053292,0.000000],[0.932207,0.016650,0.000000,0.002599,0.048544,0.000000],[0.932314,0.016637,0.000000,0.002595,0.048453,0.000000],[0.931598,0.017562,0.000000,0.002638,0.048202,0.000000],[0.097317,0.016340,0.000000,0.002816,0.883528,0.000000],[0.914745,0.027550,0.000000,0.005383,0.052321,0.000000],[0.905171,0.028141,0.000000,0.005470,0.061217,0.000000],[0.134678,0.028510,0.000000,0.005972,0.830840,0.000000],[0.904311,0.029219,0.000000,0.005554,0.060916,0.000000],[0.914120,0.028545,0.000000,0.005423,0.051912,0.000000],[0.935833,0.014539,0.005814,0.002308,0.041507,0.000000],[0.079493,0.011552,0.004510,0.002080,0.902365,0.000000],[0.933550,0.010792,0.010017,0.002426,0.043215,0.000000],[0.919889,0.015067,0.013106,0.004949,0.046989,0.000000],[1.000000,0.000000,0.000000,0.000000,0.000000,0.000000],[1.000000,0.000000,0.000000,0.000000,0.000000,0.000000],[1.000000,0.000000,0.000000,0.000000,0.000000,0.000000],[1.000000,0.000000,0.000000,0.000000,0.000000,0.000000]],
  [[1.000000,0.000000,0.000000,0.000000,0.000000,0.000000],[0.946858,0.007172,0.007140,0.001774,0.037055,0.000000],[0.943612,0.013265,0.000000,0.002018,0.041105,0.000000],[0.093606,0.017576,0.000000,0.002764,0.886054,0.000000],[0.931560,0.018527,0.000000,0.002665,0.047248,0.000000],[0.931712,0.017913,0.000000,0.002647,0.047728,0.000000],[0.931619,0.017922,0.000000,0.002649,0.047810,0.000000],[0.914438,0.027584,0.000000,0.005396,0.052582,0.000000],[0.914323,0.027604,0.000000,0.005404,0.052669,0.000000],[0.114412,0.030122,0.000000,0.006307,0.849159,0.000000],[0.113139,0.033705,0.000000,0.006477,0.846678,0.000000],[0.115185,0.036164,0.000000,0.006744,0.841907,0.000000],[0.108840,0.030922,0.000000,0.006100,0.854138,0.000000],[0.916287,0.026036,0.000000,0.005241,0.052436,0.000000],[0.000000,0.000000,0.000000,0.000000,0.000000,1.000000],[0.000000,0.000000,0.000000,0.000000,0.000000,1.000000],[0.000000,0.000000,0.000000,0.000000,0.000000,1.000000],[0.912632,0.021523,0.000000,0.004429,0.061415,0.000000],[0.905359,0.026991,0.000000,0.006129,0.061521,0.000000],[0.902838,0.027793,0.000000,0.005487,0.063882,0.000000],[0.135836,0.029091,0.000000,0.006155,0.828919,0.000000],[0.135732,0.029101,0.000000,0.006158,0.829009,0.000000],[0.912948,0.029462,0.000000,0.005437,0.052153,0.000000],[0.913703,0.028562,0.000000,0.005429,0.052305,0.000000],[0.109940,0.027770,0.000000,0.005840,0.856450,0.000000],[0.913882,0.028526,0.000000,0.005418,0.052175,0.000000],[0.914547,0.027562,0.000000,0.005392,0.052500,0.000000],[0.908013,0.029481,0.000000,0.005928,0.056578,0.000000],[0.111341,0.027022,0.000000,0.005880,0.855756,0.000000],[0.914791,0.027534,0.000000,0.005385,0.052291,0.000000],[0.914707,0.027559,0.000000,0.005395,0.052339,0.000000],[0.111795,0.027173,0.000000,0.005929,0.855103,0.000000],[0.084958,0.015454,0.005420,0.002613,0.891555,0.000000],[1.000000,0.000000,0.000000,0.000000,0.000000,0.000000],[0.933161,0.010978,0.010535,0.002425,0.042900,0.000000],[0.100961,0.016217,0.012255,0.005886,0.864682,0.000000],[0.125764,0.015723,0.016536,0.006146,0.835830,0.000000],[0.908505,0.014134,0.017720,0.005104,0.054538,0.000000],[0.907742,0.014987,0.015580,0.005108,0.056583,0.000000],[1.000000,0.000000,0.000000,0.000000,0.000000,0.000000]],
  [[1.000000,0.000000,0.000000,0.000000,0.000000,0.000000],[0.946976,0.007302,0.007370,0.001727,0.036625,0.000000],[0.932539,0.017814,0.000000,0.002623,0.047024,0.000000],[0.093748,0.017597,0.000000,0.002768,0.885888,0.000000],[0.093855,0.017614,0.000000,0.002770,0.885761,0.000000],[0.931692,0.017556,0.000000,0.002635,0.048117,0.000000],[0.095243,0.017026,0.000000,0.002776,0.884954,0.000000],[0.110058,0.027793,0.000000,0.005843,0.856305,0.000000],[0.904155,0.029229,0.000000,0.005559,0.061056,0.000000],[0.903365,0.030190,0.000000,0.005632,0.060812,0.000000],[0.130704,0.030711,0.000000,0.005948,0.832637,0.000000],[0.108877,0.030924,0.000000,0.006104,0.854095,0.000000],[0.093475,0.018201,0.000000,0.002783,0.885541,0.000000],[0.932753,0.016913,0.000000,0.002546,0.047788,0.000000],[0.919179,0.022608,0.000000,0.005198,0.053015,0.000000],[0.000000,0.000000,0.000000,0.000000,0.000000,1.000000],[0.923188,0.020565,0.000000,0.004751,0.051496,0.000000],[0.000000,0.000000,0.000000,0.000000,0.000000,1.000000],[0.000000,0.000000,0.000000,0.000000,0.000000,1.000000],[0.132973,0.029011,0.000000,0.005959,0.832057,0.000000],[0.597311,0.068511,0.000000,0.014272,0.319906,0.000000],[0.130513,0.035032,0.000000,0.006389,0.828066,0.000000],[0.108813,0.032567,0.000000,0.006102,0.852518,0.000000],[0.109199,0.029236,0.000000,0.005991,0.855575,0.000000],[0.903440,0.030189,0.000000,0.005628,0.060744,0.000000],[0.133089,0.028853,0.000000,0.005901,0.832157,0.000000],[0.905018,0.028158,0.000000,0.005482,0.061342,0.000000],[0.913902,0.028524,0.000000,0.005416,0.052157,0.000000],[0.931590,0.017569,0.000000,0.002639,0.048202,0.000000],[0.931746,0.017913,0.000000,0.002646,0.047695,0.000000],[0.931674,0.017936,0.000000,0.002651,0.047738,0.000000],[0.931621,0.018547,0.000000,0.002670,0.047161,0.000000],[0.935757,0.014549,0.005826,0.002310,0.041558,0.000000],[0.078381,0.009130,0.007905,0.002076,0.902508,0.000000],[1.000000,0.000000,0.000000,0.000000,0.000000,0.000000],[0.919678,0.015145,0.013089,0.004962,0.047126,0.000000],[0.908640,0.023730,0.006629,0.004996,0.056005,0.000000],[0.605238,0.057309,0.000000,0.013979,0.323475,0.000000],[0.125853,0.015001,0.017913,0.006151,0.835081,0.000000],[1.000000,0.000000,0.000000,0.000000,0.000000,0.000000]],
  [[1.000000,0.000000,0.000000,0.000000,0.000000,0.000000],[0.085149,0.009681,0.010175,0.002496,0.892499,0.000000],[0.932384,0.017483,0.000000,0.002616,0.047516,0.000000],[0.914711,0.027571,0.000000,0.005391,0.052326,0.000000],[0.914791,0.027553,0.000000,0.005382,0.052274,0.000000],[0.914728,0.027565,0.000000,0.005386,0.052321,0.000000],[0.913963,0.028545,0.000000,0.005419,0.052072,0.000000],[0.906329,0.031747,0.000000,0.006035,0.055888,0.000000],[0.131494,0.029337,0.000000,0.005904,0.833265,0.000000],[0.601976,0.059458,0.000000,0.014409,0.324157,0.000000],[0.904235,0.029213,0.000000,0.005557,0.060995,0.000000],[0.913895,0.028527,0.000000,0.005419,0.052158,0.000000],[0.931696,0.017550,0.000000,0.002635,0.048118,0.000000],[0.931966,0.017512,0.000000,0.002625,0.047897,0.000000],[0.915794,0.026477,0.000000,0.005241,0.052488,0.000000],[0.915884,0.027034,0.000000,0.005203,0.051879,0.000000],[0.916616,0.025931,0.000000,0.005219,0.052235,0.000000],[0.916661,0.025934,0.000000,0.005214,0.052191,0.000000],[0.112884,0.023710,0.000000,0.005671,0.857735,0.000000],[0.905555,0.027529,0.000000,0.005286,0.061630,0.000000],[0.134004,0.031510,0.000000,0.006061,0.828425,0.000000],[0.133186,0.032780,0.000000,0.006154,0.827881,0.000000],[0.108769,0.032605,0.000000,0.006104,0.852521,0.000000],[0.109476,0.028431,0.000000,0.005856,0.856237,0.000000],[0.903387,0.030190,0.000000,0.005632,0.060791,0.000000],[0.602033,0.059459,0.000000,0.014409,0.324099,0.000000],[0.131508,0.029315,0.000000,0.005900,0.833277,0.000000],[0.913909,0.028525,0.000000,0.005418,0.052148,0.000000],[0.093903,0.017618,0.000000,0.002773,0.885706,0.000000],[0.942856,0.013902,0.000000,0.002026,0.041217,0.000000],[0.081588,0.014032,0.000000,0.002195,0.902185,0.000000],[0.082543,0.013419,0.000000,0.002181,0.901856,0.000000],[0.944008,0.013946,0.000000,0.001969,0.040077,0.000000],[0.944641,0.010810,0.004844,0.001818,0.037887,0.000000],[0.933281,0.010916,0.010558,0.002419,0.042826,0.000000],[1.000000,0.000000,0.000000,0.000000,0.000000,0.000000],[0.910399,0.013455,0.014478,0.005020,0.056649,0.000000],[0.909256,0.023634,0.006607,0.004964,0.055539,0.000000],[0.909087,0.014051,0.017693,0.005074,0.054095,0.000000],[1.000000,0.000000,0.000000,0.000000,0.000000,0.000000]],
  [[1.000000,0.000000,0.000000,0.000000,0.000000,0.000000],[0.919892,0.014797,0.013805,0.004854,0.046651,0.000000],[0.916018,0.026606,0.000000,0.005288,0.052087,0.000000],[0.912155,0.026323,0.000000,0.005530,0.055992,0.000000],[0.904342,0.026462,0.000000,0.005484,0.063712,0.000000],[0.904330,0.026470,0.000000,0.005488,0.063712,0.000000],[0.905044,0.028174,0.000000,0.005480,0.061302,0.000000],[0.116223,0.029850,0.000000,0.006382,0.847546,0.000000],[0.903493,0.030170,0.000000,0.005625,0.060712,0.000000],[0.135969,0.028560,0.000000,0.005995,0.829477,0.000000],[0.905502,0.027366,0.000000,0.005442,0.061689,0.000000],[0.917625,0.024601,0.000000,0.005076,0.052698,0.000000],[0.933233,0.015594,0.000000,0.002521,0.048651,0.000000],[0.932449,0.016609,0.000000,0.002588,0.048354,0.000000],[0.110076,0.027760,0.000000,0.005838,0.856326,0.000000],[0.132584,0.029353,0.000000,0.005909,0.832154,0.000000],[0.132821,0.029364,0.000000,0.005914,0.831902,0.000000],[0.133980,0.028861,0.000000,0.005896,0.831263,0.000000],[0.910964,0.026610,0.000000,0.005629,0.056798,0.000000],[0.000000,0.000000,0.000000,0.000000,0.000000,1.000000],[0.915931,0.024301,0.000000,0.005297,0.054470,0.000000],[0.108200,0.027835,0.000000,0.005772,0.858194,0.000000],[0.920190,0.026048,0.000000,0.004648,0.049113,0.000000],[0.913501,0.029436,0.000000,0.005417,0.051646,0.000000],[0.903380,0.030199,0.000000,0.005631,0.060790,0.000000],[0.133220,0.028871,0.000000,0.005908,0.832001,0.000000],[0.903541,0.030163,0.000000,0.005622,0.060674,0.000000],[0.110190,0.027820,0.000000,0.005852,0.856138,0.000000],[0.931500,0.018549,0.000000,0.002669,0.047282,0.000000],[0.081752,0.014049,0.000000,0.002200,0.901999,0.000000],[0.951279,0.011503,0.000000,0.001574,0.035644,0.000000],[0.072367,0.010731,0.000000,0.001686,0.915217,0.000000],[0.951601,0.010816,0.000000,0.001568,0.036015,0.000000],[0.082670,0.013450,0.000000,0.002189,0.901691,0.000000],[0.935746,0.014370,0.005567,0.002287,0.042031,0.000000],[0.099397,0.015577,0.014605,0.005741,0.864680,0.000000],[1.000000,0.000000,0.000000,0.000000,0.000000,0.000000],[0.919544,0.014988,0.013749,0.004882,0.046837,0.000000],[0.102171,0.014747,0.013113,0.005720,0.864249,0.000000],[1.000000,0.000000,0.000000,0.000000,0.000000,0.000000]],
