[
  [[1.000000,0.000000,0.000000,0.000000,0.000000,0.000000],[1.000000,0.000000,0.000000,0.000000,0.000000,0.000000],[1.000000,0.000000,0.000000,0.000000,0.000000,0.000000],[1.000000,0.000000,0.000000,0.000000,0.000000,0.000000],[1.000000,0.000000,0.000000,0.000000,0.000000,0.000000],[1.000000,0.000000,0.000000,0.000000,0.000000,0.000000],[1.000000,0.000000,0.000000,0.000000,0.000000,0.000000],[1.000000,0.000000,0.000000,0.000000,0.000000,0.000000],[1.000000,0.000000,0.000000,0.000000,0.000000,0.000000],[1.000000,0.000000,0.000000,0.000000,0.000000,0.000000],[1.000000,0.000000,0.000000,0.000000,0.000000,0.000000],[1.000000,0.000000,0.000000,0.000000,0.000000,0.000000],[1.000000,0.000000,0.000000,0.000000,0.000000,0.000000],[1.000000,0.000000,0.000000,0.000000,0.000000,0.000000],[1.000000,0.000000,0.000000,0.000000,0.000000,0.000000],[1.000000,0.000000,0.000000,0.000000,0.000000,0.000000],[1.000000,0.000000,0.000000,0.000000,0.000000,0.000000],[1.000000,0.000000,0.000000,0.000000,0.000000,0.000000],[1.000000,0.000000,0.000000,0.000000,0.000000,0.000000],[1.000000,0.000000,0.000000,0.000000,0.000000,0.000000],[1.000000,0.000000,0.000000,0.000000,0.000000,0.000000],[1.000000,0.000000,0.000000,0.000000,0.000000,0.000000],[1.000000,0.000000,0.000000,0.000000,0.000000,0.000000],[1.000000,0.000000,0.000000,0.000000,0.000000,0.000000],[1.000000,0.000000,0.000000,0.000000,0.000000,0.000000],[1.000000,0.000000,0.000000,0.000000,0.000000,0.000000],[1.000000,0.000000,0.000000,0.000000,0.000000,0.000000],[1.000000,0.000000,0.000000,0.000000,0.000000,0.000000],[1.000000,0.000000,0.000000,0.000000,0.000000,0.000000],[1.000000,0.000000,0.000000,0.000000,0.000000,0.000000],[1.000000,0.000000,0.000000,0.000000,0.000000,0.000000],[1.000000,0.000000,0.000000,0.000000,0.000000,0.000000],[1.000000,0.000000,0.000000,0.000000,0.000000,0.000000],[1.000000,0.000000,0.000000,0.000000,0.000000,0.000000],[1.000000,0.000000,0.000000,0.000000,0.000000,0.000000],[1.000000,0.000000,0.000000,0.000000,0.000000,0.000000],[1.000000,0.000000,0.000000,0.000000,0.000000,0.000000],[1.000000,0.000000,0.000000,0.000000,0.000000,0.000000],[1.000000,0.000000,0.000000,0.000000,0.000000,0.000000],[1.000000,0.000000,0.000000,0.000000,0.000000,0.000000]],
  [[1.000000,0.000000,0.000000,0.000000,0.000000,0.000000],[0.952235,0.005839,0.005560,0.001561,0.034804,0.000000],[0.952044,0.006155,0.005854,0.001583,0.034365,0.000000],[0.951857,0.006015,0.005757,0.001581,0.034789,0.000000],[1.000000,0.000000,0.000000,0.000000,0.000000,0.000000],[1.000000,0.000000,0.000000,0.000000,0.000000,0.000000],[0.081966,0.007394,0.006565,0.001929,0.902147,0.000000],[0.946344,0.008080,0.007930,0.001762,0.035885,0.000000],[0.081420,0.008428,0.008084,0.002047,0.900021,0.000000],[0.946244,0.007646,0.007369,0.001812,0.036930,0.000000],[0.946115,0.007631,0.007400,0.001815,0.037039,0.000000],[0.081233,0.008345,0.008101,0.002037,0.900284,0.000000],[0.081260,0.008351,0.008100,0.002038,0.900251,0.000000],[0.945381,0.008053,0.007861,0.001817,0.036888,0.000000],[0.945359,0.008055,0.007864,0.001818,0.036905,0.000000],[0.081251,0.008348,0.008100,0.002038,0.900263,0.000000],[0.936648,0.009583,0.009840,0.002329,0.041600,0.000000],[0.921933,0.014788,0.013416,0.004868,0.044996,0.000000],[0.922522,0.014788,0.013675,0.004774,0.044241,0.000000],[0.922916,0.014874,0.013765,0.004712,0.043734,0.000000],[0.922553,0.014777,0.013677,0.004772,0.044222,0.000000],[0.921989,0.014758,0.013427,0.004863,0.044963,0.000000],[0.936508,0.009407,0.009533,0.002399,0.042154,0.000000],[0.946262,0.007464,0.007155,0.001849,0.037269,0.000000],[0.945386,0.008026,0.007880,0.001816,0.036892,0.000000],[0.071931,0.007384,0.007175,0.001803,0.911706,0.000000],[0.950879,0.007479,0.007465,0.001627,0.032550,0.000000],[0.952418,0.006735,0.006541,0.001601,0.032706,0.000000],[0.951596,0.007116,0.006979,0.001610,0.032699,0.000000],[0.944013,0.008459,0.008709,0.002059,0.036760,0.000000],[0.943979,0.008454,0.008721,0.002059,0.036787,0.000000],[0.943827,0.008327,0.008431,0.002123,0.037292,0.000000],[0.943791,0.008328,0.008436,0.002123,0.037321,0.000000],[0.929108,0.013261,0.012055,0.004594,0.040982,0.000000],[0.924026,0.011784,0.012911,0.004350,0.046929,0.000000],[0.923192,0.012231,0.012505,0.004348,0.047724,0.000000],[1.000000,0.000000,0.000000,0.000000,0.000000,0.000000],[0.095707,0.014108,0.011339,0.005122,0.873725,0.000000],[0.078839,0.008139,0.007131,0.002088,0.903802,0.000000],[1.000000,0.000000,0.000000,0.000000,0.000000,0.000000]],
  [[1.000000,0.000000,0.000000,0.000000,0.000000,0.000000],[0.951924,0.006140,0.005884,0.001585,0.034467,0.000000],[0.944155,0.011900,0.000000,0.001973,0.041972,0.000000],[0.945012,0.010519,0.004462,0.001901,0.038107,0.000000],[0.946148,0.007506,0.007151,0.001855,0.037340,0.000000],[1.000000,0.000000,0.000000,0.000000,0.000000,0.000000],[1.000000,0.000000,0.000000,0.000000,0.000000,0.000000],[0.089286,0.011477,0.010171,0.002771,0.886295,0.000000],[0.936591,0.014565,0.005236,0.002336,0.041272,0.000000],[0.931275,0.017751,0.000000,0.002740,0.048234,0.000000],[0.930825,0.018118,0.000000,0.002763,0.048294,0.000000],[0.930082,0.018762,0.000000,0.002797,0.048358,0.000000],[0.929927,0.018779,0.000000,0.002801,0.048492,0.000000],[0.930690,0.018122,0.000000,0.002763,0.048426,0.000000],[0.090777,0.014007,0.000000,0.002361,0.892855,0.000000],[0.929972,0.018766,0.000000,0.002798,0.048464,0.000000],[0.929919,0.018774,0.000000,0.002800,0.048507,0.000000],[0.914184,0.028471,0.000000,0.005550,0.051795,0.000000],[0.135933,0.028722,0.000000,0.006009,0.829336,0.000000],[0.136136,0.028735,0.000000,0.006014,0.829114,0.000000],[0.135859,0.028712,0.000000,0.006005,0.829425,0.000000],[0.915304,0.027498,0.000000,0.005498,0.051701,0.000000],[0.930869,0.017765,0.000000,0.002744,0.048621,0.000000],[0.932082,0.016810,0.000000,0.002685,0.048424,0.000000],[0.930663,0.018119,0.000000,0.002761,0.048457,0.000000],[0.089229,0.015412,0.000000,0.002584,0.892774,0.000000],[0.938639,0.016039,0.000000,0.002444,0.042879,0.000000],[0.081447,0.011468,0.000000,0.002030,0.905055,0.000000],[0.947156,0.012724,0.000000,0.001930,0.038190,0.000000],[0.089012,0.015974,0.000000,0.002597,0.892417,0.000000],[0.901211,0.048061,0.000000,0.004912,0.045816,0.000000],[0.925679,0.023624,0.000000,0.004803,0.045894,0.000000],[0.902893,0.046394,0.000000,0.004803,0.045911,0.000000],[0.918477,0.026136,0.000000,0.005382,0.050006,0.000000],[0.913567,0.026040,0.000000,0.005188,0.055204,0.000000],[0.639338,0.048610,0.010509,0.014268,0.287276,0.000000],[0.920551,0.013700,0.014724,0.004781,0.046244,0.000000],[1.000000,0.000000,0.000000,0.000000,0.000000,0.000000],[0.947562,0.007913,0.007678,0.001840,0.035006,0.000000],[1.000000,0.000000,0.000000,0.000000,0.000000,0.000000]],
  [[1.000000,0.000000,0.000000,0.000000,0.000000,0.000000],[0.951524,0.006164,0.005932,0.001598,0.034782,0.000000],[0.943595,0.011966,0.000000,0.001991,0.042449,0.000000],[0.933009,0.015803,0.000000,0.002614,0.048574,0.000000],[0.936399,0.013688,0.004746,0.002304,0.042863,0.000000],[0.934128,0.010665,0.009721,0.002511,0.042975,0.000000],[0.934838,0.010351,0.010913,0.002339,0.041559,0.000000],[1.000000,0.000000,0.000000,0.000000,0.000000,0.000000],[0.921417,0.015145,0.013926,0.004800,0.044711,0.000000],[0.104320,0.015433,0.010611,0.005982,0.863654,0.000000],[0.921471,0.022421,0.005962,0.004752,0.045394,0.000000],[0.114982,0.027962,0.000000,0.006052,0.851004,0.000000],[0.114602,0.027865,0.000000,0.006024,0.851510,0.000000],[0.929826,0.018229,0.000000,0.002789,0.049156,0.000000],[0.939598,0.014462,0.000000,0.002201,0.043739,0.000000],[0.100154,0.018492,0.000000,0.002926,0.878428,0.000000],[0.115619,0.029225,0.000000,0.006182,0.848974,0.000000],[0.120529,0.030193,0.000000,0.006502,0.842776,0.000000],[0.900600,0.030062,0.000000,0.005995,0.063343,0.000000],[0.608687,0.057982,0.000000,0.014809,0.318522,0.000000],[0.900628,0.030062,0.000000,0.005992,0.063318,0.000000],[0.121168,0.029890,0.000000,0.006550,0.842392,0.000000],[0.912502,0.029492,0.000000,0.005608,0.052399,0.000000],[0.115226,0.027131,0.000000,0.006047,0.851597,0.000000],[0.913573,0.028573,0.000000,0.005580,0.052274,0.000000],[0.925177,0.023698,0.000000,0.004829,0.046295,0.000000],[0.938126,0.015814,0.000000,0.002449,0.043611,0.000000],[0.938114,0.015815,0.000000,0.002451,0.043620,0.000000],[0.914197,0.016720,0.000000,0.002502,0.066582,0.000000],[0.089654,0.017605,0.000000,0.002680,0.890061,0.000000],[0.102258,0.025837,0.000000,0.005468,0.866436,0.000000],[0.892619,0.048861,0.000000,0.004994,0.053526,0.000000],[0.916890,0.024730,0.000000,0.004915,0.053465,0.000000],[0.122267,0.025811,0.000000,0.005512,0.846410,0.000000],[0.124716,0.025707,0.000000,0.005601,0.843976,0.000000],[0.122231,0.026012,0.000000,0.005409,0.846348,0.000000],[0.114870,0.022576,0.004900,0.005549,0.852104,0.000000],[0.932708,0.012346,0.010009,0.004312,0.040625,0.000000],[1.000000,0.000000,0.000000,0.000000,0.000000,0.000000],[1.000000,0.000000,0.000000,0.000000,0.000000,0.000000]],
  [[1.000000,0.000000,0.000000,0.000000,0.000000,0.000000],[0.951799,0.006237,0.006013,0.001545,0.034406,0.000000],[0.942031,0.012924,0.000000,0.002101,0.042944,0.000000],[0.931394,0.016889,0.000000,0.002706,0.049010,0.000000],[0.915728,0.026705,0.000000,0.005437,0.052130,0.000000],[0.913825,0.028541,0.000000,0.005574,0.052060,0.000000],[0.104913,0.025956,0.005742,0.006030,0.857359,0.000000],[0.102110,0.016039,0.014348,0.005847,0.861656,0.000000],[1.000000,0.000000,0.000000,0.000000,0.000000,0.000000],[1.000000,0.000000,0.000000,0.000000,0.000000,0.000000],[0.912492,0.023451,0.005850,0.005055,0.053152,0.000000],[0.903760,0.029938,0.000000,0.005742,0.060561,0.000000],[0.114487,0.028351,0.000000,0.006011,0.851150,0.000000],[0.930217,0.017838,0.000000,0.002762,0.049183,0.000000],[0.940163,0.013856,0.000000,0.002194,0.043787,0.000000],[0.100040,0.017933,0.000000,0.002912,0.879114,0.000000],[0.912103,0.030011,0.000000,0.005713,0.052173,0.000000],[0.138363,0.029248,0.000000,0.006238,0.826151,0.000000],[0.896353,0.032699,0.000000,0.006217,0.064731,0.000000],[0.899150,0.030699,0.000000,0.006014,0.064137,0.000000],[0.901416,0.029545,0.000000,0.005882,0.063156,0.000000],[0.122079,0.029237,0.000000,0.006591,0.842093,0.000000],[0.903744,0.029905,0.000000,0.005718,0.060632,0.000000],[0.136465,0.028343,0.000000,0.006052,0.829141,0.000000],[0.905095,0.028949,0.000000,0.005626,0.060330,0.000000],[0.919542,0.025101,0.000000,0.005345,0.050012,0.000000],[0.924947,0.023698,0.000000,0.004828,0.046527,0.000000],[0.924182,0.024455,0.000000,0.004904,0.046460,0.000000],[0.101424,0.025104,0.000000,0.005323,0.868149,0.000000],[0.920197,0.025905,0.000000,0.005155,0.048743,0.000000],[0.103194,0.027381,0.000000,0.005599,0.863826,0.000000],[0.165667,0.025701,0.000000,0.005303,0.803330,0.000000],[0.586104,0.050730,0.000000,0.012831,0.350335,0.000000],[0.911743,0.026596,0.000000,0.005306,0.056355,0.000000],[0.131259,0.028310,0.000000,0.005930,0.834500,0.000000],[0.919781,0.025964,0.000000,0.005179,0.049076,0.000000],[0.921648,0.026661,0.000000,0.005096,0.046596,0.000000],[0.930741,0.020059,0.005445,0.004235,0.039519,0.000000],[0.946184,0.008013,0.007834,0.001929,0.036041,0.000000],[1.000000,0.000000,0.000000,0.000000,0.000000,0.000000]],
  [[1.000000,0.000000,0.000000,0.000000,0.000000,0.000000],[0.075074,0.006561,0.005995,0.001768,0.910602,0.000000],[0.942090,0.012919,0.000000,0.002100,0.042891,0.000000],[0.931269,0.016905,0.000000,0.002710,0.049116,0.000000],[0.115817,0.026109,0.000000,0.006013,0.852061,0.000000],[0.905019,0.028982,0.000000,0.005642,0.060357,0.000000],[0.136052,0.028774,0.000000,0.006024,0.829150,0.000000],[0.910798,0.014596,0.017545,0.005174,0.051886,0.000000],[1.000000,0.000000,0.000000,0.000000,0.000000,0.000000],[0.911985,0.013917,0.014354,0.004979,0.054765,0.000000],[0.617845,0.058886,0.011366,0.016056,0.295847,0.000000],[0.137514,0.028885,0.000000,0.006069,0.827531,0.000000],[0.912002,0.029558,0.000000,0.005631,0.052809,0.000000],[0.929869,0.018210,0.000000,0.002784,0.049136,0.000000],[0.930168,0.017841,0.000000,0.002762,0.049229,0.000000],[0.931329,0.016891,0.000000,0.002704,0.049075,0.000000],[0.914662,0.027585,0.000000,0.005526,0.052228,0.000000],[0.904351,0.027366,0.000000,0.005726,0.062557,0.000000],[0.611048,0.056327,0.000000,0.014414,0.318212,0.000000],[0.138501,0.027719,0.000000,0.006108,0.827672,0.000000],[0.901135,0.030966,0.000000,0.006622,0.061278,0.000000],[0.903137,0.029563,0.000000,0.006544,0.060757,0.000000],[0.902980,0.028344,0.000000,0.005809,0.062867,0.000000],[0.614957,0.053309,0.000000,0.013913,0.317821,0.000000],[0.903035,0.028338,0.000000,0.005806,0.062822,0.000000],[0.108449,0.025116,0.000000,0.005765,0.860670,0.000000],[0.917817,0.024021,0.000000,0.004854,0.053308,0.000000],[0.915950,0.025603,0.000000,0.004983,0.053464,0.000000],[0.119980,0.025746,0.000000,0.005319,0.848955,0.000000],[0.127279,0.028778,0.000000,0.005598,0.838345,0.000000],[0.149326,0.025886,0.000000,0.005480,0.819308,0.000000],[0.914826,0.026445,0.000000,0.005061,0.053668,0.000000],[0.894718,0.047144,0.000000,0.004856,0.053282,0.000000],[0.893937,0.024699,0.000000,0.004898,0.076466,0.000000],[0.124914,0.024672,0.000000,0.005326,0.845088,0.000000],[0.089063,0.016427,0.000000,0.002600,0.891911,0.000000],[0.089120,0.015969,0.000000,0.002597,0.892314,0.000000],[0.089153,0.016012,0.000000,0.002602,0.892233,0.000000],[0.943555,0.008833,0.009136,0.002028,0.036448,0.000000],[1.000000,0.000000,0.000000,0.000000,0.000000,0.000000]],
  [[1.000000,0.000000,0.000000,0.000000,0.000000,0.000000],[0.950683,0.007068,0.006700,0.001559,0.033991,0.000000],[0.941029,0.014418,0.000000,0.002129,0.042424,0.000000],[0.929821,0.018229,0.000000,0.002788,0.049162,0.000000],[0.913493,0.028559,0.000000,0.005575,0.052372,0.000000],[0.903561,0.029932,0.000000,0.005736,0.060771,0.000000],[0.608598,0.059418,0.000000,0.014919,0.317066,0.000000],[0.911583,0.013876,0.017199,0.005076,0.052265,0.000000],[1.000000,0.000000,0.000000,0.000000,0.000000,0.000000],[0.913084,0.013403,0.014803,0.004974,0.053736,0.000000],[0.907898,0.027109,0.000000,0.005474,0.059519,0.000000],[0.901359,0.029586,0.000000,0.005908,0.063147,0.000000],[0.121453,0.030546,0.000000,0.006615,0.841386,0.000000],[0.114695,0.028377,0.000000,0.006014,0.850914,0.000000],[0.914620,0.027585,0.000000,0.005528,0.052266,0.000000],[0.915529,0.026723,0.000000,0.005441,0.052306,0.000000],[0.915562,0.026721,0.000000,0.005440,0.052277,0.000000],[0.907262,0.027136,0.000000,0.005479,0.060124,0.000000],[0.907203,0.027138,0.000000,0.005482,0.060177,0.000000],[0.906255,0.027922,0.000000,0.005537,0.060286,0.000000],[0.906717,0.030723,0.000000,0.006106,0.056455,0.000000],[0.903117,0.028334,0.000000,0.005804,0.062745,0.000000],[0.899156,0.030694,0.000000,0.006012,0.064138,0.000000],[0.901898,0.028930,0.000000,0.005763,0.063409,0.000000],[0.903001,0.028347,0.000000,0.005807,0.062844,0.000000],[0.917297,0.027212,0.000000,0.005409,0.050082,0.000000],[0.914859,0.026426,0.000000,0.005057,0.053658,0.000000],[0.605203,0.054768,0.000000,0.013442,0.326588,0.000000],[0.119911,0.025719,0.000000,0.005311,0.849059,0.000000],[0.893706,0.028076,0.000000,0.028504,0.049714,0.000000],[0.130463,0.026418,0.000000,0.005787,0.837332,0.000000],[0.918502,0.026159,0.000000,0.005383,0.049956,0.000000],[0.917434,0.024787,0.000000,0.005374,0.052404,0.000000],[0.914396,0.026157,0.000000,0.005787,0.053660,0.000000],[0.919507,0.025168,0.000000,0.005302,0.050023,0.000000],[0.925970,0.023054,0.000000,0.004762,0.046214,0.000000],[0.925867,0.023081,0.000000,0.004773,0.046280,0.000000],[0.939703,0.015436,0.000000,0.002372,0.042489,0.000000],[0.071875,0.007368,0.007179,0.001801,0.911777,0.000000],[1.000000,0.000000,0.000000,0.000000,0.000000,0.000000]],
  [[1.000000,0.000000,0.000000,0.000000,0.000000,0.000000],[0.081521,0.008669,0.008595,0.002039,0.899175,0.000000],[0.090995,0.014715,0.000000,0.002399,0.891890,0.000000],[0.100614,0.017345,0.000000,0.002911,0.879130,0.000000],[0.914625,0.027583,0.000000,0.005526,0.052266,0.000000],[0.137264,0.028336,0.000000,0.006056,0.828345,0.000000],[0.137673,0.028432,0.000000,0.006080,0.827815,0.000000],[0.911239,0.013803,0.016762,0.005139,0.053058,0.000000],[1.000000,0.000000,0.000000,0.000000,0.000000,0.000000],[0.920498,0.014948,0.013586,0.004946,0.046021,0.000000],[0.914772,0.027595,0.000000,0.005528,0.052106,0.000000],[0.904720,0.031915,0.000000,0.006262,0.057103,0.000000],[0.138121,0.030116,0.000000,0.006297,0.825466,0.000000],[0.134644,0.029078,0.000000,0.005998,0.830281,0.000000],[0.906261,0.027924,0.000000,0.005539,0.060276,0.000000],[0.914686,0.027582,0.000000,0.005521,0.052210,0.000000],[0.114895,0.027092,0.000000,0.006027,0.851985,0.000000],[0.914748,0.027569,0.000000,0.005518,0.052166,0.000000],[0.915611,0.026713,0.000000,0.005437,0.052238,0.000000],[0.914712,0.027576,0.000000,0.005520,0.052192,0.000000],[0.120992,0.029865,0.000000,0.006536,0.842606,0.000000],[0.138750,0.028676,0.000000,0.006181,0.826393,0.000000],[0.611166,0.056315,0.000000,0.014406,0.318113,0.000000],[0.903135,0.028328,0.000000,0.005803,0.062735,0.000000],[0.906753,0.030729,0.000000,0.006107,0.056411,0.000000],[0.130478,0.026399,0.000000,0.005783,0.837340,0.000000],[0.120154,0.025300,0.000000,0.005288,0.849258,0.000000],[0.120230,0.048638,0.000000,0.005290,0.825842,0.000000],[0.893820,0.047867,0.000000,0.004905,0.053408,0.000000],[0.918382,0.026158,0.000000,0.005385,0.050075,0.000000],[0.917880,0.024014,0.000000,0.004851,0.053255,0.000000],[0.894789,0.047129,0.000000,0.004848,0.053233,0.000000],[0.915468,0.024196,0.000000,0.005060,0.055276,0.000000],[0.915707,0.024176,0.000000,0.005052,0.055064,0.000000],[0.917920,0.024218,0.000000,0.004731,0.053132,0.000000],[0.000000,0.000000,0.000000,0.000000,0.000000,1.000000],[0.000000,0.000000,0.000000,0.000000,0.000000,1.000000],[0.941025,0.013992,0.000000,0.002328,0.042655,0.000000],[0.952649,0.006694,0.006535,0.001593,0.032530,0.000000],[1.000000,0.000000,0.000000,0.000000,0.000000,0.000000]],
  [[1.000000,0.000000,0.000000,0.000000,0.000000,0.000000],[0.087573,0.010577,0.011200,0.002599,0.888050,0.000000],[0.927880,0.021075,0.000000,0.002819,0.048226,0.000000],[0.929078,0.018889,0.000000,0.002826,0.049207,0.000000],[0.913483,0.028558,0.000000,0.005575,0.052384,0.000000],[0.914408,0.027617,0.000000,0.005543,0.052432,0.000000],[0.915114,0.027518,0.000000,0.005508,0.051860,0.000000],[0.920856,0.014902,0.013544,0.004929,0.045770,0.000000],[1.000000,0.000000,0.000000,0.000000,0.000000,0.000000],[0.934769,0.010120,0.010482,0.002340,0.042288,0.000000],[0.100643,0.018599,0.000000,0.002946,0.877812,0.000000],[0.115741,0.029247,0.000000,0.006189,0.848823,0.000000],[0.903755,0.029903,0.000000,0.005723,0.060620,0.000000],[0.610591,0.057397,0.000000,0.014515,0.317497,0.000000],[0.907238,0.027137,0.000000,0.005482,0.060142,0.000000],[0.914714,0.027577,0.000000,0.005520,0.052189,0.000000],[0.100363,0.017306,0.000000,0.002900,0.879431,0.000000],[0.930047,0.018183,0.000000,0.002776,0.048994,0.000000],[0.930378,0.017816,0.000000,0.002754,0.049051,0.000000],[0.099901,0.017910,0.000000,0.002905,0.879284,0.000000],[0.913693,0.028533,0.000000,0.005564,0.052210,0.000000],[0.906319,0.027913,0.000000,0.005534,0.060234,0.000000],[0.906298,0.027913,0.000000,0.005536,0.060253,0.000000],[0.136769,0.028334,0.000000,0.006049,0.828849,0.000000],[0.114732,0.027863,0.000000,0.006014,0.851391,0.000000],[0.923271,0.025304,0.000000,0.004941,0.046483,0.000000],[0.922406,0.026098,0.000000,0.004961,0.046534,0.000000],[0.923237,0.025301,0.000000,0.004943,0.046518,0.000000],[0.901349,0.024456,0.000000,0.004902,0.069294,0.000000],[0.922604,0.023354,0.000000,0.004990,0.049052,0.000000],[0.895612,0.023403,0.000000,0.004681,0.076304,0.000000],[0.593207,0.046133,0.000000,0.034993,0.325667,0.000000],[0.892570,0.024165,0.000000,0.005048,0.078218,0.000000],[0.145614,0.024475,0.000000,0.005387,0.824525,0.000000],[0.610399,0.048545,0.000000,0.012899,0.328157,0.000000],[0.123297,0.020253,0.000000,0.005203,0.851246,0.000000],[0.000000,0.000000,0.000000,0.000000,0.000000,1.000000],[0.941120,0.013452,0.000000,0.002329,0.043099,0.000000],[0.944157,0.008282,0.008411,0.002112,0.037038,0.000000],[1.000000,0.000000,0.000000,0.000000,0.000000,0.000000]],
  [[1.000000,0.000000,0.000000,0.000000,0.000000,0.000000],[0.922774,0.014797,0.013656,0.004766,0.044007,0.000000],[0.115183,0.028027,0.000000,0.006056,0.850733,0.000000],[0.115349,0.027167,0.000000,0.006057,0.851427,0.000000],[0.914752,0.027582,0.000000,0.005523,0.052142,0.000000],[0.931269,0.016907,0.000000,0.002709,0.049116,0.000000],[0.930679,0.017794,0.000000,0.002749,0.048777,0.000000],[0.933840,0.010649,0.009783,0.002517,0.043211,0.000000],[1.000000,0.000000,0.000000,0.000000,0.000000,0.000000],[0.933814,0.010882,0.009913,0.002482,0.042909,0.000000],[0.100631,0.018598,0.000000,0.002947,0.877824,0.000000],[0.114582,0.028396,0.000000,0.006016,0.851006,0.000000],[0.906212,0.027942,0.000000,0.005543,0.060303,0.000000],[0.907106,0.027159,0.000000,0.005488,0.060247,0.000000],[0.907216,0.027144,0.000000,0.005482,0.060157,0.000000],[0.913643,0.028548,0.000000,0.005567,0.052242,0.000000],[0.930361,0.017820,0.000000,0.002756,0.049064,0.000000],[0.939811,0.014412,0.000000,0.002189,0.043588,0.000000],[0.100193,0.017287,0.000000,0.002895,0.879624,0.000000],[0.914901,0.027560,0.000000,0.005514,0.052025,0.000000],[0.909449,0.028317,0.000000,0.006025,0.056209,0.000000],[0.912956,0.026328,0.000000,0.005622,0.055095,0.000000],[0.908162,0.029501,0.000000,0.006067,0.056269,0.000000],[0.906916,0.030706,0.000000,0.006100,0.056279,0.000000],[0.913599,0.028545,0.000000,0.005571,0.052285,0.000000],[0.938223,0.015790,0.000000,0.002444,0.043543,0.000000],[0.924340,0.024449,0.000000,0.004898,0.046312,0.000000],[0.101400,0.024625,0.000000,0.005316,0.868659,0.000000],[0.923427,0.025286,0.000000,0.004936,0.046351,0.000000],[0.918606,0.026130,0.000000,0.005376,0.049889,0.000000],[0.915483,0.024190,0.000000,0.005058,0.055269,0.000000],[0.918011,0.023992,0.000000,0.004842,0.053155,0.000000],[0.914681,0.024996,0.000000,0.005112,0.055212,0.000000],[0.913656,0.024376,0.000000,0.005014,0.056954,0.000000],[0.916133,0.024265,0.000000,0.004862,0.054740,0.000000],[0.917258,0.023260,0.000000,0.004626,0.054856,0.000000],[0.919858,0.025117,0.000000,0.005288,0.049736,0.000000],[0.926433,0.023390,0.000000,0.004725,0.045452,0.000000],[0.944282,0.008409,0.008704,0.002049,0.036557,0.000000],[1.000000,0.000000,0.000000,0.000000,0.000000,0.000000]],
  [[1.000000,0.000000,0.000000,0.000000,0.000000,0.000000],[0.912431,0.013766,0.017212,0.005039,0.051552,0.000000],[0.905765,0.028885,0.000000,0.005606,0.059745,0.000000],[0.904851,0.029005,0.000000,0.005646,0.060499,0.000000],[0.913620,0.028564,0.000000,0.005573,0.052244,0.000000],[0.100265,0.017293,0.000000,0.002898,0.879544,0.000000],[0.930529,0.017808,0.000000,0.002753,0.048910,0.000000],[0.090247,0.013262,0.004628,0.002634,0.889229,0.000000],[0.943906,0.010798,0.004636,0.001915,0.038744,0.000000],[0.943464,0.011115,0.004890,0.001914,0.038617,0.000000],[0.929468,0.018833,0.000000,0.002815,0.048884,0.000000],[0.905467,0.031817,0.000000,0.006226,0.056490,0.000000],[0.908066,0.029533,0.000000,0.006076,0.056326,0.000000],[0.909269,0.028347,0.000000,0.006037,0.056346,0.000000],[0.121694,0.029180,0.000000,0.006573,0.842553,0.000000],[0.906989,0.030701,0.000000,0.006095,0.056215,0.000000],[0.100382,0.017309,0.000000,0.002901,0.879409,0.000000],[0.940301,0.013832,0.000000,0.002188,0.043680,0.000000],[0.931469,0.016867,0.000000,0.002699,0.048965,0.000000],[0.915752,0.026702,0.000000,0.005433,0.052113,0.000000],[0.908189,0.026443,0.000000,0.005287,0.060082,0.000000],[0.908134,0.026449,0.000000,0.005289,0.060128,0.000000],[0.907291,0.027132,0.000000,0.005477,0.060099,0.000000],[0.115082,0.027121,0.000000,0.006036,0.851761,0.000000],[0.929964,0.018199,0.000000,0.002780,0.049057,0.000000],[0.937995,0.016110,0.000000,0.002461,0.043434,0.000000],[0.101143,0.024603,0.000000,0.005307,0.868946,0.000000],[0.916098,0.025588,0.000000,0.004974,0.053340,0.000000],[0.119238,0.025260,0.000000,0.005274,0.850229,0.000000],[0.146012,0.025321,0.000000,0.005458,0.823209,0.000000],[0.919748,0.025083,0.000000,0.005341,0.049828,0.000000],[0.925460,0.023644,0.000000,0.004808,0.046088,0.000000],[0.108237,0.025078,0.000000,0.005748,0.860937,0.000000],[0.917343,0.023866,0.000000,0.005505,0.053286,0.000000],[0.000000,0.000000,0.000000,0.000000,0.000000,1.000000],[0.919443,0.022047,0.000000,0.004366,0.054144,0.000000],[0.121906,0.024459,0.000000,0.005384,0.848252,0.000000],[0.902480,0.024323,0.000000,0.004855,0.068342,0.000000],[0.079274,0.008860,0.008901,0.002310,0.900655,0.000000],[1.000000,0.000000,0.000000,0.000000,0.000000,0.000000]],
  [[1.000000,0.000000,0.000000,0.000000,0.000000,0.000000],[0.125848,0.014886,0.017420,0.006186,0.835661,0.000000],[0.615783,0.053303,0.000000,0.013902,0.317012,0.000000],[0.904480,0.027390,0.000000,0.005733,0.062397,0.000000],[0.121697,0.029186,0.000000,0.006577,0.842541,0.000000],[0.914721,0.027597,0.000000,0.005528,0.052155,0.000000],[0.914885,0.027571,0.000000,0.005519,0.052024,0.000000],[0.931445,0.016891,0.000000,0.002705,0.048958,0.000000],[0.940265,0.013860,0.000000,0.002196,0.043680,0.000000],[0.939767,0.014443,0.000000,0.002198,0.043592,0.000000],[0.100410,0.018540,0.000000,0.002935,0.878115,0.000000],[0.114797,0.027903,0.000000,0.006025,0.851275,0.000000],[0.907241,0.027149,0.000000,0.005484,0.060126,0.000000],[0.907251,0.027141,0.000000,0.005481,0.060127,0.000000],[0.906363,0.027916,0.000000,0.005533,0.060187,0.000000],[0.114382,0.027832,0.000000,0.006000,0.851786,0.000000],[0.930052,0.018187,0.000000,0.002777,0.048984,0.000000],[0.939797,0.014417,0.000000,0.002189,0.043597,0.000000],[0.930340,0.017820,0.000000,0.002755,0.049085,0.000000],[0.915757,0.026704,0.000000,0.005433,0.052105,0.000000],[0.908207,0.026444,0.000000,0.005287,0.060063,0.000000],[0.618419,0.052158,0.000000,0.013421,0.316002,0.000000],[0.907296,0.027130,0.000000,0.005476,0.060098,0.000000],[0.914836,0.027572,0.000000,0.005519,0.052073,0.000000],[0.099980,0.017924,0.000000,0.002909,0.879187,0.000000],[0.111340,0.015884,0.000000,0.002578,0.870197,0.000000],[0.924457,0.024431,0.000000,0.004891,0.046222,0.000000],[0.917188,0.024678,0.000000,0.004893,0.053241,0.000000],[0.609427,0.050688,0.000000,0.012810,0.327076,0.000000],[0.916141,0.025578,0.000000,0.004972,0.053309,0.000000],[0.900664,0.025277,0.000000,0.004931,0.069127,0.000000],[0.938152,0.016081,0.000000,0.002454,0.043313,0.000000],[0.939429,0.015186,0.000000,0.002354,0.043031,0.000000],[0.927579,0.021153,0.000000,0.004716,0.046552,0.000000],[0.000000,0.000000,0.000000,0.000000,0.000000,1.000000],[0.640599,0.042079,0.000000,0.011621,0.305701,0.000000],[0.894129,0.047841,0.000000,0.004894,0.053136,0.000000],[0.901334,0.025199,0.000000,0.004907,0.068560,0.000000],[0.943319,0.008822,0.009180,0.002034,0.036644,0.000000],[1.000000,0.000000,0.000000,0.000000,0.000000,0.000000]],
  [[1.000000,0.000000,0.000000,0.000000,0.000000,0.000000],[0.913282,0.013804,0.015682,0.004951,0.052281,0.000000],[0.909552,0.022832,0.006034,0.005092,0.056490,0.000000],[0.899318,0.030714,0.000000,0.006019,0.063949,0.000000],[0.904469,0.027386,0.000000,0.005732,0.062413,0.000000],[0.906157,0.027956,0.000000,0.005549,0.060338,0.000000],[0.914611,0.027611,0.000000,0.005535,0.052243,0.000000],[0.930126,0.017858,0.000000,0.002767,0.049250,0.000000],[0.929814,0.018225,0.000000,0.002788,0.049173,0.000000],[0.100252,0.018503,0.000000,0.002929,0.878316,0.000000],[0.101418,0.020957,0.000000,0.003072,0.874553,0.000000],[0.912722,0.029473,0.000000,0.005597,0.052208,0.000000],[0.906263,0.027930,0.000000,0.005539,0.060267,0.000000],[0.618482,0.052177,0.000000,0.013432,0.315909,0.000000],[0.907325,0.027129,0.000000,0.005476,0.060070,0.000000],[0.915782,0.026700,0.000000,0.005434,0.052084,0.000000],[0.930364,0.017817,0.000000,0.002755,0.049064,0.000000],[0.090764,0.013390,0.000000,0.002310,0.893536,0.000000],[0.099945,0.017921,0.000000,0.002908,0.879226,0.000000],[0.906826,0.030703,0.000000,0.006098,0.056372,0.000000],[0.903004,0.028325,0.000000,0.005802,0.062869,0.000000],[0.904254,0.027365,0.000000,0.005724,0.062657,0.000000],[0.906100,0.026275,0.000000,0.005521,0.062103,0.000000],[0.907968,0.029527,0.000000,0.006072,0.056432,0.000000],[0.929990,0.018198,0.000000,0.002779,0.049033,0.000000],[0.938022,0.016106,0.000000,0.002460,0.043412,0.000000],[0.902410,0.023676,0.000000,0.004820,0.069094,0.000000],[0.918699,0.023402,0.000000,0.004682,0.053218,0.000000],[0.917974,0.023998,0.000000,0.004846,0.053182,0.000000],[0.914481,0.025039,0.000000,0.005127,0.055353,0.000000],[0.106771,0.026375,0.000000,0.005772,0.861082,0.000000],[0.101650,0.023958,0.000000,0.005332,0.869060,0.000000],[0.880221,0.045870,0.000000,0.004780,0.069129,0.000000],[0.000000,0.000000,0.000000,0.000000,0.000000,1.000000],[0.919507,0.022729,0.000000,0.004430,0.053335,0.000000],[0.894794,0.047362,0.000000,0.004734,0.053110,0.000000],[0.916266,0.025587,0.000000,0.004973,0.053173,0.000000],[0.101625,0.024730,0.000000,0.005342,0.868304,0.000000],[0.943336,0.008838,0.009164,0.002034,0.036628,0.000000],[1.000000,0.000000,0.000000,0.000000,0.000000,0.000000]],
  [[1.000000,0.000000,0.000000,0.000000,0.000000,0.000000],[1.000000,0.000000,0.000000,0.000000,0.000000,0.000000],[0.917365,0.015898,0.012179,0.005673,0.048884,0.000000],[0.910364,0.022216,0.005879,0.004959,0.056582,0.000000],[0.615356,0.053351,0.000000,0.013931,0.317362,0.000000],[0.906570,0.027903,0.000000,0.005532,0.059994,0.000000],[0.114760,0.027896,0.000000,0.006024,0.851321,0.000000],[0.114707,0.027863,0.000000,0.006016,0.851413,0.000000],[0.912575,0.029459,0.000000,0.005596,0.052370,0.000000],[0.114695,0.028404,0.000000,0.006017,0.850884,0.000000],[0.912539,0.029482,0.000000,0.005600,0.052379,0.000000],[0.121133,0.029909,0.000000,0.006550,0.842408,0.000000],[0.906209,0.027940,0.000000,0.005542,0.060309,0.000000],[0.907224,0.027144,0.000000,0.005482,0.060150,0.000000],[0.907219,0.027143,0.000000,0.005482,0.060157,0.000000],[0.915697,0.026715,0.000000,0.005439,0.052150,0.000000],[0.929984,0.018196,0.000000,0.002778,0.049042,0.000000],[0.930027,0.018190,0.000000,0.002777,0.049006,0.000000],[0.929332,0.018837,0.000000,0.002812,0.049020,0.000000],[0.121033,0.029870,0.000000,0.006539,0.842558,0.000000],[0.139719,0.028706,0.000000,0.006190,0.825385,0.000000],[0.903128,0.028327,0.000000,0.005805,0.062740,0.000000],[0.904480,0.027368,0.000000,0.005726,0.062425,0.000000],[0.906696,0.030732,0.000000,0.006107,0.056465,0.000000],[0.100604,0.017340,0.000000,0.002907,0.879149,0.000000],[0.938299,0.015779,0.000000,0.002441,0.043480,0.000000],[0.927755,0.021821,0.000000,0.004584,0.045840,0.000000],[0.927722,0.021825,0.000000,0.004584,0.045868,0.000000],[0.925214,0.023671,0.000000,0.004818,0.046297,0.000000],[0.130871,0.025767,0.000000,0.005804,0.837558,0.000000],[0.890024,0.049314,0.000000,0.005179,0.055482,0.000000],[0.917494,0.024644,0.000000,0.004878,0.052984,0.000000],[0.918520,0.023594,0.000000,0.004683,0.053203,0.000000],[0.920195,0.024422,0.000000,0.005274,0.050109,0.000000],[0.902621,0.024004,0.000000,0.004746,0.068629,0.000000],[0.101145,0.025080,0.000000,0.005307,0.868467,0.000000],[0.124498,0.025071,0.000000,0.005311,0.845121,0.000000],[0.923349,0.026002,0.000000,0.004927,0.045722,0.000000],[0.100269,0.009051,0.009267,0.002240,0.879173,0.000000],[1.000000,0.000000,0.000000,0.000000,0.000000,0.000000]],
  [[1.000000,0.000000,0.000000,0.000000,0.000000,0.000000],[0.940514,0.008643,0.008213,0.002100,0.040530,0.000000],[1.000000,0.000000,0.000000,0.000000,0.000000,0.000000],[0.913064,0.013282,0.015136,0.004977,0.053541,0.000000],[0.914294,0.013132,0.013993,0.004953,0.053629,0.000000],[0.124984,0.024955,0.006261,0.006176,0.837625,0.000000],[0.913911,0.028525,0.000000,0.005564,0.052001,0.000000],[0.913408,0.028585,0.000000,0.005584,0.052424,0.000000],[0.135286,0.028613,0.000000,0.005975,0.830126,0.000000],[0.904995,0.028960,0.000000,0.005634,0.060411,0.000000],[0.904976,0.028969,0.000000,0.005635,0.060420,0.000000],[0.906732,0.030735,0.000000,0.006110,0.056423,0.000000],[0.121827,0.029199,0.000000,0.006582,0.842392,0.000000],[0.909238,0.028344,0.000000,0.006036,0.056382,0.000000],[0.908044,0.029512,0.000000,0.006071,0.056373,0.000000],[0.121941,0.029201,0.000000,0.006583,0.842275,0.000000],[0.913638,0.028529,0.000000,0.005565,0.052268,0.000000],[0.101878,0.016631,0.000000,0.002937,0.878554,0.000000],[0.930303,0.017820,0.000000,0.002756,0.049120,0.000000],[0.913539,0.028527,0.000000,0.005568,0.052366,0.000000],[0.905032,0.028944,0.000000,0.005628,0.060395,0.000000],[0.605863,0.062004,0.000000,0.015210,0.316922,0.000000],[0.136010,0.028640,0.000000,0.005986,0.829364,0.000000],[0.911912,0.030018,0.000000,0.005719,0.052351,0.000000],[0.100222,0.018502,0.000000,0.002926,0.878350,0.000000],[0.937462,0.016672,0.000000,0.002489,0.043377,0.000000],[0.938368,0.015772,0.000000,0.002438,0.043421,0.000000],[0.938344,0.015771,0.000000,0.002438,0.043447,0.000000],[0.924552,0.024417,0.000000,0.004886,0.046146,0.000000],[0.918812,0.026117,0.000000,0.005367,0.049704,0.000000],[0.892812,0.024148,0.000000,0.005040,0.078000,0.000000],[0.596030,0.087453,0.000000,0.011309,0.305208,0.000000],[0.896341,0.022021,0.000000,0.004525,0.077113,0.000000],[0.926136,0.023443,0.000000,0.004739,0.045681,0.000000],[0.089497,0.017597,0.000000,0.002668,0.890239,0.000000],[0.089850,0.018582,0.000000,0.002718,0.888850,0.000000],[0.914691,0.039670,0.000000,0.002486,0.043153,0.000000],[0.915912,0.016010,0.000000,0.002437,0.065640,0.000000],[0.078310,0.009056,0.009206,0.002256,0.901172,0.000000],[1.000000,0.000000,0.000000,0.000000,0.000000,0.000000]],
  [[1.000000,0.000000,0.000000,0.000000,0.000000,0.000000],[0.116462,0.013170,0.011284,0.005167,0.853917,0.000000],[0.906785,0.035317,0.011033,0.004549,0.042316,0.000000],[1.000000,0.000000,0.000000,0.000000,0.000000,0.000000],[1.000000,0.000000,0.000000,0.000000,0.000000,0.000000],[0.932609,0.012291,0.010098,0.004323,0.040679,0.000000],[0.919811,0.025099,0.000000,0.005347,0.049744,0.000000],[0.896472,0.025144,0.000000,0.005363,0.073021,0.000000],[0.915350,0.024213,0.000000,0.005068,0.055369,0.000000],[0.630985,0.051192,0.000000,0.013064,0.304759,0.000000],[0.122541,0.025823,0.000000,0.005510,0.846127,0.000000],[0.922460,0.026102,0.000000,0.004962,0.046475,0.000000],[0.900399,0.025316,0.000000,0.004944,0.069340,0.000000],[0.917038,0.024699,0.000000,0.004901,0.053362,0.000000],[0.914934,0.026413,0.000000,0.005054,0.053600,0.000000],[0.135425,0.028608,0.000000,0.005974,0.829993,0.000000],[0.912662,0.029429,0.000000,0.005587,0.052321,0.000000],[0.931443,0.016869,0.000000,0.002699,0.048989,0.000000],[0.931408,0.016871,0.000000,0.002699,0.049022,0.000000],[0.915492,0.026705,0.000000,0.005438,0.052365,0.000000],[0.137372,0.027366,0.000000,0.006016,0.829245,0.000000],[0.905030,0.028942,0.000000,0.005631,0.060397,0.000000],[0.136126,0.028658,0.000000,0.005992,0.829225,0.000000],[0.114746,0.028383,0.000000,0.006015,0.850856,0.000000],[0.929333,0.018843,0.000000,0.002814,0.049010,0.000000],[0.090528,0.014605,0.000000,0.002379,0.892488,0.000000],[0.090353,0.013914,0.000000,0.002343,0.893391,0.000000],[0.930425,0.017805,0.000000,0.002752,0.049018,0.000000],[0.115672,0.026079,0.000000,0.005998,0.852250,0.000000],[0.904879,0.027318,0.000000,0.005704,0.062099,0.000000],[0.902573,0.028845,0.000000,0.005729,0.062854,0.000000],[0.905529,0.025659,0.000000,0.004861,0.063950,0.000000],[0.000000,0.000000,0.000000,0.000000,0.000000,1.000000],[0.911112,0.026136,0.000000,0.005845,0.056906,0.000000],[0.115021,0.027874,0.000000,0.005968,0.851137,0.000000],[0.115660,0.026017,0.000000,0.006139,0.852184,0.000000],[0.917198,0.025395,0.000000,0.005331,0.052077,0.000000],[0.916545,0.026048,0.000000,0.005380,0.052027,0.000000],[0.936829,0.009532,0.009849,0.002322,0.041468,0.000000],[1.000000,0.000000,0.000000,0.000000,0.000000,0.000000]],
  [[1.000000,0.000000,0.000000,0.000000,0.000000,0.000000],[0.930715,0.010866,0.013184,0.004025,0.041210,0.000000],[0.889726,0.038746,0.004616,0.003875,0.063037,0.000000],[0.929506,0.011000,0.013285,0.004085,0.042123,0.000000],[1.000000,0.000000,0.000000,0.000000,0.000000,0.000000],[0.947471,0.008612,0.007880,0.001968,0.034070,0.000000],[0.932907,0.021269,0.000000,0.004332,0.041493,0.000000],[0.882429,0.021731,0.000000,0.004552,0.091288,0.000000],[0.922157,0.022929,0.000000,0.004571,0.050343,0.000000],[0.898511,0.024939,0.000000,0.004824,0.071726,0.000000],[0.151710,0.023137,0.000000,0.004938,0.820216,0.000000],[0.111944,0.022073,0.000000,0.004771,0.861212,0.000000],[0.890997,0.021962,0.000000,0.004404,0.082637,0.000000],[0.108565,0.021677,0.000000,0.004769,0.864989,0.000000],[0.543634,0.046995,0.000000,0.011803,0.397569,0.000000],[0.137386,0.028357,0.000000,0.006058,0.828199,0.000000],[0.914726,0.027548,0.000000,0.005517,0.052209,0.000000],[0.932692,0.015816,0.000000,0.002616,0.048877,0.000000],[0.932671,0.015815,0.000000,0.002616,0.048898,0.000000],[0.915505,0.026696,0.000000,0.005436,0.052363,0.000000],[0.914547,0.027580,0.000000,0.005525,0.052349,0.000000],[0.912454,0.029464,0.000000,0.005599,0.052483,0.000000],[0.912433,0.029479,0.000000,0.005602,0.052486,0.000000],[0.913388,0.028570,0.000000,0.005581,0.052461,0.000000],[0.929952,0.018205,0.000000,0.002782,0.049061,0.000000],[0.090353,0.013913,0.000000,0.002344,0.893390,0.000000],[0.940013,0.014391,0.000000,0.002183,0.043414,0.000000],[0.930544,0.017786,0.000000,0.002747,0.048922,0.000000],[0.916096,0.026640,0.000000,0.005411,0.051853,0.000000],[0.903886,0.028234,0.000000,0.005767,0.062114,0.000000],[0.616477,0.048941,0.000000,0.013645,0.320936,0.000000],[0.913676,0.022045,0.000000,0.004595,0.059684,0.000000],[0.000000,0.000000,0.000000,0.000000,0.000000,1.000000],[0.124086,0.026221,0.000000,0.006295,0.843398,0.000000],[0.000000,0.000000,0.000000,0.000000,0.000000,1.000000],[0.000000,0.000000,0.000000,0.000000,0.000000,1.000000],[0.000000,0.000000,0.000000,0.000000,0.000000,1.000000],[0.916554,0.026039,0.000000,0.005379,0.052029,0.000000],[0.936700,0.009393,0.009509,0.002393,0.042004,0.000000],[1.000000,0.000000,0.000000,0.000000,0.000000,0.000000]],
