[
  [[1.000000,0.000000,0.000000,0.000000,0.000000,0.000000],[1.000000,0.000000,0.000000,0.000000,0.000000,0.000000],[1.000000,0.000000,0.000000,0.000000,0.000000,0.000000],[1.000000,0.000000,0.000000,0.000000,0.000000,0.000000],[1.000000,0.000000,0.000000,0.000000,0.000000,0.000000],[1.000000,0.000000,0.000000,0.000000,0.000000,0.000000],[1.000000,0.000000,0.000000,0.000000,0.000000,0.000000],[1.000000,0.000000,0.000000,0.000000,0.000000,0.000000],[1.000000,0.000000,0.000000,0.000000,0.000000,0.000000],[1.000000,0.000000,0.000000,0.000000,0.000000,0.000000],[1.000000,0.000000,0.000000,0.000000,0.000000,0.000000],[1.000000,0.000000,0.000000,0.000000,0.000000,0.000000],[1.000000,0.000000,0.000000,0.000000,0.000000,0.000000],[1.000000,0.000000,0.000000,0.000000,0.000000,0.000000],[1.000000,0.000000,0.000000,0.000000,0.000000,0.000000],[1.000000,0.000000,0.000000,0.000000,0.000000,0.000000],[1.000000,0.000000,0.000000,0.000000,0.000000,0.000000],[1.000000,0.000000,0.000000,0.000000,0.000000,0.000000],[1.000000,0.000000,0.000000,0.000000,0.000000,0.000000],[1.000000,0.000000,0.000000,0.000000,0.000000,0.000000],[1.000000,0.000000,0.000000,0.000000,0.000000,0.000000],[1.000000,0.000000,0.000000,0.000000,0.000000,0.000000],[1.000000,0.000000,0.000000,0.000000,0.000000,0.000000],[1.000000,0.000000,0.000000,0.000000,0.000000,0.000000],[1.000000,0.000000,0.000000,0.000000,0.000000,0.000000],[1.000000,0.000000,0.000000,0.000000,0.000000,0.000000],[1.000000,0.000000,0.000000,0.000000,0.000000,0.000000],[1.000000,0.000000,0.000000,0.000000,0.000000,0.000000],[1.000000,0.000000,0.000000,0.000000,0.000000,0.000000],[1.000000,0.000000,0.000000,0.000000,0.000000,0.000000],[1.000000,0.000000,0.000000,0.000000,0.000000,0.000000],[1.000000,0.000000,0.000000,0.000000,0.000000,0.000000],[1.000000,0.000000,0.000000,0.000000,0.000000,0.000000],[1.000000,0.000000,0.000000,0.000000,0.000000,0.000000],[1.000000,0.000000,0.000000,0.000000,0.000000,0.000000],[1.000000,0.000000,0.000000,0.000000,0.000000,0.000000],[1.000000,0.000000,0.000000,0.000000,0.000000,0.000000],[1.000000,0.000000,0.000000,0.000000,0.000000,0.000000],[1.000000,0.000000,0.000000,0.000000,0.000000,0.000000],[1.000000,0.000000,0.000000,0.000000,0.000000,0.000000]],
  [[1.000000,0.000000,0.000000,0.000000,0.000000,0.000000],[0.969997,0.002351,0.002815,0.000775,0.024062,0.000000],[0.967966,0.002885,0.003222,0.000836,0.025091,0.000000],[0.053596,0.003122,0.003402,0.001017,0.938862,0.000000],[0.962633,0.003926,0.004071,0.001036,0.028334,0.000000],[0.958215,0.004777,0.004767,0.001265,0.030976,0.000000],[0.953831,0.005800,0.005818,0.001430,0.033120,0.000000],[0.075664,0.007683,0.007686,0.001956,0.907012,0.000000],[0.936048,0.009411,0.010010,0.002279,0.042252,0.000000],[0.919741,0.014811,0.013796,0.004858,0.046795,0.000000],[0.908406,0.013933,0.017222,0.005144,0.055294,0.000000],[0.908748,0.014011,0.017720,0.005078,0.054443,0.000000],[0.125935,0.014874,0.017924,0.006127,0.835140,0.000000],[0.914310,0.016024,0.014680,0.005350,0.049636,0.000000],[0.910056,0.013348,0.015590,0.004985,0.056021,0.000000],[0.908357,0.013925,0.017278,0.005148,0.055292,0.000000],[0.908436,0.013920,0.017266,0.005146,0.055233,0.000000],[0.919798,0.014797,0.013802,0.004857,0.046746,0.000000],[0.935737,0.009264,0.009681,0.002357,0.042961,0.000000],[0.946980,0.007144,0.007143,0.001770,0.036963,0.000000],[0.953454,0.005751,0.005740,0.001486,0.033569,0.000000],[0.947187,0.007125,0.007123,0.001764,0.036801,0.000000],[0.947299,0.007249,0.007358,0.001716,0.036377,0.000000],[0.075670,0.007681,0.007688,0.001954,0.907006,0.000000],[0.947128,0.007273,0.007370,0.001722,0.036508,0.000000],[0.946985,0.007161,0.007129,0.001770,0.036956,0.000000],[0.946862,0.007169,0.007142,0.001773,0.037053,0.000000],[0.946882,0.007168,0.007140,0.001773,0.037037,0.000000],[0.946859,0.007174,0.007140,0.001774,0.037053,0.000000],[0.946972,0.007303,0.007370,0.001727,0.036628,0.000000],[0.935436,0.009805,0.010549,0.002246,0.041964,0.000000],[0.935427,0.009818,0.010542,0.002246,0.041967,0.000000],[0.935953,0.009418,0.010016,0.002283,0.042330,0.000000],[0.935642,0.009292,0.009676,0.002360,0.043030,0.000000],[0.918047,0.014989,0.013921,0.005174,0.047869,0.000000],[0.919655,0.014843,0.013799,0.004862,0.046842,0.000000],[0.099475,0.015479,0.014620,0.005720,0.864706,0.000000],[0.920844,0.014820,0.014014,0.004736,0.045587,0.000000],[0.925502,0.013418,0.011392,0.004410,0.045278,0.000000],[1.000000,0.000000,0.000000,0.000000,0.000000,0.000000]],
  [[1.000000,0.000000,0.000000,0.000000,0.000000,0.000000],[0.969765,0.002480,0.002834,0.000782,0.024139,0.000000],[0.967759,0.003932,0.000000,0.000867,0.027442,0.000000],[0.965397,0.004757,0.000000,0.000952,0.028894,0.000000],[0.962699,0.005588,0.000000,0.001058,0.030655,0.000000],[0.958839,0.006663,0.000000,0.001223,0.033275,0.000000],[0.952127,0.009857,0.000000,0.001589,0.036427,0.000000],[0.943784,0.013246,0.000000,0.002011,0.040959,0.000000],[0.932489,0.017470,0.000000,0.002612,0.047429,0.000000],[0.915420,0.027426,0.000000,0.005352,0.051802,0.000000],[0.136184,0.028625,0.000000,0.006010,0.829180,0.000000],[0.602676,0.059382,0.000000,0.014362,0.323580,0.000000],[0.906326,0.027292,0.000000,0.005412,0.060971,0.000000],[0.909409,0.028234,0.000000,0.005888,0.056468,0.000000],[0.906755,0.026612,0.000000,0.005243,0.061390,0.000000],[0.604492,0.057222,0.000000,0.013946,0.324341,0.000000],[0.135846,0.028631,0.000000,0.006012,0.829512,0.000000],[0.915450,0.027432,0.000000,0.005355,0.051763,0.000000],[0.934026,0.015519,0.000000,0.002501,0.047955,0.000000],[0.945707,0.011508,0.000000,0.001851,0.040934,0.000000],[0.945805,0.011151,0.000000,0.001864,0.041180,0.000000],[0.945951,0.011136,0.000000,0.001860,0.041053,0.000000],[0.934341,0.015540,0.000000,0.002519,0.047600,0.000000],[0.934177,0.015919,0.000000,0.002522,0.047382,0.000000],[0.933891,0.015956,0.000000,0.002531,0.047621,0.000000],[0.933471,0.016496,0.000000,0.002559,0.047473,0.000000],[0.933343,0.016512,0.000000,0.002563,0.047582,0.000000],[0.933222,0.016524,0.000000,0.002567,0.047687,0.000000],[0.933212,0.016532,0.000000,0.002567,0.047689,0.000000],[0.943666,0.013265,0.000000,0.002016,0.041053,0.000000],[0.093936,0.017659,0.000000,0.002778,0.885627,0.000000],[0.111389,0.027102,0.000000,0.005897,0.855612,0.000000],[0.916006,0.026594,0.000000,0.005288,0.052112,0.000000],[0.918472,0.024524,0.000000,0.005044,0.051960,0.000000],[0.909527,0.028215,0.000000,0.005884,0.056374,0.000000],[0.902680,0.028481,0.000000,0.005711,0.063128,0.000000],[0.904914,0.029141,0.000000,0.005532,0.060413,0.000000],[0.136455,0.028705,0.000000,0.006031,0.828809,0.000000],[0.920040,0.014853,0.013715,0.004845,0.046547,0.000000],[1.000000,0.000000,0.000000,0.000000,0.000000,0.000000]],
  [[1.000000,0.000000,0.000000,0.000000,0.000000,0.000000],[0.969637,0.002491,0.002845,0.000786,0.024240,0.000000],[0.967485,0.003731,0.000000,0.000875,0.027909,0.000000],[0.964982,0.004549,0.000000,0.000962,0.029507,0.000000],[0.062408,0.005206,0.000000,0.001132,0.931254,0.000000],[0.958369,0.006712,0.000000,0.001236,0.033683,0.000000],[0.952043,0.009291,0.000000,0.001560,0.037105,0.000000],[0.084422,0.012301,0.000000,0.002105,0.901172,0.000000],[0.932512,0.016617,0.000000,0.002589,0.048282,0.000000],[0.914576,0.027544,0.000000,0.005394,0.052486,0.000000],[0.135603,0.028505,0.000000,0.005978,0.829913,0.000000],[0.904197,0.029220,0.000000,0.005559,0.061024,0.000000],[0.905415,0.027400,0.000000,0.005452,0.061732,0.000000],[0.908542,0.028356,0.000000,0.005931,0.057171,0.000000],[0.905854,0.026707,0.000000,0.005282,0.062157,0.000000],[0.904214,0.029221,0.000000,0.005559,0.061006,0.000000],[0.130807,0.029287,0.000000,0.005890,0.834016,0.000000],[0.913477,0.029415,0.000000,0.005422,0.051686,0.000000],[0.932336,0.016637,0.000000,0.002596,0.048431,0.000000],[0.933594,0.015557,0.000000,0.002512,0.048337,0.000000],[0.933141,0.015054,0.000000,0.002562,0.049243,0.000000],[0.000000,0.000000,0.000000,0.000000,0.000000,1.000000],[0.933732,0.014752,0.000000,0.002570,0.048946,0.000000],[0.000000,0.000000,0.000000,0.000000,0.000000,1.000000],[0.916263,0.025100,0.000000,0.005199,0.053438,0.000000],[0.915899,0.026489,0.000000,0.005244,0.052368,0.000000],[0.110993,0.026966,0.000000,0.005860,0.856181,0.000000],[0.915355,0.026653,0.000000,0.005312,0.052680,0.000000],[0.932585,0.016607,0.000000,0.002586,0.048222,0.000000],[0.083202,0.012832,0.000000,0.002138,0.901828,0.000000],[0.931756,0.017916,0.000000,0.002647,0.047681,0.000000],[0.914756,0.027558,0.000000,0.005388,0.052297,0.000000],[0.905540,0.027376,0.000000,0.005443,0.061641,0.000000],[0.905932,0.026694,0.000000,0.005276,0.062098,0.000000],[0.902507,0.027612,0.000000,0.005690,0.064191,0.000000],[0.137906,0.027894,0.000000,0.006052,0.828149,0.000000],[0.601630,0.059486,0.000000,0.014430,0.324455,0.000000],[0.904893,0.029149,0.000000,0.005536,0.060422,0.000000],[0.920794,0.014970,0.014191,0.004696,0.045349,0.000000],[1.000000,0.000000,0.000000,0.000000,0.000000,0.000000]],
  [[1.000000,0.000000,0.000000,0.000000,0.000000,0.000000],[0.967766,0.002760,0.003103,0.000848,0.025524,0.000000],[0.967590,0.002958,0.002986,0.000852,0.025615,0.000000],[0.965090,0.004536,0.000000,0.000957,0.029417,0.000000],[0.962201,0.005378,0.000000,0.001066,0.031355,0.000000],[0.958455,0.006696,0.000000,0.001232,0.033617,0.000000],[0.952185,0.009265,0.000000,0.001553,0.036997,0.000000],[0.944092,0.012464,0.000000,0.001959,0.041485,0.000000],[0.932734,0.016576,0.000000,0.002578,0.048112,0.000000],[0.915343,0.026638,0.000000,0.005310,0.052710,0.000000],[0.915269,0.026663,0.000000,0.005317,0.052751,0.000000],[0.914079,0.028493,0.000000,0.005406,0.052021,0.000000],[0.109865,0.027795,0.000000,0.005835,0.856505,0.000000],[0.907216,0.030678,0.000000,0.005934,0.056173,0.000000],[0.915223,0.026691,0.000000,0.005321,0.052765,0.000000],[0.914740,0.027530,0.000000,0.005384,0.052346,0.000000],[0.108821,0.028294,0.000000,0.005814,0.857072,0.000000],[0.108700,0.028271,0.000000,0.005809,0.857220,0.000000],[0.931807,0.017898,0.000000,0.002644,0.047651,0.000000],[0.915676,0.026618,0.000000,0.005299,0.052407,0.000000],[0.916388,0.025101,0.000000,0.005194,0.053317,0.000000],[0.000000,0.000000,0.000000,0.000000,0.000000,1.000000],[0.919119,0.022608,0.000000,0.005196,0.053077,0.000000],[0.912251,0.025119,0.000000,0.005640,0.056990,0.000000],[0.000000,0.000000,0.000000,0.000000,0.000000,1.000000],[0.131899,0.024473,0.000000,0.005627,0.838001,0.000000],[0.905679,0.027647,0.000000,0.005300,0.061375,0.000000],[0.915129,0.026126,0.000000,0.005304,0.053442,0.000000],[0.932635,0.016600,0.000000,0.002582,0.048184,0.000000],[0.932506,0.016611,0.000000,0.002586,0.048298,0.000000],[0.932500,0.016618,0.000000,0.002587,0.048296,0.000000],[0.917912,0.024581,0.000000,0.005067,0.052441,0.000000],[0.905708,0.027339,0.000000,0.005430,0.061523,0.000000],[0.605608,0.055356,0.000000,0.013534,0.325501,0.000000],[0.901799,0.028557,0.000000,0.005740,0.063904,0.000000],[0.901828,0.028578,0.000000,0.005746,0.063848,0.000000],[0.904000,0.029259,0.000000,0.005574,0.061167,0.000000],[0.131913,0.029471,0.000000,0.005937,0.832679,0.000000],[0.097565,0.015744,0.014744,0.005667,0.866280,0.000000],[1.000000,0.000000,0.000000,0.000000,0.000000,0.000000]],
  [[1.000000,0.000000,0.000000,0.000000,0.000000,0.000000],[1.000000,0.000000,0.000000,0.000000,0.000000,0.000000],[0.965235,0.003353,0.003392,0.000938,0.027082,0.000000],[0.965115,0.004541,0.000000,0.000958,0.029386,0.000000],[0.962229,0.005379,0.000000,0.001066,0.031325,0.000000],[0.958399,0.006705,0.000000,0.001234,0.033662,0.000000],[0.953251,0.008314,0.000000,0.001465,0.036969,0.000000],[0.945207,0.011544,0.000000,0.001862,0.041387,0.000000],[0.932767,0.016567,0.000000,0.002577,0.048089,0.000000],[0.931885,0.017530,0.000000,0.002627,0.047959,0.000000],[0.931902,0.017905,0.000000,0.002640,0.047553,0.000000],[0.931617,0.018529,0.000000,0.002664,0.047191,0.000000],[0.093003,0.018144,0.000000,0.002768,0.886085,0.000000],[0.093703,0.017585,0.000000,0.002765,0.885947,0.000000],[0.932463,0.016617,0.000000,0.002589,0.048331,0.000000],[0.931670,0.017550,0.000000,0.002635,0.048144,0.000000],[0.931510,0.018532,0.000000,0.002668,0.047290,0.000000],[0.093202,0.018166,0.000000,0.002776,0.885856,0.000000],[0.931487,0.018534,0.000000,0.002670,0.047310,0.000000],[0.111357,0.027052,0.000000,0.005885,0.855706,0.000000],[0.905676,0.027662,0.000000,0.005303,0.061358,0.000000],[0.905311,0.026527,0.000000,0.005214,0.062948,0.000000],[0.906135,0.026899,0.000000,0.005253,0.061712,0.000000],[0.909128,0.028355,0.000000,0.005843,0.056674,0.000000],[0.905860,0.028099,0.000000,0.005402,0.060638,0.000000],[0.611358,0.051056,0.000000,0.012760,0.324826,0.000000],[0.000000,0.000000,0.000000,0.000000,0.000000,1.000000],[0.908632,0.027605,0.000000,0.005865,0.057898,0.000000],[0.915267,0.026662,0.000000,0.005315,0.052757,0.000000],[0.914621,0.027531,0.000000,0.005384,0.052464,0.000000],[0.914665,0.027527,0.000000,0.005382,0.052425,0.000000],[0.915288,0.026682,0.000000,0.005319,0.052711,0.000000],[0.905689,0.027341,0.000000,0.005432,0.061538,0.000000],[0.135412,0.027501,0.000000,0.005946,0.831141,0.000000],[0.901843,0.028561,0.000000,0.005739,0.063857,0.000000],[0.907079,0.030720,0.000000,0.005950,0.056251,0.000000],[0.109215,0.029222,0.000000,0.005989,0.855574,0.000000],[0.913911,0.030772,0.000000,0.005386,0.049931,0.000000],[0.097397,0.016432,0.015712,0.005838,0.864622,0.000000],[1.000000,0.000000,0.000000,0.000000,0.000000,0.000000]],
  [[1.000000,0.000000,0.000000,0.000000,0.000000,0.000000],[1.000000,0.000000,0.000000,0.000000,0.000000,0.000000],[0.962212,0.003905,0.003964,0.001065,0.028854,0.000000],[0.961944,0.004626,0.003643,0.001059,0.028729,0.000000],[0.062770,0.005268,0.000000,0.001146,0.930817,0.000000],[0.958457,0.006703,0.000000,0.001233,0.033607,0.000000],[0.953210,0.008320,0.000000,0.001467,0.037004,0.000000],[0.945219,0.011539,0.000000,0.001862,0.041380,0.000000],[0.944038,0.012473,0.000000,0.001962,0.041526,0.000000],[0.083228,0.012840,0.000000,0.002139,0.901793,0.000000],[0.082333,0.013376,0.000000,0.002172,0.902119,0.000000],[0.082398,0.013380,0.000000,0.002174,0.902048,0.000000],[0.942998,0.013872,0.000000,0.002021,0.041109,0.000000],[0.943067,0.013322,0.000000,0.002031,0.041580,0.000000],[0.932551,0.016597,0.000000,0.002585,0.048267,0.000000],[0.932498,0.016609,0.000000,0.002587,0.048306,0.000000],[0.095051,0.017008,0.000000,0.002771,0.885170,0.000000],[0.931754,0.017912,0.000000,0.002647,0.047687,0.000000],[0.930764,0.019669,0.000000,0.002675,0.046891,0.000000],[0.108739,0.028301,0.000000,0.005814,0.857146,0.000000],[0.904539,0.029188,0.000000,0.005538,0.060734,0.000000],[0.605783,0.055358,0.000000,0.013536,0.325323,0.000000],[0.905405,0.028116,0.000000,0.005461,0.061019,0.000000],[0.115899,0.029770,0.000000,0.006355,0.847976,0.000000],[0.135779,0.028549,0.000000,0.005984,0.829687,0.000000],[0.905583,0.028135,0.000000,0.005416,0.060865,0.000000],[0.135663,0.026797,0.000000,0.006054,0.831486,0.000000],[0.902734,0.027799,0.000000,0.005485,0.063982,0.000000],[0.905715,0.027345,0.000000,0.005432,0.061508,0.000000],[0.135511,0.028517,0.000000,0.005976,0.829996,0.000000],[0.111396,0.027030,0.000000,0.005883,0.855692,0.000000],[0.914725,0.027552,0.000000,0.005385,0.052339,0.000000],[0.914763,0.027535,0.000000,0.005383,0.052319,0.000000],[0.914733,0.027544,0.000000,0.005386,0.052337,0.000000],[0.914688,0.027552,0.000000,0.005391,0.052370,0.000000],[0.108731,0.028302,0.000000,0.005814,0.857153,0.000000],[0.092824,0.020663,0.000000,0.002911,0.883602,0.000000],[0.091831,0.021591,0.000000,0.002914,0.883665,0.000000],[0.934400,0.010544,0.011302,0.002313,0.041442,0.000000],[1.000000,0.000000,0.000000,0.000000,0.000000,0.000000]],
  [[1.000000,0.000000,0.000000,0.000000,0.000000,0.000000],[0.958567,0.004600,0.004534,0.001257,0.031041,0.000000],[1.000000,0.000000,0.000000,0.000000,0.000000,0.000000],[0.957700,0.005239,0.004868,0.001261,0.030932,0.000000],[0.957822,0.005999,0.003954,0.001240,0.030985,0.000000],[0.958374,0.007118,0.000000,0.001254,0.033254,0.000000],[0.952059,0.009288,0.000000,0.001559,0.037094,0.000000],[0.952040,0.009291,0.000000,0.001558,0.037110,0.000000],[0.951492,0.009934,0.000000,0.001607,0.036966,0.000000],[0.951664,0.010794,0.000000,0.001562,0.035980,0.000000],[0.950277,0.012511,0.000000,0.001642,0.035570,0.000000],[0.951342,0.011497,0.000000,0.001571,0.035590,0.000000],[0.951503,0.010348,0.000000,0.001597,0.036552,0.000000],[0.943847,0.012505,0.000000,0.001969,0.041679,0.000000],[0.933492,0.015559,0.000000,0.002513,0.048435,0.000000],[0.915349,0.026657,0.000000,0.005311,0.052684,0.000000],[0.914757,0.027531,0.000000,0.005382,0.052330,0.000000],[0.914076,0.028506,0.000000,0.005411,0.052006,0.000000],[0.108843,0.028287,0.000000,0.005815,0.857055,0.000000],[0.115808,0.029804,0.000000,0.006364,0.848025,0.000000],[0.905080,0.028169,0.000000,0.005478,0.061273,0.000000],[0.905112,0.028155,0.000000,0.005476,0.061257,0.000000],[0.131935,0.028811,0.000000,0.005884,0.833369,0.000000],[0.906378,0.031716,0.000000,0.006031,0.055876,0.000000],[0.914651,0.027542,0.000000,0.005388,0.052419,0.000000],[0.913953,0.028499,0.000000,0.005414,0.052133,0.000000],[0.116003,0.029787,0.000000,0.006364,0.847847,0.000000],[0.900805,0.030242,0.000000,0.005864,0.063089,0.000000],[0.602087,0.059412,0.000000,0.014382,0.324120,0.000000],[0.904210,0.029210,0.000000,0.005554,0.061027,0.000000],[0.913825,0.028535,0.000000,0.005421,0.052219,0.000000],[0.931583,0.017933,0.000000,0.002651,0.047834,0.000000],[0.095178,0.017018,0.000000,0.002774,0.885029,0.000000],[0.931603,0.017571,0.000000,0.002638,0.048188,0.000000],[0.931644,0.017561,0.000000,0.002638,0.048157,0.000000],[0.931456,0.018546,0.000000,0.002671,0.047327,0.000000],[0.093162,0.019530,0.000000,0.002862,0.884446,0.000000],[0.080995,0.016052,0.000000,0.002245,0.900709,0.000000],[0.074442,0.008523,0.009129,0.001916,0.905990,0.000000],[1.000000,0.000000,0.000000,0.000000,0.000000,0.000000]],
  [[1.000000,0.000000,0.000000,0.000000,0.000000,0.000000],[0.958513,0.004714,0.004646,0.001261,0.030865,0.000000],[0.953319,0.005797,0.005737,0.001494,0.033653,0.000000],[1.000000,0.000000,0.000000,0.000000,0.000000,0.000000],[0.952552,0.006255,0.005715,0.001523,0.033956,0.000000],[0.952331,0.009271,0.000000,0.001553,0.036846,0.000000],[0.074689,0.009056,0.000000,0.001639,0.914616,0.000000],[0.951521,0.009929,0.000000,0.001606,0.036945,0.000000],[0.951445,0.009945,0.000000,0.001610,0.037000,0.000000],[0.072474,0.010750,0.000000,0.001689,0.915087,0.000000],[0.072081,0.011546,0.000000,0.001727,0.914647,0.000000],[0.071972,0.011528,0.000000,0.001724,0.914776,0.000000],[0.073023,0.010063,0.000000,0.001665,0.915249,0.000000],[0.943867,0.012502,0.000000,0.001968,0.041663,0.000000],[0.933494,0.015561,0.000000,0.002513,0.048432,0.000000],[0.917900,0.024567,0.000000,0.005063,0.052470,0.000000],[0.905724,0.027338,0.000000,0.005431,0.061507,0.000000],[0.135243,0.028536,0.000000,0.005981,0.830240,0.000000],[0.904397,0.029196,0.000000,0.005546,0.060862,0.000000],[0.907223,0.030694,0.000000,0.005941,0.056142,0.000000],[0.914627,0.027579,0.000000,0.005393,0.052402,0.000000],[0.914016,0.028527,0.000000,0.005416,0.052041,0.000000],[0.110141,0.027802,0.000000,0.005847,0.856211,0.000000],[0.913482,0.029428,0.000000,0.005419,0.051670,0.000000],[0.931602,0.017930,0.000000,0.002652,0.047816,0.000000],[0.931565,0.017932,0.000000,0.002653,0.047850,0.000000],[0.913846,0.028532,0.000000,0.005421,0.052202,0.000000],[0.133057,0.028841,0.000000,0.005898,0.832204,0.000000],[0.133249,0.028871,0.000000,0.005907,0.831974,0.000000],[0.900595,0.029779,0.000000,0.005801,0.063825,0.000000],[0.906836,0.030708,0.000000,0.005953,0.056502,0.000000],[0.110103,0.027800,0.000000,0.005846,0.856251,0.000000],[0.914415,0.027579,0.000000,0.005395,0.052611,0.000000],[0.913806,0.028547,0.000000,0.005417,0.052231,0.000000],[0.095031,0.017005,0.000000,0.002772,0.885193,0.000000],[0.943746,0.013956,0.000000,0.001973,0.040326,0.000000],[0.943737,0.013978,0.000000,0.001977,0.040308,0.000000],[0.943177,0.015833,0.000000,0.001986,0.039004,0.000000],[0.065967,0.006706,0.006905,0.001518,0.918905,0.000000],[1.000000,0.000000,0.000000,0.000000,0.000000,0.000000]],
  [[1.000000,0.000000,0.000000,0.000000,0.000000,0.000000],[0.958668,0.004785,0.004699,0.001253,0.030595,0.000000],[0.953341,0.005797,0.005734,0.001494,0.033634,0.000000],[1.000000,0.000000,0.000000,0.000000,0.000000,0.000000],[0.946538,0.007333,0.007425,0.001742,0.036962,0.000000],[0.943612,0.013272,0.000000,0.002017,0.041099,0.000000],[0.943818,0.012514,0.000000,0.001972,0.041696,0.000000],[0.943129,0.013322,0.000000,0.002029,0.041521,0.000000],[0.082262,0.013364,0.000000,0.002170,0.902204,0.000000],[0.942692,0.015889,0.000000,0.001998,0.039421,0.000000],[0.079352,0.017606,0.000000,0.002202,0.900840,0.000000],[0.079043,0.016462,0.000000,0.002169,0.902325,0.000000],[0.951344,0.011495,0.000000,0.001571,0.035591,0.000000],[0.943115,0.013326,0.000000,0.002030,0.041529,0.000000],[0.932557,0.016603,0.000000,0.002585,0.048255,0.000000],[0.917858,0.024577,0.000000,0.005066,0.052499,0.000000],[0.905151,0.028133,0.000000,0.005471,0.061245,0.000000],[0.603884,0.057224,0.000000,0.013952,0.324940,0.000000],[0.905110,0.028143,0.000000,0.005474,0.061273,0.000000],[0.915121,0.026708,0.000000,0.005326,0.052844,0.000000],[0.097392,0.016348,0.000000,0.002818,0.883442,0.000000],[0.914493,0.027575,0.000000,0.005393,0.052539,0.000000],[0.914459,0.027587,0.000000,0.005398,0.052555,0.000000],[0.110052,0.027816,0.000000,0.005849,0.856284,0.000000],[0.108704,0.028289,0.000000,0.005813,0.857194,0.000000],[0.109886,0.027785,0.000000,0.005841,0.856488,0.000000],[0.913854,0.028523,0.000000,0.005420,0.052203,0.000000],[0.913853,0.028520,0.000000,0.005421,0.052206,0.000000],[0.913309,0.029432,0.000000,0.005423,0.051836,0.000000],[0.113984,0.030437,0.000000,0.006382,0.849196,0.000000],[0.134455,0.029058,0.000000,0.006139,0.830348,0.000000],[0.903450,0.030163,0.000000,0.005626,0.060761,0.000000],[0.905020,0.028164,0.000000,0.005481,0.061335,0.000000],[0.913894,0.028526,0.000000,0.005416,0.052164,0.000000],[0.095204,0.017027,0.000000,0.002777,0.884992,0.000000],[0.942900,0.013894,0.000000,0.002025,0.041181,0.000000],[0.073219,0.010096,0.000000,0.001672,0.915013,0.000000],[0.071963,0.011578,0.000000,0.001727,0.914731,0.000000],[0.952479,0.006941,0.006913,0.001443,0.032223,0.000000],[1.000000,0.000000,0.000000,0.000000,0.000000,0.000000]],
  [[1.000000,0.000000,0.000000,0.000000,0.000000,0.000000],[0.958592,0.004709,0.004637,0.001258,0.030803,0.000000],[0.953231,0.005667,0.005609,0.001491,0.034002,0.000000],[1.000000,0.000000,0.000000,0.000000,0.000000,0.000000],[0.083370,0.009881,0.010524,0.002429,0.893797,0.000000],[0.932484,0.017460,0.000000,0.002613,0.047443,0.000000],[0.932436,0.016622,0.000000,0.002593,0.048349,0.000000],[0.932496,0.016615,0.000000,0.002588,0.048301,0.000000],[0.931832,0.017904,0.000000,0.002644,0.047620,0.000000],[0.092533,0.020642,0.000000,0.002902,0.883923,0.000000],[0.091347,0.021476,0.000000,0.002893,0.884284,0.000000],[0.081520,0.015216,0.000000,0.002265,0.901000,0.000000],[0.951563,0.010806,0.000000,0.001567,0.036064,0.000000],[0.083291,0.012848,0.000000,0.002141,0.901721,0.000000],[0.931894,0.017894,0.000000,0.002640,0.047572,0.000000],[0.915352,0.026666,0.000000,0.005315,0.052667,0.000000],[0.905173,0.028140,0.000000,0.005471,0.061216,0.000000],[0.135946,0.027524,0.000000,0.005955,0.830576,0.000000],[0.905639,0.027346,0.000000,0.005434,0.061581,0.000000],[0.915165,0.026691,0.000000,0.005321,0.052822,0.000000],[0.931545,0.017571,0.000000,0.002639,0.048245,0.000000],[0.914528,0.027568,0.000000,0.005391,0.052514,0.000000],[0.904972,0.028179,0.000000,0.005482,0.061367,0.000000],[0.904993,0.028183,0.000000,0.005483,0.061341,0.000000],[0.903554,0.030180,0.000000,0.005619,0.060647,0.000000],[0.109991,0.027806,0.000000,0.005845,0.856357,0.000000],[0.931609,0.017559,0.000000,0.002638,0.048194,0.000000],[0.932357,0.016631,0.000000,0.002593,0.048419,0.000000],[0.095271,0.017030,0.000000,0.002778,0.884921,0.000000],[0.913323,0.029417,0.000000,0.005419,0.051841,0.000000],[0.132171,0.029355,0.000000,0.005913,0.832561,0.000000],[0.600034,0.062202,0.000000,0.014705,0.323059,0.000000],[0.133578,0.028868,0.000000,0.005904,0.831650,0.000000],[0.913519,0.029407,0.000000,0.005408,0.051666,0.000000],[0.931822,0.018500,0.000000,0.002658,0.047021,0.000000],[0.943711,0.014772,0.000000,0.001964,0.039554,0.000000],[0.951517,0.011487,0.000000,0.001567,0.035429,0.000000],[0.065452,0.008943,0.000000,0.001372,0.924233,0.000000],[0.060706,0.005237,0.005234,0.001302,0.927522,0.000000],[1.000000,0.000000,0.000000,0.000000,0.000000,0.000000]],
  [[1.000000,0.000000,0.000000,0.000000,0.000000,0.000000],[0.958971,0.004793,0.004717,0.001222,0.030297,0.000000],[1.000000,0.000000,0.000000,0.000000,0.000000,0.000000],[1.000000,0.000000,0.000000,0.000000,0.000000,0.000000],[0.934489,0.010114,0.011134,0.002276,0.041987,0.000000],[0.108836,0.028359,0.000000,0.005825,0.856980,0.000000],[0.914686,0.027561,0.000000,0.005396,0.052357,0.000000],[0.915255,0.026684,0.000000,0.005325,0.052736,0.000000],[0.914713,0.027567,0.000000,0.005391,0.052329,0.000000],[0.108811,0.028333,0.000000,0.005821,0.857036,0.000000],[0.093134,0.019529,0.000000,0.002859,0.884478,0.000000],[0.942862,0.013900,0.000000,0.002028,0.041210,0.000000],[0.951358,0.010365,0.000000,0.001603,0.036675,0.000000],[0.083389,0.012861,0.000000,0.002144,0.901605,0.000000],[0.931636,0.018526,0.000000,0.002663,0.047176,0.000000],[0.111317,0.027050,0.000000,0.005885,0.855748,0.000000],[0.913592,0.029407,0.000000,0.005407,0.051594,0.000000],[0.914779,0.027532,0.000000,0.005381,0.052309,0.000000],[0.914700,0.027540,0.000000,0.005383,0.052378,0.000000],[0.917757,0.024591,0.000000,0.005072,0.052580,0.000000],[0.931563,0.017565,0.000000,0.002638,0.048234,0.000000],[0.109995,0.027781,0.000000,0.005841,0.856383,0.000000],[0.903553,0.030159,0.000000,0.005620,0.060668,0.000000],[0.602066,0.059442,0.000000,0.014400,0.324093,0.000000],[0.903590,0.030155,0.000000,0.005619,0.060636,0.000000],[0.913982,0.028505,0.000000,0.005413,0.052100,0.000000],[0.931636,0.017547,0.000000,0.002636,0.048181,0.000000],[0.942906,0.013345,0.000000,0.002036,0.041713,0.000000],[0.931649,0.017555,0.000000,0.002635,0.048161,0.000000],[0.913872,0.028522,0.000000,0.005414,0.052193,0.000000],[0.905024,0.028151,0.000000,0.005480,0.061344,0.000000],[0.133540,0.028835,0.000000,0.005899,0.831726,0.000000],[0.904656,0.029149,0.000000,0.005534,0.060661,0.000000],[0.108720,0.026195,0.000000,0.005768,0.859317,0.000000],[0.093033,0.016745,0.000000,0.002756,0.887466,0.000000],[0.080367,0.012445,0.000000,0.002074,0.905114,0.000000],[0.071846,0.009550,0.000000,0.001594,0.917011,0.000000],[0.953193,0.009669,0.000000,0.001487,0.035651,0.000000],[0.953825,0.006115,0.006039,0.001410,0.032611,0.000000],[1.000000,0.000000,0.000000,0.000000,0.000000,0.000000]],
  [[1.000000,0.000000,0.000000,0.000000,0.000000,0.000000],[0.060322,0.004579,0.004717,0.001270,0.929113,0.000000],[0.953742,0.006029,0.005964,0.001417,0.032848,0.000000],[1.000000,0.000000,0.000000,0.000000,0.000000,0.000000],[0.081868,0.009908,0.010594,0.002408,0.895222,0.000000],[0.914420,0.029298,0.000000,0.005378,0.050904,0.000000],[0.131734,0.028786,0.000000,0.005877,0.833603,0.000000],[0.905786,0.027341,0.000000,0.005431,0.061441,0.000000],[0.905196,0.028156,0.000000,0.005473,0.061175,0.000000],[0.913725,0.029417,0.000000,0.005409,0.051449,0.000000],[0.930755,0.019682,0.000000,0.002677,0.046886,0.000000],[0.942777,0.013907,0.000000,0.002030,0.041286,0.000000],[0.942748,0.013909,0.000000,0.002029,0.041314,0.000000],[0.942999,0.013342,0.000000,0.002035,0.041624,0.000000],[0.930949,0.019655,0.000000,0.002668,0.046729,0.000000],[0.094021,0.017634,0.000000,0.002776,0.885568,0.000000],[0.931546,0.018531,0.000000,0.002666,0.047257,0.000000],[0.097360,0.016346,0.000000,0.002817,0.883476,0.000000],[0.915290,0.026684,0.000000,0.005318,0.052708,0.000000],[0.917845,0.024592,0.000000,0.005071,0.052492,0.000000],[0.914698,0.027555,0.000000,0.005387,0.052360,0.000000],[0.115800,0.029775,0.000000,0.006357,0.848068,0.000000],[0.133753,0.029013,0.000000,0.006123,0.831111,0.000000],[0.133303,0.028857,0.000000,0.005905,0.831935,0.000000],[0.132917,0.028825,0.000000,0.005891,0.832367,0.000000],[0.111338,0.027021,0.000000,0.005881,0.855760,0.000000],[0.932454,0.016609,0.000000,0.002589,0.048348,0.000000],[0.943757,0.012513,0.000000,0.001972,0.041758,0.000000],[0.096987,0.016300,0.000000,0.002807,0.883906,0.000000],[0.915138,0.026677,0.000000,0.005317,0.052868,0.000000],[0.915032,0.026685,0.000000,0.005326,0.052958,0.000000],[0.914470,0.027560,0.000000,0.005392,0.052578,0.000000],[0.914134,0.028476,0.000000,0.005401,0.051990,0.000000],[0.916123,0.026061,0.000000,0.005247,0.052569,0.000000],[0.000000,0.000000,0.000000,0.000000,0.000000,1.000000],[0.942671,0.013800,0.000000,0.002046,0.041482,0.000000],[0.000000,0.000000,0.000000,0.000000,0.000000,1.000000],[0.945295,0.011887,0.000000,0.001897,0.040922,0.000000],[0.947026,0.007150,0.007131,0.001769,0.036925,0.000000],[1.000000,0.000000,0.000000,0.000000,0.000000,0.000000]],
  [[1.000000,0.000000,0.000000,0.000000,0.000000,0.000000],[0.060352,0.004585,0.004718,0.001271,0.929075,0.000000],[0.953000,0.006625,0.006491,0.001435,0.032450,0.000000],[1.000000,0.000000,0.000000,0.000000,0.000000,0.000000],[0.933640,0.010802,0.010563,0.002402,0.042593,0.000000],[0.110276,0.027888,0.000000,0.005866,0.855970,0.000000],[0.905492,0.027689,0.000000,0.005317,0.061501,0.000000],[0.606251,0.052563,0.000000,0.013756,0.327430,0.000000],[0.905499,0.027693,0.000000,0.005315,0.061493,0.000000],[0.109001,0.028358,0.000000,0.005827,0.856814,0.000000],[0.093354,0.019544,0.000000,0.002865,0.884238,0.000000],[0.094180,0.017654,0.000000,0.002782,0.885383,0.000000],[0.931583,0.017572,0.000000,0.002640,0.048205,0.000000],[0.095101,0.017011,0.000000,0.002774,0.885115,0.000000],[0.931601,0.018525,0.000000,0.002665,0.047210,0.000000],[0.093864,0.017612,0.000000,0.002772,0.885753,0.000000],[0.942829,0.013896,0.000000,0.002026,0.041249,0.000000],[0.931706,0.017543,0.000000,0.002634,0.048117,0.000000],[0.914800,0.027537,0.000000,0.005380,0.052283,0.000000],[0.905693,0.027349,0.000000,0.005431,0.061528,0.000000],[0.905598,0.027363,0.000000,0.005436,0.061602,0.000000],[0.901834,0.028554,0.000000,0.005737,0.063875,0.000000],[0.907110,0.030673,0.000000,0.005945,0.056273,0.000000],[0.913844,0.028506,0.000000,0.005420,0.052229,0.000000],[0.913874,0.028507,0.000000,0.005416,0.052203,0.000000],[0.914599,0.027536,0.000000,0.005385,0.052480,0.000000],[0.932361,0.016623,0.000000,0.002591,0.048425,0.000000],[0.932439,0.016615,0.000000,0.002588,0.048358,0.000000],[0.931730,0.017544,0.000000,0.002632,0.048094,0.000000],[0.931711,0.017547,0.000000,0.002633,0.048110,0.000000],[0.931769,0.017542,0.000000,0.002631,0.048058,0.000000],[0.931762,0.017547,0.000000,0.002632,0.048058,0.000000],[0.093987,0.017629,0.000000,0.002771,0.885613,0.000000],[0.933290,0.016185,0.000000,0.002569,0.047956,0.000000],[0.000000,0.000000,0.000000,0.000000,0.000000,1.000000],[0.097382,0.014915,0.000000,0.002915,0.884788,0.000000],[0.933282,0.016024,0.000000,0.002551,0.048142,0.000000],[0.933971,0.015192,0.000000,0.002503,0.048334,0.000000],[0.947010,0.007150,0.007134,0.001769,0.036936,0.000000],[1.000000,0.000000,0.000000,0.000000,0.000000,0.000000]],
  [[1.000000,0.000000,0.000000,0.000000,0.000000,0.000000],[0.954862,0.005388,0.005328,0.001387,0.033036,0.000000],[1.000000,0.000000,0.000000,0.000000,0.000000,0.000000],[0.075974,0.007783,0.007670,0.001971,0.906601,0.000000],[0.936224,0.013744,0.005390,0.002252,0.042391,0.000000],[0.916139,0.026578,0.000000,0.005283,0.052000,0.000000],[0.906994,0.025945,0.000000,0.004983,0.062077,0.000000],[0.000000,0.000000,0.000000,0.000000,0.000000,1.000000],[0.907283,0.026288,0.000000,0.005021,0.061408,0.000000],[0.108896,0.029195,0.000000,0.005971,0.855938,0.000000],[0.108064,0.032518,0.000000,0.006072,0.853346,0.000000],[0.913432,0.029982,0.000000,0.005515,0.051071,0.000000],[0.913953,0.028535,0.000000,0.005419,0.052093,0.000000],[0.914694,0.027555,0.000000,0.005386,0.052364,0.000000],[0.109596,0.027750,0.000000,0.005824,0.856830,0.000000],[0.931900,0.017890,0.000000,0.002641,0.047569,0.000000],[0.942989,0.013342,0.000000,0.002034,0.041634,0.000000],[0.931736,0.017545,0.000000,0.002633,0.048087,0.000000],[0.112824,0.026009,0.000000,0.005866,0.855301,0.000000],[0.905165,0.028144,0.000000,0.005470,0.061221,0.000000],[0.605608,0.055371,0.000000,0.013542,0.325479,0.000000],[0.905567,0.027363,0.000000,0.005439,0.061631,0.000000],[0.917671,0.024620,0.000000,0.005081,0.052628,0.000000],[0.933163,0.015617,0.000000,0.002525,0.048695,0.000000],[0.917658,0.024607,0.000000,0.005078,0.052657,0.000000],[0.917708,0.024605,0.000000,0.005076,0.052611,0.000000],[0.915167,0.026682,0.000000,0.005323,0.052828,0.000000],[0.915262,0.026668,0.000000,0.005319,0.052751,0.000000],[0.914844,0.027512,0.000000,0.005377,0.052267,0.000000],[0.097226,0.016330,0.000000,0.002815,0.883628,0.000000],[0.943110,0.013324,0.000000,0.002030,0.041536,0.000000],[0.094236,0.016298,0.000000,0.002738,0.886727,0.000000],[0.915801,0.027706,0.000000,0.005162,0.051331,0.000000],[0.107627,0.026174,0.000000,0.005657,0.860542,0.000000],[0.915923,0.027681,0.000000,0.005158,0.051237,0.000000],[0.915949,0.027070,0.000000,0.005209,0.051772,0.000000],[0.915166,0.027482,0.000000,0.005362,0.051990,0.000000],[0.933319,0.016515,0.000000,0.002564,0.047602,0.000000],[0.946998,0.007158,0.007130,0.001770,0.036945,0.000000],[1.000000,0.000000,0.000000,0.000000,0.000000,0.000000]],
  [[1.000000,0.000000,0.000000,0.000000,0.000000,0.000000],[1.000000,0.000000,0.000000,0.000000,0.000000,0.000000],[1.000000,0.000000,0.000000,0.000000,0.000000,0.000000],[0.945096,0.008132,0.007498,0.001854,0.037419,0.000000],[0.933755,0.015985,0.000000,0.002539,0.047721,0.000000],[0.916947,0.024151,0.000000,0.005253,0.053649,0.000000],[0.918386,0.023266,0.000000,0.005238,0.053110,0.000000],[0.000000,0.000000,0.000000,0.000000,0.000000,1.000000],[0.916931,0.025388,0.000000,0.005207,0.052473,0.000000],[0.914320,0.028487,0.000000,0.005405,0.051788,0.000000],[0.109282,0.029200,0.000000,0.005986,0.855532,0.000000],[0.131183,0.029345,0.000000,0.005906,0.833565,0.000000],[0.905068,0.028155,0.000000,0.005480,0.061297,0.000000],[0.905623,0.027362,0.000000,0.005437,0.061578,0.000000],[0.914816,0.027534,0.000000,0.005378,0.052271,0.000000],[0.931904,0.017889,0.000000,0.002640,0.047567,0.000000],[0.082325,0.013365,0.000000,0.002170,0.902140,0.000000],[0.931821,0.017901,0.000000,0.002643,0.047635,0.000000],[0.908297,0.029459,0.000000,0.005920,0.056324,0.000000],[0.902035,0.028548,0.000000,0.005734,0.063683,0.000000],[0.136978,0.027873,0.000000,0.006040,0.829110,0.000000],[0.901972,0.028554,0.000000,0.005736,0.063738,0.000000],[0.908115,0.029482,0.000000,0.005928,0.056475,0.000000],[0.931592,0.017928,0.000000,0.002650,0.047830,0.000000],[0.913968,0.028516,0.000000,0.005414,0.052102,0.000000],[0.905049,0.028157,0.000000,0.005477,0.061318,0.000000],[0.905029,0.028153,0.000000,0.005479,0.061339,0.000000],[0.135153,0.028520,0.000000,0.005977,0.830349,0.000000],[0.913778,0.029380,0.000000,0.005399,0.051442,0.000000],[0.931705,0.018513,0.000000,0.002661,0.047121,0.000000],[0.944088,0.013903,0.000000,0.001960,0.040049,0.000000],[0.932680,0.017254,0.000000,0.002571,0.047495,0.000000],[0.000000,0.000000,0.000000,0.000000,0.000000,1.000000],[0.130745,0.028940,0.000000,0.005932,0.834383,0.000000],[0.132664,0.028849,0.000000,0.005894,0.832592,0.000000],[0.904718,0.029151,0.000000,0.005530,0.060601,0.000000],[0.111161,0.027016,0.000000,0.005876,0.855947,0.000000],[0.932445,0.017455,0.000000,0.002613,0.047486,0.000000],[0.946875,0.007175,0.007136,0.001773,0.037041,0.000000],[1.000000,0.000000,0.000000,0.000000,0.000000,0.000000]],
  [[1.000000,0.000000,0.000000,0.000000,0.000000,0.000000],[1.000000,0.000000,0.000000,0.000000,0.000000,0.000000],[0.937820,0.008776,0.008833,0.002220,0.042351,0.000000],[0.937220,0.012817,0.004846,0.002172,0.042945,0.000000],[0.933945,0.014740,0.000000,0.002567,0.048748,0.000000],[0.000000,0.000000,0.000000,0.000000,0.000000,1.000000],[0.000000,0.000000,0.000000,0.000000,0.000000,1.000000],[0.092313,0.017562,0.000000,0.002785,0.887340,0.000000],[0.932750,0.017262,0.000000,0.002570,0.047417,0.000000],[0.931900,0.017897,0.000000,0.002643,0.047560,0.000000],[0.913451,0.029417,0.000000,0.005422,0.051710,0.000000],[0.130995,0.029320,0.000000,0.005898,0.833788,0.000000],[0.603835,0.057245,0.000000,0.013964,0.324956,0.000000],[0.906099,0.026665,0.000000,0.005265,0.061971,0.000000],[0.915319,0.026674,0.000000,0.005314,0.052694,0.000000],[0.094805,0.016979,0.000000,0.002763,0.885452,0.000000],[0.942924,0.013884,0.000000,0.002022,0.041170,0.000000],[0.093730,0.017592,0.000000,0.002766,0.885912,0.000000],[0.908271,0.029464,0.000000,0.005922,0.056344,0.000000],[0.902015,0.028552,0.000000,0.005735,0.063698,0.000000],[0.902880,0.027576,0.000000,0.005674,0.063870,0.000000],[0.902020,0.028549,0.000000,0.005734,0.063697,0.000000],[0.117391,0.029088,0.000000,0.006409,0.847112,0.000000],[0.093295,0.018171,0.000000,0.002776,0.885757,0.000000],[0.108918,0.028311,0.000000,0.005819,0.856951,0.000000],[0.132534,0.028849,0.000000,0.005895,0.832723,0.000000],[0.603836,0.057276,0.000000,0.013977,0.324912,0.000000],[0.904298,0.029213,0.000000,0.005551,0.060938,0.000000],[0.108940,0.028318,0.000000,0.005820,0.856921,0.000000],[0.092507,0.017873,0.000000,0.002806,0.886815,0.000000],[0.081874,0.011948,0.000000,0.002063,0.904116,0.000000],[0.933192,0.016188,0.000000,0.002570,0.048050,0.000000],[0.109500,0.025226,0.000000,0.005748,0.859527,0.000000],[0.905608,0.028136,0.000000,0.005416,0.060840,0.000000],[0.604084,0.057216,0.000000,0.013946,0.324753,0.000000],[0.904514,0.029176,0.000000,0.005538,0.060772,0.000000],[0.111094,0.027007,0.000000,0.005874,0.856024,0.000000],[0.932419,0.017457,0.000000,0.002614,0.047509,0.000000],[0.946870,0.007175,0.007136,0.001773,0.037045,0.000000],[1.000000,0.000000,0.000000,0.000000,0.000000,0.000000]],
