[
  [[1.000000,0.000000,0.000000,0.000000,0.000000,0.000000],[1.000000,0.000000,0.000000,0.000000,0.000000,0.000000],[1.000000,0.000000,0.000000,0.000000,0.000000,0.000000],[1.000000,0.000000,0.000000,0.000000,0.000000,0.000000],[1.000000,0.000000,0.000000,0.000000,0.000000,0.000000],[1.000000,0.000000,0.000000,0.000000,0.000000,0.000000],[1.000000,0.000000,0.000000,0.000000,0.000000,0.000000],[1.000000,0.000000,0.000000,0.000000,0.000000,0.000000],[1.000000,0.000000,0.000000,0.000000,0.000000,0.000000],[1.000000,0.000000,0.000000,0.000000,0.000000,0.000000],[1.000000,0.000000,0.000000,0.000000,0.000000,0.000000],[1.000000,0.000000,0.000000,0.000000,0.000000,0.000000],[1.000000,0.000000,0.000000,0.000000,0.000000,0.000000],[1.000000,0.000000,0.000000,0.000000,0.000000,0.000000],[1.000000,0.000000,0.000000,0.000000,0.000000,0.000000],[1.000000,0.000000,0.000000,0.000000,0.000000,0.000000],[1.000000,0.000000,0.000000,0.000000,0.000000,0.000000],[1.000000,0.000000,0.000000,0.000000,0.000000,0.000000],[1.000000,0.000000,0.000000,0.000000,0.000000,0.000000],[1.000000,0.000000,0.000000,0.000000,0.000000,0.000000],[1.000000,0.000000,0.000000,0.000000,0.000000,0.000000],[1.000000,0.000000,0.000000,0.000000,0.000000,0.000000],[1.000000,0.000000,0.000000,0.000000,0.000000,0.000000],[1.000000,0.000000,0.000000,0.000000,0.000000,0.000000],[1.000000,0.000000,0.000000,0.000000,0.000000,0.000000],[1.000000,0.000000,0.000000,0.000000,0.000000,0.000000],[1.000000,0.000000,0.000000,0.000000,0.000000,0.000000],[1.000000,0.000000,0.000000,0.000000,0.000000,0.000000],[1.000000,0.000000,0.000000,0.000000,0.000000,0.000000],[1.000000,0.000000,0.000000,0.000000,0.000000,0.000000],[1.000000,0.000000,0.000000,0.000000,0.000000,0.000000],[1.000000,0.000000,0.000000,0.000000,0.000000,0.000000],[1.000000,0.000000,0.000000,0.000000,0.000000,0.000000],[1.000000,0.000000,0.000000,0.000000,0.000000,0.000000],[1.000000,0.000000,0.000000,0.000000,0.000000,0.000000],[1.000000,0.000000,0.000000,0.000000,0.000000,0.000000],[1.000000,0.000000,0.000000,0.000000,0.000000,0.000000],[1.000000,0.000000,0.000000,0.000000,0.000000,0.000000],[1.000000,0.000000,0.000000,0.000000,0.000000,0.000000],[1.000000,0.000000,0.000000,0.000000,0.000000,0.000000]],
  [[1.000000,0.000000,0.000000,0.000000,0.000000,0.000000],[0.948109,0.006897,0.006764,0.001666,0.036564,0.000000],[0.085287,0.009724,0.010171,0.002501,0.892317,0.000000],[0.920279,0.014817,0.014117,0.004763,0.046024,0.000000],[0.919532,0.014869,0.013783,0.004867,0.046948,0.000000],[0.920244,0.014856,0.014077,0.004764,0.046059,0.000000],[0.920252,0.014869,0.014078,0.004764,0.046038,0.000000],[0.920759,0.014947,0.014215,0.004693,0.045387,0.000000],[0.097414,0.015692,0.014750,0.005658,0.866487,0.000000],[0.907807,0.014751,0.018092,0.005173,0.054178,0.000000],[0.126288,0.018780,0.022094,0.006619,0.826220,0.000000],[0.129360,0.020534,0.026998,0.007152,0.815957,0.000000],[0.099749,0.019950,0.020173,0.006233,0.853895,0.000000],[0.081344,0.010268,0.011337,0.002468,0.894584,0.000000],[0.935281,0.009849,0.010546,0.002251,0.042073,0.000000],[0.935747,0.009276,0.009673,0.002358,0.042946,0.000000],[0.935804,0.009242,0.009689,0.002355,0.042910,0.000000],[0.946896,0.007162,0.007143,0.001772,0.037026,0.000000],[0.947010,0.007280,0.007380,0.001726,0.036604,0.000000],[0.946260,0.007721,0.007851,0.001729,0.036440,0.000000],[0.074023,0.008108,0.008565,0.001875,0.907429,0.000000],[0.945507,0.008141,0.008400,0.001745,0.036207,0.000000],[0.074513,0.007839,0.008065,0.001884,0.907700,0.000000],[0.946953,0.007295,0.007383,0.001727,0.036642,0.000000],[0.946840,0.007180,0.007138,0.001774,0.037068,0.000000],[0.936042,0.009389,0.010027,0.002279,0.042264,0.000000],[0.085124,0.009676,0.010176,0.002495,0.892529,0.000000],[0.935937,0.009442,0.010003,0.002283,0.042335,0.000000],[0.935268,0.009861,0.010535,0.002251,0.042084,0.000000],[0.083766,0.009963,0.010516,0.002438,0.893317,0.000000],[0.934960,0.010078,0.011069,0.002259,0.041634,0.000000],[0.083582,0.009933,0.010524,0.002433,0.893528,0.000000],[0.074699,0.007883,0.008060,0.001890,0.907467,0.000000],[0.946159,0.007761,0.007839,0.001733,0.036508,0.000000],[0.946230,0.007745,0.007838,0.001731,0.036456,0.000000],[0.946295,0.007712,0.007850,0.001729,0.036414,0.000000],[0.953753,0.005819,0.005819,0.001433,0.033175,0.000000],[0.958709,0.004853,0.004850,0.001225,0.030362,0.000000],[0.056213,0.003337,0.003767,0.001103,0.935580,0.000000],[1.000000,0.000000,0.000000,0.000000,0.000000,0.000000]],
  [[1.000000,0.000000,0.000000,0.000000,0.000000,0.000000],[0.936299,0.009415,0.009966,0.002273,0.042048,0.000000],[0.933538,0.016519,0.000000,0.002562,0.047382,0.000000],[0.914426,0.028449,0.000000,0.005397,0.051728,0.000000],[0.136747,0.028649,0.000000,0.006020,0.828583,0.000000],[0.905005,0.029110,0.000000,0.005527,0.060358,0.000000],[0.136743,0.028676,0.000000,0.006026,0.828555,0.000000],[0.110634,0.027937,0.000000,0.005884,0.855545,0.000000],[0.914455,0.028455,0.000000,0.005396,0.051694,0.000000],[0.134041,0.028978,0.000000,0.005936,0.831045,0.000000],[0.600725,0.062252,0.000000,0.014719,0.322305,0.000000],[0.133216,0.031892,0.000000,0.006249,0.828642,0.000000],[0.113293,0.033834,0.000000,0.006498,0.846375,0.000000],[0.109382,0.029318,0.000000,0.006008,0.855293,0.000000],[0.915265,0.027482,0.000000,0.005361,0.051892,0.000000],[0.918433,0.024503,0.000000,0.005040,0.052023,0.000000],[0.934080,0.015505,0.000000,0.002497,0.047918,0.000000],[0.945538,0.011529,0.000000,0.001856,0.041077,0.000000],[0.944451,0.012439,0.000000,0.001953,0.041157,0.000000],[0.095000,0.017037,0.000000,0.002775,0.885188,0.000000],[0.932574,0.017818,0.000000,0.002622,0.046986,0.000000],[0.094008,0.017681,0.000000,0.002779,0.885532,0.000000],[0.932403,0.017478,0.000000,0.002615,0.047504,0.000000],[0.933153,0.016547,0.000000,0.002570,0.047730,0.000000],[0.934068,0.015508,0.000000,0.002498,0.047926,0.000000],[0.933139,0.016544,0.000000,0.002569,0.047748,0.000000],[0.915877,0.026596,0.000000,0.005287,0.052240,0.000000],[0.915323,0.027459,0.000000,0.005357,0.051862,0.000000],[0.914150,0.029309,0.000000,0.005386,0.051155,0.000000],[0.109284,0.029261,0.000000,0.005995,0.855460,0.000000],[0.914023,0.029884,0.000000,0.005487,0.050606,0.000000],[0.932037,0.018483,0.000000,0.002656,0.046823,0.000000],[0.932102,0.018471,0.000000,0.002654,0.046773,0.000000],[0.932219,0.018449,0.000000,0.002650,0.046682,0.000000],[0.093176,0.018214,0.000000,0.002780,0.885830,0.000000],[0.082422,0.013412,0.000000,0.002178,0.901988,0.000000],[0.952019,0.009876,0.000000,0.001595,0.036510,0.000000],[0.959089,0.006641,0.000000,0.001217,0.033053,0.000000],[0.962779,0.003930,0.004047,0.001032,0.028211,0.000000],[1.000000,0.000000,0.000000,0.000000,0.000000,0.000000]],
  [[1.000000,0.000000,0.000000,0.000000,0.000000,0.000000],[0.920533,0.014801,0.014097,0.004758,0.045811,0.000000],[0.915303,0.027486,0.000000,0.005368,0.051843,0.000000],[0.906786,0.030734,0.000000,0.005972,0.056508,0.000000],[0.136086,0.029429,0.000000,0.006147,0.828338,0.000000],[0.601633,0.060390,0.000000,0.014479,0.323498,0.000000],[0.903301,0.030200,0.000000,0.005635,0.060863,0.000000],[0.913503,0.028592,0.000000,0.005442,0.052463,0.000000],[0.913468,0.028596,0.000000,0.005444,0.052492,0.000000],[0.904565,0.028232,0.000000,0.005507,0.061696,0.000000],[0.903832,0.029278,0.000000,0.005581,0.061308,0.000000],[0.900221,0.030353,0.000000,0.005903,0.063523,0.000000],[0.134183,0.029080,0.000000,0.006152,0.830585,0.000000],[0.903916,0.029273,0.000000,0.005575,0.061236,0.000000],[0.905332,0.027408,0.000000,0.005455,0.061804,0.000000],[0.917532,0.024628,0.000000,0.005086,0.052754,0.000000],[0.933280,0.015596,0.000000,0.002521,0.048603,0.000000],[0.933379,0.015577,0.000000,0.002518,0.048526,0.000000],[0.932468,0.016611,0.000000,0.002589,0.048332,0.000000],[0.932458,0.016620,0.000000,0.002591,0.048332,0.000000],[0.914630,0.027561,0.000000,0.005388,0.052420,0.000000],[0.915088,0.026713,0.000000,0.005330,0.052869,0.000000],[0.914545,0.027564,0.000000,0.005394,0.052497,0.000000],[0.915052,0.026697,0.000000,0.005331,0.052920,0.000000],[0.915040,0.026690,0.000000,0.005329,0.052941,0.000000],[0.933193,0.015613,0.000000,0.002525,0.048669,0.000000],[0.917518,0.024628,0.000000,0.005086,0.052768,0.000000],[0.905434,0.027386,0.000000,0.005450,0.061730,0.000000],[0.133039,0.028849,0.000000,0.005902,0.832210,0.000000],[0.133868,0.029036,0.000000,0.006135,0.830962,0.000000],[0.116119,0.029827,0.000000,0.006379,0.847675,0.000000],[0.913790,0.028565,0.000000,0.005435,0.052210,0.000000],[0.110095,0.027796,0.000000,0.005850,0.856259,0.000000],[0.108633,0.028256,0.000000,0.005807,0.857303,0.000000],[0.931635,0.018535,0.000000,0.002666,0.047164,0.000000],[0.082093,0.013335,0.000000,0.002164,0.902408,0.000000],[0.951455,0.009942,0.000000,0.001611,0.036991,0.000000],[0.958977,0.006198,0.000000,0.001199,0.033626,0.000000],[0.962251,0.003877,0.003974,0.001063,0.028835,0.000000],[1.000000,0.000000,0.000000,0.000000,0.000000,0.000000]],
  [[1.000000,0.000000,0.000000,0.000000,0.000000,0.000000],[0.099404,0.015464,0.014624,0.005716,0.864792,0.000000],[0.135145,0.028610,0.000000,0.006002,0.830243,0.000000],[0.901551,0.028592,0.000000,0.005755,0.064102,0.000000],[0.897219,0.031751,0.000000,0.006022,0.065008,0.000000],[0.137730,0.028886,0.000000,0.006116,0.827268,0.000000],[0.904985,0.028164,0.000000,0.005480,0.061371,0.000000],[0.113113,0.026052,0.000000,0.005881,0.854954,0.000000],[0.914850,0.026732,0.000000,0.005336,0.053081,0.000000],[0.914240,0.027606,0.000000,0.005405,0.052749,0.000000],[0.111783,0.027113,0.000000,0.005908,0.855196,0.000000],[0.905900,0.031779,0.000000,0.006050,0.056271,0.000000],[0.901467,0.028596,0.000000,0.005756,0.064180,0.000000],[0.602774,0.057945,0.000000,0.014258,0.325024,0.000000],[0.901775,0.028552,0.000000,0.005741,0.063931,0.000000],[0.907931,0.029450,0.000000,0.005927,0.056692,0.000000],[0.915222,0.026659,0.000000,0.005314,0.052805,0.000000],[0.917890,0.024553,0.000000,0.005060,0.052497,0.000000],[0.933475,0.015563,0.000000,0.002513,0.048449,0.000000],[0.933460,0.015570,0.000000,0.002514,0.048456,0.000000],[0.915236,0.026660,0.000000,0.005316,0.052788,0.000000],[0.905709,0.027339,0.000000,0.005432,0.061520,0.000000],[0.905146,0.028133,0.000000,0.005471,0.061250,0.000000],[0.136288,0.027514,0.000000,0.005951,0.830247,0.000000],[0.908832,0.028283,0.000000,0.005908,0.056977,0.000000],[0.917689,0.024606,0.000000,0.005075,0.052630,0.000000],[0.911985,0.026308,0.000000,0.005523,0.056183,0.000000],[0.901829,0.028551,0.000000,0.005739,0.063881,0.000000],[0.602949,0.057930,0.000000,0.014243,0.324878,0.000000],[0.900689,0.030268,0.000000,0.005872,0.063171,0.000000],[0.901707,0.028580,0.000000,0.005746,0.063967,0.000000],[0.904238,0.029219,0.000000,0.005553,0.060990,0.000000],[0.132238,0.028807,0.000000,0.005882,0.833073,0.000000],[0.914177,0.028480,0.000000,0.005405,0.051938,0.000000],[0.931889,0.017524,0.000000,0.002628,0.047960,0.000000],[0.944034,0.012476,0.000000,0.001963,0.041527,0.000000],[0.951566,0.009927,0.000000,0.001605,0.036902,0.000000],[0.958774,0.006667,0.000000,0.001225,0.033334,0.000000],[0.962552,0.003933,0.004076,0.001039,0.028400,0.000000],[1.000000,0.000000,0.000000,0.000000,0.000000,0.000000]],
  [[1.000000,0.000000,0.000000,0.000000,0.000000,0.000000],[0.920573,0.014826,0.014070,0.004754,0.045777,0.000000],[0.905850,0.028080,0.000000,0.005448,0.060622,0.000000],[0.607257,0.053090,0.000000,0.013389,0.326265,0.000000],[0.902631,0.027580,0.000000,0.005677,0.064112,0.000000],[0.908734,0.028305,0.000000,0.005916,0.057045,0.000000],[0.913785,0.028525,0.000000,0.005417,0.052273,0.000000],[0.907689,0.029501,0.000000,0.005936,0.056874,0.000000],[0.914458,0.027583,0.000000,0.005396,0.052564,0.000000],[0.913729,0.028548,0.000000,0.005426,0.052297,0.000000],[0.110283,0.027819,0.000000,0.005853,0.856045,0.000000],[0.907104,0.031683,0.000000,0.006041,0.055172,0.000000],[0.135947,0.028574,0.000000,0.005996,0.829484,0.000000],[0.900636,0.029778,0.000000,0.005799,0.063787,0.000000],[0.149025,0.031448,0.000000,0.006206,0.813321,0.000000],[0.137144,0.028846,0.000000,0.006103,0.827908,0.000000],[0.905644,0.027342,0.000000,0.005432,0.061581,0.000000],[0.915235,0.026672,0.000000,0.005315,0.052779,0.000000],[0.931707,0.017541,0.000000,0.002632,0.048120,0.000000],[0.931690,0.017545,0.000000,0.002633,0.048132,0.000000],[0.914652,0.027535,0.000000,0.005383,0.052430,0.000000],[0.135621,0.028513,0.000000,0.005977,0.829888,0.000000],[0.602014,0.059389,0.000000,0.014374,0.324224,0.000000],[0.904327,0.029192,0.000000,0.005547,0.060933,0.000000],[0.907122,0.030668,0.000000,0.005941,0.056269,0.000000],[0.905027,0.028159,0.000000,0.005476,0.061337,0.000000],[0.902719,0.027575,0.000000,0.005674,0.064032,0.000000],[0.897613,0.030921,0.000000,0.005961,0.065505,0.000000],[0.137876,0.027894,0.000000,0.006048,0.828182,0.000000],[0.901786,0.028561,0.000000,0.005742,0.063911,0.000000],[0.902665,0.027587,0.000000,0.005678,0.064070,0.000000],[0.603774,0.057243,0.000000,0.013961,0.325022,0.000000],[0.905667,0.027351,0.000000,0.005435,0.061547,0.000000],[0.915271,0.026667,0.000000,0.005319,0.052743,0.000000],[0.933481,0.015563,0.000000,0.002513,0.048442,0.000000],[0.945067,0.011563,0.000000,0.001867,0.041503,0.000000],[0.952001,0.009301,0.000000,0.001561,0.037136,0.000000],[0.067608,0.006700,0.000000,0.001335,0.924357,0.000000],[0.962561,0.003936,0.004072,0.001038,0.028392,0.000000],[1.000000,0.000000,0.000000,0.000000,0.000000,0.000000]],
  [[1.000000,0.000000,0.000000,0.000000,0.000000,0.000000],[0.919834,0.014832,0.013788,0.004859,0.046687,0.000000],[0.906425,0.027285,0.000000,0.005408,0.060882,0.000000],[0.904977,0.028188,0.000000,0.005484,0.061351,0.000000],[0.905702,0.027350,0.000000,0.005431,0.061517,0.000000],[0.915243,0.026689,0.000000,0.005321,0.052747,0.000000],[0.932359,0.016632,0.000000,0.002592,0.048417,0.000000],[0.111339,0.027018,0.000000,0.005880,0.855763,0.000000],[0.905091,0.028153,0.000000,0.005476,0.061280,0.000000],[0.904278,0.029199,0.000000,0.005551,0.060973,0.000000],[0.135929,0.028569,0.000000,0.005994,0.829508,0.000000],[0.906191,0.031730,0.000000,0.006035,0.056044,0.000000],[0.111751,0.027079,0.000000,0.005899,0.855271,0.000000],[0.906942,0.030683,0.000000,0.005949,0.056426,0.000000],[0.898175,0.029110,0.000000,0.005972,0.066743,0.000000],[0.606693,0.052292,0.000000,0.013360,0.327655,0.000000],[0.902017,0.028529,0.000000,0.005732,0.063722,0.000000],[0.908187,0.029440,0.000000,0.005920,0.056452,0.000000],[0.111058,0.027002,0.000000,0.005868,0.856071,0.000000],[0.095091,0.017008,0.000000,0.002771,0.885129,0.000000],[0.914731,0.027527,0.000000,0.005380,0.052361,0.000000],[0.905181,0.028131,0.000000,0.005471,0.061217,0.000000],[0.135870,0.028547,0.000000,0.005988,0.829594,0.000000],[0.904310,0.029203,0.000000,0.005549,0.060939,0.000000],[0.116027,0.029819,0.000000,0.006370,0.847784,0.000000],[0.130772,0.029294,0.000000,0.005888,0.834046,0.000000],[0.604566,0.056198,0.000000,0.013871,0.325365,0.000000],[0.901725,0.028558,0.000000,0.005740,0.063976,0.000000],[0.908713,0.028307,0.000000,0.005915,0.057065,0.000000],[0.907862,0.029477,0.000000,0.005933,0.056729,0.000000],[0.137198,0.027847,0.000000,0.006032,0.828922,0.000000],[0.905076,0.028152,0.000000,0.005473,0.061298,0.000000],[0.905717,0.027346,0.000000,0.005431,0.061506,0.000000],[0.915329,0.026665,0.000000,0.005314,0.052692,0.000000],[0.933552,0.015556,0.000000,0.002511,0.048381,0.000000],[0.945119,0.011558,0.000000,0.001866,0.041457,0.000000],[0.952029,0.009299,0.000000,0.001560,0.037112,0.000000],[0.958772,0.006668,0.000000,0.001225,0.033336,0.000000],[0.962560,0.003934,0.004074,0.001039,0.028394,0.000000],[1.000000,0.000000,0.000000,0.000000,0.000000,0.000000]],
  [[1.000000,0.000000,0.000000,0.000000,0.000000,0.000000],[0.919850,0.014797,0.013810,0.004857,0.046686,0.000000],[0.113112,0.026093,0.000000,0.005891,0.854904,0.000000],[0.914674,0.027567,0.000000,0.005393,0.052365,0.000000],[0.112681,0.025989,0.000000,0.005859,0.855471,0.000000],[0.915310,0.026665,0.000000,0.005316,0.052709,0.000000],[0.932410,0.016619,0.000000,0.002590,0.048381,0.000000],[0.913947,0.028492,0.000000,0.005413,0.052148,0.000000],[0.132959,0.028835,0.000000,0.005894,0.832313,0.000000],[0.601941,0.059418,0.000000,0.014389,0.324252,0.000000],[0.904903,0.028179,0.000000,0.005485,0.061433,0.000000],[0.913746,0.028541,0.000000,0.005425,0.052288,0.000000],[0.931523,0.017932,0.000000,0.002652,0.047893,0.000000],[0.914403,0.027585,0.000000,0.005397,0.052614,0.000000],[0.902716,0.027597,0.000000,0.005679,0.064008,0.000000],[0.897608,0.030922,0.000000,0.005962,0.065508,0.000000],[0.149660,0.031160,0.000000,0.006224,0.812956,0.000000],[0.901917,0.028541,0.000000,0.005733,0.063809,0.000000],[0.914738,0.027549,0.000000,0.005383,0.052330,0.000000],[0.931722,0.017911,0.000000,0.002645,0.047722,0.000000],[0.914022,0.028514,0.000000,0.005406,0.052058,0.000000],[0.913993,0.028511,0.000000,0.005410,0.052086,0.000000],[0.914607,0.027549,0.000000,0.005388,0.052456,0.000000],[0.913870,0.028519,0.000000,0.005418,0.052193,0.000000],[0.115795,0.029777,0.000000,0.006359,0.848069,0.000000],[0.903615,0.030150,0.000000,0.005616,0.060619,0.000000],[0.136869,0.028870,0.000000,0.006109,0.828152,0.000000],[0.902882,0.027575,0.000000,0.005674,0.063869,0.000000],[0.912211,0.026306,0.000000,0.005520,0.055964,0.000000],[0.908986,0.028283,0.000000,0.005907,0.056824,0.000000],[0.909091,0.028266,0.000000,0.005902,0.056741,0.000000],[0.914763,0.027522,0.000000,0.005379,0.052337,0.000000],[0.111083,0.027011,0.000000,0.005870,0.856037,0.000000],[0.914308,0.028473,0.000000,0.005394,0.051825,0.000000],[0.932090,0.017866,0.000000,0.002633,0.047411,0.000000],[0.943215,0.013844,0.000000,0.002011,0.040929,0.000000],[0.951568,0.009924,0.000000,0.001606,0.036902,0.000000],[0.958747,0.006668,0.000000,0.001226,0.033360,0.000000],[0.962286,0.003873,0.003970,0.001061,0.028810,0.000000],[1.000000,0.000000,0.000000,0.000000,0.000000,0.000000]],
  [[1.000000,0.000000,0.000000,0.000000,0.000000,0.000000],[0.935914,0.009424,0.010019,0.002284,0.042359,0.000000],[0.933066,0.016562,0.000000,0.002575,0.047797,0.000000],[0.931630,0.017926,0.000000,0.002651,0.047793,0.000000],[0.931802,0.017532,0.000000,0.002630,0.048036,0.000000],[0.931694,0.017538,0.000000,0.002633,0.048135,0.000000],[0.933356,0.015586,0.000000,0.002518,0.048540,0.000000],[0.914010,0.028484,0.000000,0.005410,0.052096,0.000000],[0.132950,0.028830,0.000000,0.005892,0.832328,0.000000],[0.904298,0.029200,0.000000,0.005551,0.060951,0.000000],[0.905454,0.027388,0.000000,0.005446,0.061712,0.000000],[0.113118,0.026051,0.000000,0.005882,0.854948,0.000000],[0.931586,0.017926,0.000000,0.002651,0.047838,0.000000],[0.111330,0.027037,0.000000,0.005883,0.855750,0.000000],[0.907959,0.029497,0.000000,0.005933,0.056610,0.000000],[0.902705,0.027578,0.000000,0.005677,0.064040,0.000000],[0.607468,0.053052,0.000000,0.013368,0.326111,0.000000],[0.902817,0.027562,0.000000,0.005672,0.063950,0.000000],[0.917780,0.024603,0.000000,0.005075,0.052542,0.000000],[0.932353,0.016636,0.000000,0.002592,0.048419,0.000000],[0.095136,0.017018,0.000000,0.002773,0.885074,0.000000],[0.093914,0.017619,0.000000,0.002771,0.885697,0.000000],[0.931595,0.017569,0.000000,0.002638,0.048198,0.000000],[0.931514,0.017572,0.000000,0.002640,0.048274,0.000000],[0.915106,0.026698,0.000000,0.005328,0.052868,0.000000],[0.913949,0.028517,0.000000,0.005417,0.052117,0.000000],[0.908175,0.029468,0.000000,0.005928,0.056429,0.000000],[0.901896,0.028556,0.000000,0.005736,0.063812,0.000000],[0.904218,0.026467,0.000000,0.005486,0.063829,0.000000],[0.906094,0.026659,0.000000,0.005262,0.061985,0.000000],[0.917933,0.024579,0.000000,0.005067,0.052422,0.000000],[0.932499,0.016606,0.000000,0.002587,0.048309,0.000000],[0.931867,0.017521,0.000000,0.002628,0.047985,0.000000],[0.093651,0.017581,0.000000,0.002763,0.886005,0.000000],[0.093617,0.017586,0.000000,0.002763,0.886034,0.000000],[0.082076,0.013340,0.000000,0.002162,0.902421,0.000000],[0.073490,0.009402,0.000000,0.001638,0.915470,0.000000],[0.958738,0.006671,0.000000,0.001226,0.033365,0.000000],[0.962268,0.003880,0.003968,0.001062,0.028822,0.000000],[1.000000,0.000000,0.000000,0.000000,0.000000,0.000000]],
  [[1.000000,0.000000,0.000000,0.000000,0.000000,0.000000],[0.918291,0.014971,0.013912,0.005169,0.047657,0.000000],[0.918630,0.024510,0.000000,0.005041,0.051818,0.000000],[0.915261,0.026704,0.000000,0.005330,0.052705,0.000000],[0.112636,0.025982,0.000000,0.005858,0.855524,0.000000],[0.932466,0.016607,0.000000,0.002588,0.048339,0.000000],[0.933361,0.015581,0.000000,0.002518,0.048540,0.000000],[0.914625,0.027528,0.000000,0.005385,0.052462,0.000000],[0.110002,0.027786,0.000000,0.005841,0.856370,0.000000],[0.913348,0.029437,0.000000,0.005420,0.051794,0.000000],[0.906145,0.031756,0.000000,0.006037,0.056062,0.000000],[0.906934,0.030702,0.000000,0.005951,0.056414,0.000000],[0.913296,0.029439,0.000000,0.005421,0.051844,0.000000],[0.111392,0.027048,0.000000,0.005886,0.855674,0.000000],[0.907073,0.030706,0.000000,0.005946,0.056275,0.000000],[0.905017,0.028173,0.000000,0.005478,0.061332,0.000000],[0.904303,0.029215,0.000000,0.005547,0.060935,0.000000],[0.902003,0.028557,0.000000,0.005734,0.063705,0.000000],[0.908937,0.028303,0.000000,0.005912,0.056848,0.000000],[0.915174,0.026704,0.000000,0.005324,0.052798,0.000000],[0.914723,0.027559,0.000000,0.005385,0.052333,0.000000],[0.914104,0.028524,0.000000,0.005409,0.051963,0.000000],[0.095170,0.017021,0.000000,0.002774,0.885034,0.000000],[0.932304,0.016639,0.000000,0.002594,0.048462,0.000000],[0.932290,0.016637,0.000000,0.002594,0.048479,0.000000],[0.931556,0.017569,0.000000,0.002639,0.048236,0.000000],[0.111337,0.027044,0.000000,0.005883,0.855736,0.000000],[0.905645,0.027363,0.000000,0.005436,0.061556,0.000000],[0.610129,0.051832,0.000000,0.012889,0.325150,0.000000],[0.906200,0.026653,0.000000,0.005260,0.061888,0.000000],[0.915583,0.026648,0.000000,0.005305,0.052465,0.000000],[0.932793,0.016572,0.000000,0.002577,0.048058,0.000000],[0.943319,0.013288,0.000000,0.002022,0.041371,0.000000],[0.943408,0.013274,0.000000,0.002020,0.041299,0.000000],[0.943372,0.013815,0.000000,0.002007,0.040806,0.000000],[0.943309,0.013828,0.000000,0.002008,0.040855,0.000000],[0.951486,0.009937,0.000000,0.001609,0.036969,0.000000],[0.958566,0.007093,0.000000,0.001250,0.033092,0.000000],[0.958417,0.004866,0.004882,0.001234,0.030602,0.000000],[1.000000,0.000000,0.000000,0.000000,0.000000,0.000000]],
  [[1.000000,0.000000,0.000000,0.000000,0.000000,0.000000],[0.910203,0.013314,0.015659,0.004983,0.055841,0.000000],[0.906930,0.026591,0.000000,0.005234,0.061245,0.000000],[0.905043,0.028177,0.000000,0.005481,0.061298,0.000000],[0.914319,0.028483,0.000000,0.005400,0.051798,0.000000],[0.931755,0.017897,0.000000,0.002644,0.047704,0.000000],[0.932389,0.016621,0.000000,0.002591,0.048399,0.000000],[0.931627,0.017556,0.000000,0.002637,0.048180,0.000000],[0.931710,0.017914,0.000000,0.002648,0.047728,0.000000],[0.093409,0.018186,0.000000,0.002780,0.885625,0.000000],[0.110248,0.027824,0.000000,0.005853,0.856075,0.000000],[0.135925,0.028569,0.000000,0.005994,0.829512,0.000000],[0.904936,0.028176,0.000000,0.005484,0.061404,0.000000],[0.905482,0.027384,0.000000,0.005445,0.061689,0.000000],[0.907908,0.029503,0.000000,0.005937,0.056651,0.000000],[0.111605,0.027085,0.000000,0.005898,0.855412,0.000000],[0.109984,0.027802,0.000000,0.005843,0.856371,0.000000],[0.117571,0.029109,0.000000,0.006415,0.846905,0.000000],[0.902872,0.027577,0.000000,0.005672,0.063879,0.000000],[0.906096,0.026667,0.000000,0.005264,0.061974,0.000000],[0.905615,0.027360,0.000000,0.005435,0.061590,0.000000],[0.907239,0.030670,0.000000,0.005937,0.056154,0.000000],[0.913450,0.029405,0.000000,0.005413,0.051732,0.000000],[0.913956,0.028500,0.000000,0.005413,0.052131,0.000000],[0.914559,0.027545,0.000000,0.005389,0.052507,0.000000],[0.111166,0.027015,0.000000,0.005876,0.855943,0.000000],[0.914175,0.028509,0.000000,0.005409,0.051907,0.000000],[0.905196,0.028149,0.000000,0.005470,0.061184,0.000000],[0.905205,0.028149,0.000000,0.005470,0.061176,0.000000],[0.905449,0.028118,0.000000,0.005458,0.060975,0.000000],[0.914803,0.028412,0.000000,0.005374,0.051412,0.000000],[0.094172,0.016288,0.000000,0.002733,0.886807,0.000000],[0.945183,0.011623,0.000000,0.001912,0.041282,0.000000],[0.952217,0.008623,0.000000,0.001606,0.037554,0.000000],[0.952959,0.008372,0.000000,0.001504,0.037166,0.000000],[0.953181,0.008332,0.000000,0.001468,0.037018,0.000000],[0.951894,0.009317,0.000000,0.001567,0.037222,0.000000],[0.952037,0.009878,0.000000,0.001594,0.036491,0.000000],[0.066554,0.006105,0.006111,0.001551,0.919679,0.000000],[1.000000,0.000000,0.000000,0.000000,0.000000,0.000000]],
  [[1.000000,0.000000,0.000000,0.000000,0.000000,0.000000],[0.908584,0.013208,0.015560,0.005137,0.057511,0.000000],[0.612128,0.049354,0.000000,0.012605,0.325913,0.000000],[0.902813,0.027600,0.000000,0.005682,0.063904,0.000000],[0.127323,0.033458,0.000000,0.007215,0.832004,0.000000],[0.117263,0.029060,0.000000,0.006402,0.847275,0.000000],[0.915270,0.026686,0.000000,0.005321,0.052722,0.000000],[0.915255,0.026690,0.000000,0.005324,0.052731,0.000000],[0.109672,0.027762,0.000000,0.005830,0.856737,0.000000],[0.931348,0.018560,0.000000,0.002674,0.047418,0.000000],[0.913294,0.029453,0.000000,0.005424,0.051830,0.000000],[0.904198,0.029216,0.000000,0.005557,0.061029,0.000000],[0.601919,0.059440,0.000000,0.014401,0.324240,0.000000],[0.904195,0.029217,0.000000,0.005558,0.061031,0.000000],[0.913243,0.029457,0.000000,0.005427,0.051873,0.000000],[0.931297,0.018565,0.000000,0.002676,0.047462,0.000000],[0.913376,0.029451,0.000000,0.005420,0.051753,0.000000],[0.908054,0.029492,0.000000,0.005932,0.056523,0.000000],[0.901868,0.028555,0.000000,0.005738,0.063838,0.000000],[0.607478,0.053038,0.000000,0.013361,0.326123,0.000000],[0.901897,0.028550,0.000000,0.005736,0.063816,0.000000],[0.117812,0.029125,0.000000,0.006425,0.846638,0.000000],[0.132949,0.028827,0.000000,0.005891,0.832333,0.000000],[0.135960,0.028558,0.000000,0.005992,0.829490,0.000000],[0.905090,0.028150,0.000000,0.005475,0.061285,0.000000],[0.914643,0.027557,0.000000,0.005385,0.052415,0.000000],[0.914236,0.028505,0.000000,0.005406,0.051853,0.000000],[0.111290,0.027044,0.000000,0.005882,0.855784,0.000000],[0.915083,0.027507,0.000000,0.005372,0.052038,0.000000],[0.109787,0.027785,0.000000,0.005829,0.856599,0.000000],[0.107986,0.026951,0.000000,0.005799,0.859264,0.000000],[0.932783,0.016964,0.000000,0.002596,0.047656,0.000000],[0.000000,0.000000,0.000000,0.000000,0.000000,1.000000],[0.000000,0.000000,0.000000,0.000000,0.000000,1.000000],[0.945481,0.011174,0.000000,0.001871,0.041474,0.000000],[0.944038,0.012469,0.000000,0.001962,0.041531,0.000000],[0.942937,0.013883,0.000000,0.002024,0.041156,0.000000],[0.081645,0.014067,0.000000,0.002200,0.902087,0.000000],[0.945556,0.008126,0.008403,0.001744,0.036170,0.000000],[1.000000,0.000000,0.000000,0.000000,0.000000,0.000000]],
  [[1.000000,0.000000,0.000000,0.000000,0.000000,0.000000],[0.908517,0.013218,0.015558,0.005141,0.057566,0.000000],[0.900776,0.029074,0.000000,0.005700,0.064449,0.000000],[0.897557,0.030956,0.000000,0.005970,0.065517,0.000000],[0.898519,0.029113,0.000000,0.005963,0.066405,0.000000],[0.901993,0.028560,0.000000,0.005734,0.063713,0.000000],[0.905635,0.027362,0.000000,0.005435,0.061567,0.000000],[0.905170,0.028154,0.000000,0.005472,0.061203,0.000000],[0.914122,0.028518,0.000000,0.005412,0.051949,0.000000],[0.094206,0.017651,0.000000,0.002781,0.885362,0.000000],[0.914548,0.027577,0.000000,0.005395,0.052480,0.000000],[0.904327,0.029209,0.000000,0.005551,0.060913,0.000000],[0.131592,0.029354,0.000000,0.005908,0.833147,0.000000],[0.131592,0.029349,0.000000,0.005908,0.833151,0.000000],[0.110347,0.027846,0.000000,0.005861,0.855945,0.000000],[0.094350,0.017672,0.000000,0.002785,0.885193,0.000000],[0.914615,0.027573,0.000000,0.005392,0.052420,0.000000],[0.902884,0.027581,0.000000,0.005674,0.063861,0.000000],[0.897725,0.030909,0.000000,0.005958,0.065408,0.000000],[0.149248,0.031150,0.000000,0.006220,0.813383,0.000000],[0.901882,0.028550,0.000000,0.005736,0.063833,0.000000],[0.907982,0.029476,0.000000,0.005929,0.056612,0.000000],[0.903566,0.030140,0.000000,0.005615,0.060678,0.000000],[0.602037,0.059392,0.000000,0.014375,0.324196,0.000000],[0.905019,0.028151,0.000000,0.005478,0.061351,0.000000],[0.915102,0.026706,0.000000,0.005326,0.052866,0.000000],[0.093820,0.017607,0.000000,0.002768,0.885805,0.000000],[0.931856,0.017897,0.000000,0.002642,0.047605,0.000000],[0.932120,0.017855,0.000000,0.002633,0.047392,0.000000],[0.933194,0.017181,0.000000,0.002555,0.047070,0.000000],[0.094373,0.016537,0.000000,0.002903,0.886187,0.000000],[0.000000,0.000000,0.000000,0.000000,0.000000,1.000000],[0.000000,0.000000,0.000000,0.000000,0.000000,1.000000],[0.935397,0.014465,0.000000,0.002506,0.047631,0.000000],[0.933566,0.015975,0.000000,0.002538,0.047921,0.000000],[0.932034,0.017499,0.000000,0.002623,0.047844,0.000000],[0.093747,0.017599,0.000000,0.002767,0.885886,0.000000],[0.094149,0.017694,0.000000,0.002784,0.885373,0.000000],[0.935424,0.009831,0.010538,0.002246,0.041960,0.000000],[1.000000,0.000000,0.000000,0.000000,0.000000,0.000000]],
  [[1.000000,0.000000,0.000000,0.000000,0.000000,0.000000],[0.914592,0.016034,0.014643,0.005346,0.049386,0.000000],[0.903658,0.027505,0.000000,0.005648,0.063189,0.000000],[0.607308,0.053080,0.000000,0.013382,0.326230,0.000000],[0.902600,0.026142,0.000000,0.005522,0.065737,0.000000],[0.904222,0.026483,0.000000,0.005490,0.063806,0.000000],[0.605595,0.055375,0.000000,0.013544,0.325487,0.000000],[0.904404,0.029196,0.000000,0.005545,0.060855,0.000000],[0.108750,0.028281,0.000000,0.005811,0.857158,0.000000],[0.931352,0.018559,0.000000,0.002673,0.047417,0.000000],[0.913870,0.028541,0.000000,0.005418,0.052171,0.000000],[0.108697,0.028265,0.000000,0.005808,0.857230,0.000000],[0.108980,0.028285,0.000000,0.005819,0.856915,0.000000],[0.913410,0.029956,0.000000,0.005513,0.051120,0.000000],[0.913384,0.029979,0.000000,0.005512,0.051125,0.000000],[0.930737,0.019682,0.000000,0.002675,0.046906,0.000000],[0.108677,0.028271,0.000000,0.005805,0.857247,0.000000],[0.901953,0.028557,0.000000,0.005738,0.063753,0.000000],[0.604470,0.056171,0.000000,0.013862,0.325497,0.000000],[0.902829,0.027567,0.000000,0.005672,0.063931,0.000000],[0.908866,0.028296,0.000000,0.005912,0.056926,0.000000],[0.912038,0.026309,0.000000,0.005522,0.056131,0.000000],[0.905595,0.027351,0.000000,0.005435,0.061619,0.000000],[0.136423,0.027537,0.000000,0.005959,0.830081,0.000000],[0.905121,0.028146,0.000000,0.005473,0.061259,0.000000],[0.914694,0.027545,0.000000,0.005383,0.052378,0.000000],[0.931857,0.017897,0.000000,0.002642,0.047605,0.000000],[0.083339,0.012849,0.000000,0.002142,0.901670,0.000000],[0.943343,0.013295,0.000000,0.002022,0.041341,0.000000],[0.945922,0.011863,0.000000,0.001873,0.040342,0.000000],[0.000000,0.000000,0.000000,0.000000,0.000000,1.000000],[0.000000,0.000000,0.000000,0.000000,0.000000,1.000000],[0.000000,0.000000,0.000000,0.000000,0.000000,1.000000],[0.917056,0.025005,0.000000,0.005157,0.052782,0.000000],[0.117190,0.029028,0.000000,0.006389,0.847393,0.000000],[0.907690,0.030611,0.000000,0.005918,0.055782,0.000000],[0.914075,0.028530,0.000000,0.005417,0.051978,0.000000],[0.915529,0.027459,0.000000,0.005351,0.051661,0.000000],[0.919892,0.014813,0.013793,0.004856,0.046645,0.000000],[1.000000,0.000000,0.000000,0.000000,0.000000,0.000000]],
  [[1.000000,0.000000,0.000000,0.000000,0.000000,0.000000],[0.915646,0.015885,0.014837,0.005189,0.048443,0.000000],[0.136821,0.028942,0.000000,0.006130,0.828108,0.000000],[0.901666,0.028594,0.000000,0.005753,0.063987,0.000000],[0.902383,0.026152,0.000000,0.005526,0.065940,0.000000],[0.902381,0.026150,0.000000,0.005526,0.065943,0.000000],[0.905581,0.027364,0.000000,0.005439,0.061616,0.000000],[0.131916,0.028809,0.000000,0.005882,0.833394,0.000000],[0.110145,0.027804,0.000000,0.005848,0.856203,0.000000],[0.931665,0.017923,0.000000,0.002649,0.047763,0.000000],[0.095285,0.017034,0.000000,0.002778,0.884903,0.000000],[0.931720,0.017910,0.000000,0.002646,0.047723,0.000000],[0.931664,0.017549,0.000000,0.002636,0.048151,0.000000],[0.931698,0.017548,0.000000,0.002635,0.048119,0.000000],[0.095116,0.017017,0.000000,0.002774,0.885093,0.000000],[0.094012,0.017630,0.000000,0.002775,0.885583,0.000000],[0.914112,0.028499,0.000000,0.005408,0.051981,0.000000],[0.136574,0.028849,0.000000,0.006099,0.828478,0.000000],[0.902675,0.027580,0.000000,0.005675,0.064071,0.000000],[0.904064,0.026476,0.000000,0.005488,0.063971,0.000000],[0.911944,0.026314,0.000000,0.005523,0.056219,0.000000],[0.911901,0.026300,0.000000,0.005520,0.056278,0.000000],[0.915128,0.026672,0.000000,0.005319,0.052881,0.000000],[0.914704,0.027527,0.000000,0.005379,0.052390,0.000000],[0.914130,0.028484,0.000000,0.005403,0.051982,0.000000],[0.109665,0.027763,0.000000,0.005827,0.856745,0.000000],[0.932103,0.017862,0.000000,0.002634,0.047402,0.000000],[0.943364,0.013286,0.000000,0.002022,0.041328,0.000000],[0.951866,0.009887,0.000000,0.001595,0.036652,0.000000],[0.082910,0.011193,0.000000,0.002086,0.903811,0.000000],[0.000000,0.000000,0.000000,0.000000,0.000000,1.000000],[0.000000,0.000000,0.000000,0.000000,0.000000,1.000000],[0.911971,0.022790,0.000000,0.004722,0.060517,0.000000],[0.906413,0.026867,0.000000,0.005240,0.061480,0.000000],[0.902483,0.028487,0.000000,0.005711,0.063319,0.000000],[0.136100,0.028829,0.000000,0.006090,0.828982,0.000000],[0.905928,0.027328,0.000000,0.005427,0.061318,0.000000],[0.906806,0.027235,0.000000,0.005387,0.060572,0.000000],[0.920209,0.014776,0.013760,0.004838,0.046417,0.000000],[1.000000,0.000000,0.000000,0.000000,0.000000,0.000000]],
  [[1.000000,0.000000,0.000000,0.000000,0.000000,0.000000],[0.916379,0.015790,0.015086,0.005054,0.047691,0.000000],[0.135563,0.029518,0.000000,0.006163,0.828756,0.000000],[0.901758,0.028589,0.000000,0.005753,0.063900,0.000000],[0.899190,0.027995,0.000000,0.005930,0.066884,0.000000],[0.902877,0.029512,0.000000,0.006414,0.061198,0.000000],[0.913965,0.028527,0.000000,0.005417,0.052091,0.000000],[0.907219,0.030678,0.000000,0.005942,0.056161,0.000000],[0.907207,0.030682,0.000000,0.005944,0.056168,0.000000],[0.913941,0.028526,0.000000,0.005416,0.052116,0.000000],[0.914681,0.027545,0.000000,0.005386,0.052388,0.000000],[0.914733,0.027526,0.000000,0.005382,0.052360,0.000000],[0.933361,0.015579,0.000000,0.002518,0.048542,0.000000],[0.943727,0.012515,0.000000,0.001973,0.041785,0.000000],[0.943003,0.013331,0.000000,0.002033,0.041634,0.000000],[0.931723,0.017542,0.000000,0.002632,0.048103,0.000000],[0.914727,0.027530,0.000000,0.005382,0.052361,0.000000],[0.907997,0.029454,0.000000,0.005927,0.056621,0.000000],[0.901923,0.028540,0.000000,0.005734,0.063802,0.000000],[0.901933,0.028538,0.000000,0.005733,0.063797,0.000000],[0.902856,0.027556,0.000000,0.005667,0.063921,0.000000],[0.915189,0.026660,0.000000,0.005314,0.052836,0.000000],[0.933427,0.015571,0.000000,0.002514,0.048489,0.000000],[0.932558,0.016597,0.000000,0.002584,0.048261,0.000000],[0.094880,0.016980,0.000000,0.002766,0.885375,0.000000],[0.931781,0.018497,0.000000,0.002657,0.047064,0.000000],[0.093553,0.017573,0.000000,0.002761,0.886113,0.000000],[0.944630,0.012602,0.000000,0.001923,0.040846,0.000000],[0.953026,0.008644,0.000000,0.001544,0.036786,0.000000],[0.944887,0.011540,0.000000,0.001981,0.041592,0.000000],[0.934681,0.015005,0.000000,0.002516,0.047798,0.000000],[0.917143,0.024982,0.000000,0.005152,0.052723,0.000000],[0.906464,0.026851,0.000000,0.005238,0.061447,0.000000],[0.605974,0.055284,0.000000,0.013495,0.325247,0.000000],[0.903118,0.027539,0.000000,0.005660,0.063682,0.000000],[0.903263,0.027523,0.000000,0.005653,0.063560,0.000000],[0.606217,0.052533,0.000000,0.013742,0.327508,0.000000],[0.907677,0.025873,0.000000,0.004952,0.061498,0.000000],[0.103603,0.013164,0.010899,0.005199,0.867135,0.000000],[1.000000,0.000000,0.000000,0.000000,0.000000,0.000000]],
  [[1.000000,0.000000,0.000000,0.000000,0.000000,0.000000],[0.099547,0.015500,0.014618,0.005723,0.864612,0.000000],[0.905059,0.029116,0.000000,0.005522,0.060303,0.000000],[0.603658,0.057282,0.000000,0.013985,0.325075,0.000000],[0.905023,0.028164,0.000000,0.005478,0.061336,0.000000],[0.113066,0.026044,0.000000,0.005878,0.855012,0.000000],[0.931521,0.017577,0.000000,0.002641,0.048261,0.000000],[0.113106,0.026051,0.000000,0.005881,0.854962,0.000000],[0.905539,0.027376,0.000000,0.005442,0.061643,0.000000],[0.905589,0.027361,0.000000,0.005439,0.061610,0.000000],[0.135732,0.027494,0.000000,0.005945,0.830829,0.000000],[0.915297,0.026658,0.000000,0.005315,0.052730,0.000000],[0.932548,0.016600,0.000000,0.002585,0.048267,0.000000],[0.943840,0.012500,0.000000,0.001969,0.041692,0.000000],[0.943871,0.012496,0.000000,0.001968,0.041665,0.000000],[0.933471,0.015558,0.000000,0.002513,0.048458,0.000000],[0.933527,0.015562,0.000000,0.002511,0.048400,0.000000],[0.915313,0.026649,0.000000,0.005310,0.052729,0.000000],[0.135718,0.028522,0.000000,0.005975,0.829785,0.000000],[0.602336,0.059340,0.000000,0.014342,0.323982,0.000000],[0.135620,0.028511,0.000000,0.005970,0.829900,0.000000],[0.915553,0.026606,0.000000,0.005296,0.052545,0.000000],[0.933715,0.015531,0.000000,0.002504,0.048250,0.000000],[0.943930,0.012484,0.000000,0.001965,0.041621,0.000000],[0.944003,0.012480,0.000000,0.001964,0.041553,0.000000],[0.943060,0.013862,0.000000,0.002017,0.041060,0.000000],[0.083204,0.012831,0.000000,0.002137,0.901828,0.000000],[0.944763,0.012581,0.000000,0.001918,0.040737,0.000000],[0.000000,0.000000,0.000000,0.000000,0.000000,1.000000],[0.000000,0.000000,0.000000,0.000000,0.000000,1.000000],[0.934033,0.015569,0.000000,0.002525,0.047873,0.000000],[0.915742,0.027382,0.000000,0.005327,0.051548,0.000000],[0.135179,0.027468,0.000000,0.005932,0.831421,0.000000],[0.905940,0.027311,0.000000,0.005419,0.061330,0.000000],[0.904457,0.026446,0.000000,0.005478,0.063619,0.000000],[0.904899,0.026396,0.000000,0.005457,0.063248,0.000000],[0.907595,0.024952,0.000000,0.004973,0.062480,0.000000],[0.000000,0.000000,0.000000,0.000000,0.000000,1.000000],[0.000000,0.000000,0.000000,0.000000,0.000000,1.000000],[1.000000,0.000000,0.000000,0.000000,0.000000,0.000000]],
