[
  [[1.000000,0.000000,0.000000,0.000000,0.000000,0.000000],[1.000000,0.000000,0.000000,0.000000,0.000000,0.000000],[1.000000,0.000000,0.000000,0.000000,0.000000,0.000000],[1.000000,0.000000,0.000000,0.000000,0.000000,0.000000],[1.000000,0.000000,0.000000,0.000000,0.000000,0.000000],[1.000000,0.000000,0.000000,0.000000,0.000000,0.000000],[1.000000,0.000000,0.000000,0.000000,0.000000,0.000000],[1.000000,0.000000,0.000000,0.000000,0.000000,0.000000],[1.000000,0.000000,0.000000,0.000000,0.000000,0.000000],[1.000000,0.000000,0.000000,0.000000,0.000000,0.000000],[1.000000,0.000000,0.000000,0.000000,0.000000,0.000000],[1.000000,0.000000,0.000000,0.000000,0.000000,0.000000],[1.000000,0.000000,0.000000,0.000000,0.000000,0.000000],[1.000000,0.000000,0.000000,0.000000,0.000000,0.000000],[1.000000,0.000000,0.000000,0.000000,0.000000,0.000000],[1.000000,0.000000,0.000000,0.000000,0.000000,0.000000],[1.000000,0.000000,0.000000,0.000000,0.000000,0.000000],[1.000000,0.000000,0.000000,0.000000,0.000000,0.000000],[1.000000,0.000000,0.000000,0.000000,0.000000,0.000000],[1.000000,0.000000,0.000000,0.000000,0.000000,0.000000],[1.000000,0.000000,0.000000,0.000000,0.000000,0.000000],[1.000000,0.000000,0.000000,0.000000,0.000000,0.000000],[1.000000,0.000000,0.000000,0.000000,0.000000,0.000000],[1.000000,0.000000,0.000000,0.000000,0.000000,0.000000],[1.000000,0.000000,0.000000,0.000000,0.000000,0.000000],[1.000000,0.000000,0.000000,0.000000,0.000000,0.000000],[1.000000,0.000000,0.000000,0.000000,0.000000,0.000000],[1.000000,0.000000,0.000000,0.000000,0.000000,0.000000],[1.000000,0.000000,0.000000,0.000000,0.000000,0.000000],[1.000000,0.000000,0.000000,0.000000,0.000000,0.000000],[1.000000,0.000000,0.000000,0.000000,0.000000,0.000000],[1.000000,0.000000,0.000000,0.000000,0.000000,0.000000],[1.000000,0.000000,0.000000,0.000000,0.000000,0.000000],[1.000000,0.000000,0.000000,0.000000,0.000000,0.000000],[1.000000,0.000000,0.000000,0.000000,0.000000,0.000000],[1.000000,0.000000,0.000000,0.000000,0.000000,0.000000],[1.000000,0.000000,0.000000,0.000000,0.000000,0.000000],[1.000000,0.000000,0.000000,0.000000,0.000000,0.000000],[1.000000,0.000000,0.000000,0.000000,0.000000,0.000000],[1.000000,0.000000,0.000000,0.000000,0.000000,0.000000]],
  [[1.000000,0.000000,0.000000,0.000000,0.000000,0.000000],[0.940162,0.008471,0.008309,0.002044,0.041015,0.000000],[0.920272,0.014812,0.013727,0.004838,0.046351,0.000000],[0.920489,0.014863,0.014075,0.004761,0.045812,0.000000],[0.097456,0.015715,0.014751,0.005661,0.866418,0.000000],[0.097347,0.016406,0.015716,0.005834,0.864697,0.000000],[0.920028,0.015644,0.014268,0.004745,0.045315,0.000000],[0.081305,0.010254,0.011342,0.002466,0.894634,0.000000],[0.081911,0.009918,0.010600,0.002406,0.895165,0.000000],[0.935318,0.009839,0.010546,0.002250,0.042048,0.000000],[0.935773,0.009276,0.009667,0.002357,0.042927,0.000000],[0.935824,0.009240,0.009687,0.002354,0.042894,0.000000],[0.946957,0.007148,0.007143,0.001770,0.036982,0.000000],[0.953792,0.005803,0.005825,0.001431,0.033149,0.000000],[0.958445,0.004872,0.004872,0.001233,0.030577,0.000000],[0.958454,0.004867,0.004874,0.001233,0.030572,0.000000],[0.958429,0.004871,0.004877,0.001234,0.030590,0.000000],[0.067432,0.005954,0.005808,0.001592,0.919214,0.000000],[0.946254,0.007721,0.007856,0.001730,0.036439,0.000000],[0.081812,0.009899,0.010600,0.002404,0.895285,0.000000],[0.098040,0.017734,0.016954,0.005976,0.861296,0.000000],[0.097521,0.016465,0.015706,0.005843,0.864465,0.000000],[0.920818,0.014984,0.014171,0.004693,0.045334,0.000000],[0.914314,0.016094,0.014628,0.005354,0.049609,0.000000],[0.905316,0.014623,0.018267,0.005306,0.056487,0.000000],[0.124852,0.015855,0.018755,0.006105,0.834434,0.000000],[0.905449,0.014614,0.018277,0.005303,0.056357,0.000000],[0.102874,0.017259,0.015567,0.006238,0.858062,0.000000],[0.919755,0.014838,0.013792,0.004860,0.046755,0.000000],[0.919810,0.014806,0.013807,0.004856,0.046720,0.000000],[0.085099,0.009671,0.010176,0.002495,0.892559,0.000000],[0.946850,0.007311,0.007385,0.001730,0.036723,0.000000],[0.946869,0.007323,0.007371,0.001731,0.036706,0.000000],[0.945374,0.008169,0.008400,0.001750,0.036306,0.000000],[0.074416,0.008504,0.009130,0.001914,0.906037,0.000000],[0.073656,0.008631,0.009550,0.001857,0.906306,0.000000],[0.073700,0.008647,0.009547,0.001858,0.906247,0.000000],[0.073638,0.008647,0.009551,0.001856,0.906308,0.000000],[0.072454,0.007226,0.007006,0.001688,0.911626,0.000000],[1.000000,0.000000,0.000000,0.000000,0.000000,0.000000]],
  [[1.000000,0.000000,0.000000,0.000000,0.000000,0.000000],[0.935710,0.009821,0.010490,0.002238,0.041741,0.000000],[0.111899,0.027207,0.000000,0.005929,0.854966,0.000000],[0.905049,0.029146,0.000000,0.005527,0.060279,0.000000],[0.905132,0.029127,0.000000,0.005522,0.060219,0.000000],[0.130888,0.029429,0.000000,0.005923,0.833760,0.000000],[0.114644,0.030258,0.000000,0.006331,0.848767,0.000000],[0.914140,0.029890,0.000000,0.005487,0.050482,0.000000],[0.109231,0.028430,0.000000,0.005846,0.856492,0.000000],[0.914871,0.028401,0.000000,0.005377,0.051351,0.000000],[0.918675,0.024484,0.000000,0.005033,0.051808,0.000000],[0.934155,0.015495,0.000000,0.002495,0.047855,0.000000],[0.945628,0.011513,0.000000,0.001853,0.041006,0.000000],[0.952518,0.009249,0.000000,0.001547,0.036687,0.000000],[0.073658,0.009452,0.000000,0.001646,0.915244,0.000000],[0.952108,0.009861,0.000000,0.001590,0.036441,0.000000],[0.958566,0.007093,0.000000,0.001249,0.033091,0.000000],[0.952448,0.009256,0.000000,0.001550,0.036746,0.000000],[0.943669,0.013268,0.000000,0.002016,0.041046,0.000000],[0.932255,0.018439,0.000000,0.002650,0.046656,0.000000],[0.108958,0.031018,0.000000,0.006118,0.853907,0.000000],[0.130937,0.030805,0.000000,0.005965,0.832293,0.000000],[0.904256,0.030072,0.000000,0.005598,0.060074,0.000000],[0.137905,0.028986,0.000000,0.006145,0.826963,0.000000],[0.901543,0.029676,0.000000,0.005766,0.063015,0.000000],[0.608184,0.053065,0.000000,0.013361,0.325390,0.000000],[0.898011,0.031682,0.000000,0.005992,0.064316,0.000000],[0.902737,0.028478,0.000000,0.005709,0.063076,0.000000],[0.905836,0.028076,0.000000,0.005448,0.060640,0.000000],[0.915381,0.027459,0.000000,0.005355,0.051805,0.000000],[0.932974,0.016573,0.000000,0.002576,0.047877,0.000000],[0.932982,0.016569,0.000000,0.002576,0.047873,0.000000],[0.932267,0.017490,0.000000,0.002621,0.047622,0.000000],[0.093481,0.018250,0.000000,0.002789,0.885479,0.000000],[0.093435,0.019623,0.000000,0.002874,0.884068,0.000000],[0.931035,0.020759,0.000000,0.002648,0.045558,0.000000],[0.092888,0.020750,0.000000,0.002920,0.883442,0.000000],[0.092758,0.020763,0.000000,0.002918,0.883561,0.000000],[0.945799,0.008165,0.008335,0.001739,0.035962,0.000000],[1.000000,0.000000,0.000000,0.000000,0.000000,0.000000]],
  [[1.000000,0.000000,0.000000,0.000000,0.000000,0.000000],[0.935261,0.009836,0.010557,0.002252,0.042094,0.000000],[0.111574,0.027124,0.000000,0.005908,0.855394,0.000000],[0.901650,0.028621,0.000000,0.005760,0.063968,0.000000],[0.607374,0.053111,0.000000,0.013399,0.326115,0.000000],[0.900573,0.029817,0.000000,0.005813,0.063796,0.000000],[0.900886,0.031950,0.000000,0.006449,0.060715,0.000000],[0.900530,0.030318,0.000000,0.005887,0.063265,0.000000],[0.134984,0.028546,0.000000,0.005989,0.830481,0.000000],[0.904995,0.028173,0.000000,0.005484,0.061349,0.000000],[0.917800,0.024599,0.000000,0.005076,0.052525,0.000000],[0.933374,0.015578,0.000000,0.002518,0.048530,0.000000],[0.944947,0.011586,0.000000,0.001872,0.041595,0.000000],[0.943962,0.012491,0.000000,0.001966,0.041580,0.000000],[0.943259,0.013308,0.000000,0.002025,0.041408,0.000000],[0.073458,0.009402,0.000000,0.001637,0.915503,0.000000],[0.958125,0.006746,0.000000,0.001245,0.033884,0.000000],[0.952912,0.008367,0.000000,0.001479,0.037242,0.000000],[0.943701,0.012526,0.000000,0.001977,0.041795,0.000000],[0.931692,0.017923,0.000000,0.002652,0.047733,0.000000],[0.108910,0.028304,0.000000,0.005823,0.856962,0.000000],[0.904113,0.029251,0.000000,0.005568,0.061068,0.000000],[0.601753,0.059457,0.000000,0.014413,0.324376,0.000000],[0.137258,0.028864,0.000000,0.006111,0.827766,0.000000],[0.901601,0.028590,0.000000,0.005754,0.064055,0.000000],[0.903968,0.026514,0.000000,0.005505,0.064013,0.000000],[0.899770,0.029184,0.000000,0.005744,0.065302,0.000000],[0.604434,0.056216,0.000000,0.013884,0.325465,0.000000],[0.135259,0.028516,0.000000,0.005981,0.830244,0.000000],[0.907687,0.029505,0.000000,0.005946,0.056862,0.000000],[0.914735,0.026739,0.000000,0.005345,0.053181,0.000000],[0.914769,0.026739,0.000000,0.005346,0.053146,0.000000],[0.906194,0.031754,0.000000,0.006043,0.056009,0.000000],[0.113930,0.030075,0.000000,0.006287,0.849709,0.000000],[0.913337,0.029484,0.000000,0.005436,0.051743,0.000000],[0.913393,0.029489,0.000000,0.005435,0.051683,0.000000],[0.108898,0.028335,0.000000,0.005831,0.856936,0.000000],[0.932072,0.018475,0.000000,0.002659,0.046795,0.000000],[0.946833,0.007358,0.007354,0.001734,0.036721,0.000000],[1.000000,0.000000,0.000000,0.000000,0.000000,0.000000]],
  [[1.000000,0.000000,0.000000,0.000000,0.000000,0.000000],[0.935970,0.009417,0.010014,0.002282,0.042317,0.000000],[0.915994,0.026601,0.000000,0.005290,0.052115,0.000000],[0.902650,0.027609,0.000000,0.005685,0.064055,0.000000],[0.899967,0.029150,0.000000,0.005730,0.065153,0.000000],[0.897537,0.030941,0.000000,0.005968,0.065555,0.000000],[0.139794,0.028067,0.000000,0.006176,0.825963,0.000000],[0.901728,0.028578,0.000000,0.005747,0.063947,0.000000],[0.605582,0.055399,0.000000,0.013555,0.325464,0.000000],[0.905588,0.027357,0.000000,0.005437,0.061619,0.000000],[0.917873,0.024582,0.000000,0.005067,0.052478,0.000000],[0.933439,0.015569,0.000000,0.002513,0.048479,0.000000],[0.933571,0.015545,0.000000,0.002508,0.048376,0.000000],[0.933670,0.015531,0.000000,0.002506,0.048293,0.000000],[0.943283,0.013298,0.000000,0.002022,0.041397,0.000000],[0.951586,0.009922,0.000000,0.001604,0.036888,0.000000],[0.951654,0.010315,0.000000,0.001590,0.036441,0.000000],[0.951904,0.009311,0.000000,0.001564,0.037220,0.000000],[0.942955,0.013877,0.000000,0.002022,0.041146,0.000000],[0.093912,0.017615,0.000000,0.002773,0.885700,0.000000],[0.913948,0.028539,0.000000,0.005416,0.052097,0.000000],[0.905525,0.027378,0.000000,0.005443,0.061654,0.000000],[0.905462,0.027374,0.000000,0.005444,0.061720,0.000000],[0.902786,0.027575,0.000000,0.005676,0.063964,0.000000],[0.908814,0.028299,0.000000,0.005912,0.056975,0.000000],[0.908839,0.028311,0.000000,0.005913,0.056938,0.000000],[0.902798,0.027584,0.000000,0.005675,0.063944,0.000000],[0.900939,0.029752,0.000000,0.005788,0.063522,0.000000],[0.135307,0.028516,0.000000,0.005977,0.830200,0.000000],[0.907734,0.029491,0.000000,0.005938,0.056837,0.000000],[0.905345,0.027383,0.000000,0.005447,0.061825,0.000000],[0.136375,0.028567,0.000000,0.005996,0.829062,0.000000],[0.900738,0.030265,0.000000,0.005873,0.063124,0.000000],[0.134944,0.029438,0.000000,0.006145,0.829473,0.000000],[0.904862,0.028195,0.000000,0.005491,0.061452,0.000000],[0.904251,0.029234,0.000000,0.005556,0.060959,0.000000],[0.108706,0.028294,0.000000,0.005816,0.857184,0.000000],[0.932098,0.018458,0.000000,0.002654,0.046789,0.000000],[0.946856,0.007334,0.007367,0.001732,0.036712,0.000000],[1.000000,0.000000,0.000000,0.000000,0.000000,0.000000]],
  [[1.000000,0.000000,0.000000,0.000000,0.000000,0.000000],[0.935638,0.009281,0.009690,0.002362,0.043030,0.000000],[0.918471,0.024521,0.000000,0.005047,0.051961,0.000000],[0.911969,0.026346,0.000000,0.005540,0.056145,0.000000],[0.904202,0.026485,0.000000,0.005493,0.063820,0.000000],[0.604441,0.056198,0.000000,0.013874,0.325487,0.000000],[0.898292,0.029119,0.000000,0.005973,0.066615,0.000000],[0.901738,0.028572,0.000000,0.005745,0.063945,0.000000],[0.902674,0.027589,0.000000,0.005679,0.064057,0.000000],[0.901878,0.028548,0.000000,0.005738,0.063836,0.000000],[0.908175,0.029443,0.000000,0.005923,0.056459,0.000000],[0.915278,0.026662,0.000000,0.005316,0.052743,0.000000],[0.917936,0.024554,0.000000,0.005060,0.052450,0.000000],[0.933554,0.015554,0.000000,0.002511,0.048382,0.000000],[0.943928,0.012492,0.000000,0.001966,0.041613,0.000000],[0.083158,0.012826,0.000000,0.002136,0.901880,0.000000],[0.943054,0.013863,0.000000,0.002017,0.041065,0.000000],[0.083306,0.012845,0.000000,0.002141,0.901708,0.000000],[0.943921,0.013923,0.000000,0.001966,0.040191,0.000000],[0.093143,0.018167,0.000000,0.002773,0.885917,0.000000],[0.913532,0.029433,0.000000,0.005409,0.051627,0.000000],[0.914591,0.027564,0.000000,0.005388,0.052457,0.000000],[0.915027,0.026708,0.000000,0.005327,0.052937,0.000000],[0.915043,0.026703,0.000000,0.005325,0.052930,0.000000],[0.917619,0.024607,0.000000,0.005075,0.052699,0.000000],[0.915083,0.026703,0.000000,0.005325,0.052888,0.000000],[0.112961,0.026024,0.000000,0.005869,0.855146,0.000000],[0.907893,0.029484,0.000000,0.005932,0.056690,0.000000],[0.907857,0.029484,0.000000,0.005936,0.056724,0.000000],[0.900600,0.031905,0.000000,0.006437,0.061057,0.000000],[0.900547,0.029773,0.000000,0.005802,0.063877,0.000000],[0.601617,0.060385,0.000000,0.014477,0.323521,0.000000],[0.134794,0.029070,0.000000,0.006149,0.829987,0.000000],[0.900468,0.029797,0.000000,0.005809,0.063927,0.000000],[0.605463,0.055448,0.000000,0.013582,0.325507,0.000000],[0.904947,0.028190,0.000000,0.005485,0.061378,0.000000],[0.109887,0.027794,0.000000,0.005843,0.856475,0.000000],[0.094076,0.017665,0.000000,0.002783,0.885477,0.000000],[0.946894,0.007321,0.007369,0.001730,0.036686,0.000000],[1.000000,0.000000,0.000000,0.000000,0.000000,0.000000]],
  [[1.000000,0.000000,0.000000,0.000000,0.000000,0.000000],[0.935947,0.009266,0.009652,0.002352,0.042784,0.000000],[0.934248,0.015508,0.000000,0.002496,0.047748,0.000000],[0.915361,0.026689,0.000000,0.005323,0.052626,0.000000],[0.905200,0.028156,0.000000,0.005473,0.061172,0.000000],[0.904260,0.029219,0.000000,0.005553,0.060968,0.000000],[0.136668,0.028861,0.000000,0.006104,0.828367,0.000000],[0.907951,0.029499,0.000000,0.005938,0.056613,0.000000],[0.907981,0.029491,0.000000,0.005935,0.056593,0.000000],[0.134979,0.029394,0.000000,0.006128,0.829499,0.000000],[0.136798,0.028856,0.000000,0.006105,0.828241,0.000000],[0.905172,0.028141,0.000000,0.005471,0.061216,0.000000],[0.914811,0.027530,0.000000,0.005377,0.052281,0.000000],[0.931782,0.017536,0.000000,0.002631,0.048051,0.000000],[0.931820,0.017534,0.000000,0.002629,0.048017,0.000000],[0.931861,0.017531,0.000000,0.002628,0.047979,0.000000],[0.093609,0.017588,0.000000,0.002762,0.886041,0.000000],[0.931803,0.017542,0.000000,0.002631,0.048023,0.000000],[0.931576,0.018534,0.000000,0.002665,0.047226,0.000000],[0.093147,0.018167,0.000000,0.002773,0.885913,0.000000],[0.093063,0.018154,0.000000,0.002770,0.886012,0.000000],[0.931636,0.017562,0.000000,0.002637,0.048165,0.000000],[0.111139,0.026989,0.000000,0.005870,0.856002,0.000000],[0.914747,0.027536,0.000000,0.005383,0.052335,0.000000],[0.915233,0.026685,0.000000,0.005322,0.052761,0.000000],[0.914608,0.027563,0.000000,0.005389,0.052440,0.000000],[0.914588,0.027571,0.000000,0.005391,0.052450,0.000000],[0.913768,0.028539,0.000000,0.005422,0.052272,0.000000],[0.904879,0.028168,0.000000,0.005484,0.061469,0.000000],[0.135722,0.029418,0.000000,0.006142,0.828718,0.000000],[0.151444,0.031738,0.000000,0.006362,0.810456,0.000000],[0.897485,0.030494,0.000000,0.006046,0.065975,0.000000],[0.136866,0.029449,0.000000,0.006287,0.827397,0.000000],[0.897439,0.030508,0.000000,0.006049,0.066005,0.000000],[0.901659,0.028601,0.000000,0.005754,0.063985,0.000000],[0.904943,0.028191,0.000000,0.005486,0.061381,0.000000],[0.913956,0.028557,0.000000,0.005426,0.052061,0.000000],[0.932299,0.017486,0.000000,0.002620,0.047594,0.000000],[0.946882,0.007308,0.007382,0.001730,0.036698,0.000000],[1.000000,0.000000,0.000000,0.000000,0.000000,0.000000]],
  [[1.000000,0.000000,0.000000,0.000000,0.000000,0.000000],[0.946725,0.006788,0.006658,0.001756,0.038072,0.000000],[0.933808,0.010449,0.009888,0.002449,0.043405,0.000000],[0.920040,0.022348,0.006351,0.004696,0.046565,0.000000],[0.110202,0.027875,0.000000,0.005865,0.856058,0.000000],[0.110167,0.027809,0.000000,0.005850,0.856174,0.000000],[0.913902,0.028529,0.000000,0.005419,0.052149,0.000000],[0.913847,0.028538,0.000000,0.005422,0.052193,0.000000],[0.110151,0.027802,0.000000,0.005846,0.856201,0.000000],[0.904308,0.029199,0.000000,0.005550,0.060944,0.000000],[0.603920,0.057258,0.000000,0.013969,0.324854,0.000000],[0.904454,0.029189,0.000000,0.005543,0.060815,0.000000],[0.109830,0.027788,0.000000,0.005836,0.856547,0.000000],[0.093849,0.017602,0.000000,0.002769,0.885780,0.000000],[0.915297,0.026671,0.000000,0.005316,0.052716,0.000000],[0.914829,0.027519,0.000000,0.005377,0.052274,0.000000],[0.914775,0.027529,0.000000,0.005380,0.052316,0.000000],[0.914747,0.027535,0.000000,0.005382,0.052335,0.000000],[0.914680,0.027558,0.000000,0.005385,0.052377,0.000000],[0.093985,0.017630,0.000000,0.002773,0.885611,0.000000],[0.931732,0.017916,0.000000,0.002646,0.047706,0.000000],[0.931628,0.017562,0.000000,0.002637,0.048173,0.000000],[0.914753,0.027534,0.000000,0.005384,0.052329,0.000000],[0.134464,0.028478,0.000000,0.005962,0.831097,0.000000],[0.905689,0.027345,0.000000,0.005432,0.061534,0.000000],[0.902717,0.027580,0.000000,0.005674,0.064029,0.000000],[0.117739,0.029110,0.000000,0.006421,0.846730,0.000000],[0.906929,0.030692,0.000000,0.005950,0.056429,0.000000],[0.135629,0.029427,0.000000,0.006142,0.828802,0.000000],[0.606397,0.052349,0.000000,0.013385,0.327870,0.000000],[0.897722,0.029158,0.000000,0.005987,0.067133,0.000000],[0.896701,0.030325,0.000000,0.006043,0.066931,0.000000],[0.137882,0.029751,0.000000,0.006277,0.826090,0.000000],[0.135680,0.029409,0.000000,0.006273,0.828638,0.000000],[0.906310,0.031768,0.000000,0.006042,0.055881,0.000000],[0.108927,0.028340,0.000000,0.005823,0.856910,0.000000],[0.914033,0.028547,0.000000,0.005422,0.051998,0.000000],[0.933099,0.016556,0.000000,0.002574,0.047770,0.000000],[0.946796,0.007194,0.007135,0.001776,0.037098,0.000000],[1.000000,0.000000,0.000000,0.000000,0.000000,0.000000]],
  [[1.000000,0.000000,0.000000,0.000000,0.000000,0.000000],[1.000000,0.000000,0.000000,0.000000,0.000000,0.000000],[1.000000,0.000000,0.000000,0.000000,0.000000,0.000000],[0.086789,0.014399,0.004855,0.002635,0.891322,0.000000],[0.913484,0.029433,0.000000,0.005422,0.051661,0.000000],[0.913745,0.028560,0.000000,0.005430,0.052265,0.000000],[0.913776,0.028544,0.000000,0.005424,0.052256,0.000000],[0.111528,0.027065,0.000000,0.005891,0.855516,0.000000],[0.906962,0.030716,0.000000,0.005950,0.056372,0.000000],[0.904239,0.029225,0.000000,0.005552,0.060984,0.000000],[0.905041,0.028171,0.000000,0.005478,0.061310,0.000000],[0.904417,0.029201,0.000000,0.005544,0.060838,0.000000],[0.109754,0.027772,0.000000,0.005832,0.856642,0.000000],[0.931732,0.017912,0.000000,0.002646,0.047710,0.000000],[0.914721,0.027538,0.000000,0.005384,0.052356,0.000000],[0.905165,0.028133,0.000000,0.005472,0.061229,0.000000],[0.135223,0.028508,0.000000,0.005975,0.830294,0.000000],[0.902853,0.027571,0.000000,0.005674,0.063901,0.000000],[0.908868,0.028316,0.000000,0.005914,0.056903,0.000000],[0.914720,0.027553,0.000000,0.005388,0.052340,0.000000],[0.914068,0.028512,0.000000,0.005413,0.052007,0.000000],[0.914699,0.027547,0.000000,0.005390,0.052365,0.000000],[0.914686,0.027550,0.000000,0.005389,0.052375,0.000000],[0.905627,0.027352,0.000000,0.005435,0.061586,0.000000],[0.605543,0.055360,0.000000,0.013537,0.325559,0.000000],[0.901780,0.028563,0.000000,0.005739,0.063919,0.000000],[0.900839,0.029767,0.000000,0.005794,0.063600,0.000000],[0.133847,0.029009,0.000000,0.006126,0.831018,0.000000],[0.892968,0.032223,0.000000,0.006322,0.068487,0.000000],[0.898609,0.028035,0.000000,0.005948,0.067409,0.000000],[0.901917,0.026197,0.000000,0.005542,0.066343,0.000000],[0.898620,0.028034,0.000000,0.005948,0.067398,0.000000],[0.604368,0.056254,0.000000,0.013899,0.325478,0.000000],[0.903401,0.030185,0.000000,0.005629,0.060785,0.000000],[0.109150,0.029211,0.000000,0.005984,0.855656,0.000000],[0.092675,0.020638,0.000000,0.002904,0.883783,0.000000],[0.092902,0.019495,0.000000,0.002852,0.884751,0.000000],[0.932504,0.017828,0.000000,0.002625,0.047043,0.000000],[0.946961,0.007302,0.007376,0.001727,0.036634,0.000000],[1.000000,0.000000,0.000000,0.000000,0.000000,0.000000]],
  [[1.000000,0.000000,0.000000,0.000000,0.000000,0.000000],[0.072371,0.007206,0.007002,0.001688,0.911732,0.000000],[0.943467,0.009200,0.008591,0.001882,0.036860,0.000000],[0.935540,0.013854,0.005412,0.002275,0.042919,0.000000],[0.914531,0.027587,0.000000,0.005403,0.052480,0.000000],[0.136474,0.027548,0.000000,0.005967,0.830011,0.000000],[0.901617,0.028586,0.000000,0.005749,0.064048,0.000000],[0.902447,0.027623,0.000000,0.005690,0.064240,0.000000],[0.901028,0.030941,0.000000,0.006480,0.061552,0.000000],[0.117679,0.029126,0.000000,0.006423,0.846772,0.000000],[0.117476,0.029101,0.000000,0.006416,0.847007,0.000000],[0.914667,0.027552,0.000000,0.005387,0.052394,0.000000],[0.915191,0.026680,0.000000,0.005322,0.052807,0.000000],[0.931600,0.017559,0.000000,0.002638,0.048203,0.000000],[0.914700,0.027538,0.000000,0.005387,0.052375,0.000000],[0.132437,0.028816,0.000000,0.005887,0.832860,0.000000],[0.603848,0.057249,0.000000,0.013963,0.324940,0.000000],[0.902803,0.027582,0.000000,0.005676,0.063939,0.000000],[0.904111,0.026484,0.000000,0.005492,0.063913,0.000000],[0.905587,0.027363,0.000000,0.005439,0.061610,0.000000],[0.131876,0.028806,0.000000,0.005883,0.833435,0.000000],[0.110231,0.027821,0.000000,0.005853,0.856095,0.000000],[0.914658,0.027571,0.000000,0.005393,0.052379,0.000000],[0.906063,0.026671,0.000000,0.005267,0.061999,0.000000],[0.905991,0.026679,0.000000,0.005269,0.062061,0.000000],[0.902632,0.027587,0.000000,0.005679,0.064102,0.000000],[0.137370,0.028883,0.000000,0.006114,0.827633,0.000000],[0.602793,0.057977,0.000000,0.014265,0.324965,0.000000],[0.896808,0.030323,0.000000,0.006041,0.066828,0.000000],[0.897649,0.029173,0.000000,0.005991,0.067187,0.000000],[0.897760,0.029165,0.000000,0.005988,0.067088,0.000000],[0.896404,0.030133,0.000000,0.006030,0.067434,0.000000],[0.901657,0.028588,0.000000,0.005748,0.064006,0.000000],[0.904267,0.029226,0.000000,0.005553,0.060954,0.000000],[0.108829,0.028321,0.000000,0.005820,0.857029,0.000000],[0.930898,0.019662,0.000000,0.002671,0.046769,0.000000],[0.081684,0.014032,0.000000,0.002198,0.902086,0.000000],[0.082428,0.013411,0.000000,0.002178,0.901983,0.000000],[0.947012,0.007290,0.007374,0.001726,0.036597,0.000000],[1.000000,0.000000,0.000000,0.000000,0.000000,0.000000]],
  [[1.000000,0.000000,0.000000,0.000000,0.000000,0.000000],[0.074148,0.008163,0.008561,0.001880,0.907247,0.000000],[0.093422,0.018277,0.000000,0.002793,0.885508,0.000000],[0.931778,0.017922,0.000000,0.002652,0.047648,0.000000],[0.913814,0.028548,0.000000,0.005428,0.052210,0.000000],[0.904034,0.029240,0.000000,0.005566,0.061160,0.000000],[0.602778,0.057963,0.000000,0.014267,0.324992,0.000000],[0.896975,0.031781,0.000000,0.006035,0.065209,0.000000],[0.900571,0.029784,0.000000,0.005802,0.063842,0.000000],[0.904169,0.029221,0.000000,0.005554,0.061056,0.000000],[0.913869,0.028521,0.000000,0.005417,0.052193,0.000000],[0.932352,0.016633,0.000000,0.002592,0.048422,0.000000],[0.933286,0.015592,0.000000,0.002520,0.048601,0.000000],[0.932339,0.016632,0.000000,0.002593,0.048436,0.000000],[0.109924,0.027770,0.000000,0.005838,0.856469,0.000000],[0.903671,0.030155,0.000000,0.005614,0.060560,0.000000],[0.904357,0.029204,0.000000,0.005548,0.060891,0.000000],[0.902788,0.027593,0.000000,0.005677,0.063943,0.000000],[0.904130,0.026484,0.000000,0.005492,0.063895,0.000000],[0.605587,0.055384,0.000000,0.013549,0.325480,0.000000],[0.903621,0.030165,0.000000,0.005617,0.060597,0.000000],[0.109045,0.029195,0.000000,0.005977,0.855783,0.000000],[0.913430,0.030002,0.000000,0.005516,0.051053,0.000000],[0.914642,0.027579,0.000000,0.005393,0.052387,0.000000],[0.915052,0.026727,0.000000,0.005333,0.052889,0.000000],[0.908675,0.028321,0.000000,0.005922,0.057083,0.000000],[0.897908,0.029142,0.000000,0.005982,0.066968,0.000000],[0.900462,0.029792,0.000000,0.005806,0.063940,0.000000],[0.136480,0.029424,0.000000,0.006282,0.827815,0.000000],[0.138428,0.029763,0.000000,0.006282,0.825527,0.000000],[0.606536,0.052369,0.000000,0.013395,0.327699,0.000000],[0.137222,0.028895,0.000000,0.006115,0.827768,0.000000],[0.907065,0.030696,0.000000,0.005948,0.056292,0.000000],[0.109845,0.027776,0.000000,0.005836,0.856544,0.000000],[0.914739,0.027539,0.000000,0.005386,0.052336,0.000000],[0.931804,0.017538,0.000000,0.002632,0.048025,0.000000],[0.943025,0.013345,0.000000,0.002036,0.041595,0.000000],[0.951931,0.009890,0.000000,0.001598,0.036581,0.000000],[0.953720,0.005824,0.005819,0.001434,0.033202,0.000000],[1.000000,0.000000,0.000000,0.000000,0.000000,0.000000]],
  [[1.000000,0.000000,0.000000,0.000000,0.000000,0.000000],[0.946072,0.007774,0.007848,0.001737,0.036569,0.000000],[0.932318,0.017859,0.000000,0.002635,0.047189,0.000000],[0.109945,0.027797,0.000000,0.005848,0.856410,0.000000],[0.116068,0.029819,0.000000,0.006376,0.847738,0.000000],[0.900451,0.030295,0.000000,0.005885,0.063369,0.000000],[0.136685,0.030467,0.000000,0.006366,0.826482,0.000000],[0.149690,0.032834,0.000000,0.006450,0.811026,0.000000],[0.606621,0.052371,0.000000,0.013396,0.327612,0.000000],[0.137317,0.028886,0.000000,0.006115,0.827682,0.000000],[0.907971,0.029463,0.000000,0.005930,0.056636,0.000000],[0.915178,0.026680,0.000000,0.005322,0.052820,0.000000],[0.917727,0.024586,0.000000,0.005073,0.052614,0.000000],[0.931555,0.017566,0.000000,0.002638,0.048240,0.000000],[0.914031,0.028517,0.000000,0.005413,0.052039,0.000000],[0.108763,0.029175,0.000000,0.005966,0.856096,0.000000],[0.110174,0.027843,0.000000,0.005855,0.856128,0.000000],[0.908028,0.029500,0.000000,0.005933,0.056539,0.000000],[0.902773,0.027584,0.000000,0.005675,0.063968,0.000000],[0.905586,0.027372,0.000000,0.005439,0.061603,0.000000],[0.904351,0.029216,0.000000,0.005550,0.060884,0.000000],[0.109116,0.028379,0.000000,0.005836,0.856669,0.000000],[0.092816,0.020660,0.000000,0.002909,0.883615,0.000000],[0.093405,0.018205,0.000000,0.002782,0.885608,0.000000],[0.931441,0.017595,0.000000,0.002644,0.048320,0.000000],[0.914876,0.026734,0.000000,0.005338,0.053052,0.000000],[0.906766,0.030713,0.000000,0.005957,0.056564,0.000000],[0.134524,0.029060,0.000000,0.006142,0.830275,0.000000],[0.898401,0.030507,0.000000,0.005992,0.065100,0.000000],[0.149965,0.032850,0.000000,0.006451,0.810733,0.000000],[0.900443,0.030280,0.000000,0.005880,0.063397,0.000000],[0.904196,0.029220,0.000000,0.005554,0.061030,0.000000],[0.109994,0.027777,0.000000,0.005840,0.856389,0.000000],[0.931635,0.017558,0.000000,0.002638,0.048170,0.000000],[0.932444,0.016613,0.000000,0.002590,0.048353,0.000000],[0.932568,0.016600,0.000000,0.002585,0.048247,0.000000],[0.943044,0.013340,0.000000,0.002034,0.041583,0.000000],[0.951940,0.009888,0.000000,0.001596,0.036576,0.000000],[0.958340,0.004886,0.004880,0.001237,0.030657,0.000000],[1.000000,0.000000,0.000000,0.000000,0.000000,0.000000]],
  [[1.000000,0.000000,0.000000,0.000000,0.000000,0.000000],[0.946090,0.007773,0.007843,0.001736,0.036558,0.000000],[0.932074,0.018475,0.000000,0.002656,0.046795,0.000000],[0.913169,0.029498,0.000000,0.005439,0.051894,0.000000],[0.900508,0.030311,0.000000,0.005882,0.063299,0.000000],[0.134354,0.029074,0.000000,0.006149,0.830423,0.000000],[0.140561,0.030784,0.000000,0.006606,0.822049,0.000000],[0.140097,0.029995,0.000000,0.006492,0.823417,0.000000],[0.890812,0.032026,0.000000,0.006290,0.070873,0.000000],[0.893283,0.032206,0.000000,0.006315,0.068196,0.000000],[0.139064,0.029100,0.000000,0.006232,0.825604,0.000000],[0.905541,0.027357,0.000000,0.005437,0.061664,0.000000],[0.917644,0.024611,0.000000,0.005079,0.052666,0.000000],[0.931462,0.017584,0.000000,0.002642,0.048311,0.000000],[0.094272,0.017661,0.000000,0.002784,0.885284,0.000000],[0.930284,0.020826,0.000000,0.002667,0.046223,0.000000],[0.093441,0.018191,0.000000,0.002782,0.885586,0.000000],[0.913972,0.028536,0.000000,0.005417,0.052074,0.000000],[0.915181,0.026700,0.000000,0.005327,0.052792,0.000000],[0.112808,0.026009,0.000000,0.005867,0.855316,0.000000],[0.914636,0.027571,0.000000,0.005395,0.052398,0.000000],[0.913480,0.029453,0.000000,0.005423,0.051645,0.000000],[0.091562,0.021467,0.000000,0.002898,0.884073,0.000000],[0.092779,0.020656,0.000000,0.002909,0.883656,0.000000],[0.931246,0.018574,0.000000,0.002678,0.047502,0.000000],[0.914481,0.027593,0.000000,0.005402,0.052524,0.000000],[0.114055,0.030050,0.000000,0.006283,0.849612,0.000000],[0.136265,0.029484,0.000000,0.006158,0.828093,0.000000],[0.604893,0.055681,0.000000,0.013902,0.325525,0.000000],[0.897089,0.030305,0.000000,0.006035,0.066571,0.000000],[0.116194,0.029793,0.000000,0.006371,0.847643,0.000000],[0.913841,0.028547,0.000000,0.005421,0.052191,0.000000],[0.913956,0.028531,0.000000,0.005415,0.052097,0.000000],[0.931754,0.017906,0.000000,0.002646,0.047694,0.000000],[0.943709,0.012524,0.000000,0.001975,0.041792,0.000000],[0.943838,0.012508,0.000000,0.001971,0.041683,0.000000],[0.083094,0.012824,0.000000,0.002136,0.901945,0.000000],[0.073865,0.009475,0.000000,0.001653,0.915008,0.000000],[0.958364,0.004888,0.004875,0.001236,0.030638,0.000000],[1.000000,0.000000,0.000000,0.000000,0.000000,0.000000]],
  [[1.000000,0.000000,0.000000,0.000000,0.000000,0.000000],[0.074231,0.008163,0.008557,0.001882,0.907168,0.000000],[0.093397,0.019603,0.000000,0.002872,0.884128,0.000000],[0.109082,0.028370,0.000000,0.005837,0.856711,0.000000],[0.904129,0.029240,0.000000,0.005563,0.061068,0.000000],[0.602029,0.059467,0.000000,0.014410,0.324094,0.000000],[0.897831,0.030473,0.000000,0.006037,0.065659,0.000000],[0.897033,0.030298,0.000000,0.006031,0.066638,0.000000],[0.898985,0.027995,0.000000,0.005933,0.067086,0.000000],[0.893269,0.032185,0.000000,0.006306,0.068240,0.000000],[0.606303,0.052753,0.000000,0.013470,0.327474,0.000000],[0.904893,0.028163,0.000000,0.005480,0.061464,0.000000],[0.908359,0.028332,0.000000,0.005926,0.057383,0.000000],[0.913413,0.028576,0.000000,0.005434,0.052577,0.000000],[0.109241,0.028328,0.000000,0.005832,0.856598,0.000000],[0.912990,0.030018,0.000000,0.005526,0.051466,0.000000],[0.110147,0.027804,0.000000,0.005849,0.856200,0.000000],[0.931510,0.017579,0.000000,0.002641,0.048270,0.000000],[0.931597,0.017562,0.000000,0.002638,0.048203,0.000000],[0.931692,0.017912,0.000000,0.002648,0.047748,0.000000],[0.931649,0.017921,0.000000,0.002651,0.047779,0.000000],[0.931599,0.017938,0.000000,0.002654,0.047809,0.000000],[0.109013,0.029189,0.000000,0.005978,0.855820,0.000000],[0.108913,0.030910,0.000000,0.006100,0.854077,0.000000],[0.913216,0.029994,0.000000,0.005525,0.051265,0.000000],[0.116048,0.029811,0.000000,0.006370,0.847772,0.000000],[0.896857,0.030327,0.000000,0.006036,0.066781,0.000000],[0.897077,0.031781,0.000000,0.006028,0.065114,0.000000],[0.897064,0.031771,0.000000,0.006029,0.065137,0.000000],[0.137403,0.028868,0.000000,0.006107,0.827621,0.000000],[0.914325,0.027581,0.000000,0.005401,0.052693,0.000000],[0.931622,0.017929,0.000000,0.002650,0.047798,0.000000],[0.093218,0.018177,0.000000,0.002776,0.885829,0.000000],[0.093156,0.018169,0.000000,0.002775,0.885900,0.000000],[0.942859,0.013897,0.000000,0.002027,0.041218,0.000000],[0.942959,0.013887,0.000000,0.002023,0.041131,0.000000],[0.943502,0.014811,0.000000,0.001972,0.039714,0.000000],[0.952233,0.010721,0.000000,0.001547,0.035499,0.000000],[0.958386,0.005097,0.005065,0.001227,0.030225,0.000000],[1.000000,0.000000,0.000000,0.000000,0.000000,0.000000]],
  [[1.000000,0.000000,0.000000,0.000000,0.000000,0.000000],[0.944521,0.008677,0.008830,0.001791,0.036182,0.000000],[0.092801,0.020712,0.000000,0.002914,0.883572,0.000000],[0.108885,0.029188,0.000000,0.005976,0.855951,0.000000],[0.903308,0.030214,0.000000,0.005632,0.060846,0.000000],[0.904178,0.029228,0.000000,0.005557,0.061037,0.000000],[0.135883,0.026821,0.000000,0.006064,0.831232,0.000000],[0.902864,0.027072,0.000000,0.005445,0.064619,0.000000],[0.612501,0.046669,0.000000,0.012290,0.328541,0.000000],[0.897741,0.030912,0.000000,0.005955,0.065392,0.000000],[0.139557,0.028042,0.000000,0.006166,0.826235,0.000000],[0.901482,0.028582,0.000000,0.005749,0.064187,0.000000],[0.900316,0.031925,0.000000,0.006446,0.061314,0.000000],[0.135689,0.029084,0.000000,0.006155,0.829072,0.000000],[0.900466,0.030915,0.000000,0.005929,0.062690,0.000000],[0.132977,0.029390,0.000000,0.005921,0.831713,0.000000],[0.906830,0.030695,0.000000,0.005953,0.056522,0.000000],[0.915101,0.026712,0.000000,0.005330,0.052856,0.000000],[0.915253,0.026688,0.000000,0.005322,0.052736,0.000000],[0.109704,0.027758,0.000000,0.005830,0.856709,0.000000],[0.109725,0.027760,0.000000,0.005834,0.856681,0.000000],[0.931586,0.017931,0.000000,0.002653,0.047830,0.000000],[0.913793,0.028541,0.000000,0.005428,0.052237,0.000000],[0.131663,0.029360,0.000000,0.005912,0.833065,0.000000],[0.131594,0.029350,0.000000,0.005908,0.833148,0.000000],[0.901787,0.028587,0.000000,0.005748,0.063878,0.000000],[0.897853,0.029152,0.000000,0.005980,0.067015,0.000000],[0.607395,0.053088,0.000000,0.013381,0.326136,0.000000],[0.901714,0.028556,0.000000,0.005740,0.063989,0.000000],[0.908733,0.028306,0.000000,0.005916,0.057046,0.000000],[0.914925,0.026701,0.000000,0.005331,0.053043,0.000000],[0.931575,0.017573,0.000000,0.002639,0.048214,0.000000],[0.092990,0.019499,0.000000,0.002853,0.884658,0.000000],[0.092595,0.020630,0.000000,0.002902,0.883873,0.000000],[0.930495,0.020804,0.000000,0.002661,0.046041,0.000000],[0.093210,0.018180,0.000000,0.002778,0.885833,0.000000],[0.081641,0.014030,0.000000,0.002197,0.902131,0.000000],[0.073200,0.010117,0.000000,0.001673,0.915010,0.000000],[0.958397,0.005108,0.005058,0.001227,0.030210,0.000000],[1.000000,0.000000,0.000000,0.000000,0.000000,0.000000]],
  [[1.000000,0.000000,0.000000,0.000000,0.000000,0.000000],[0.081873,0.009915,0.010599,0.002406,0.895207,0.000000],[0.932024,0.018488,0.000000,0.002658,0.046829,0.000000],[0.906632,0.030779,0.000000,0.005973,0.056616,0.000000],[0.116028,0.029836,0.000000,0.006375,0.847762,0.000000],[0.114229,0.030090,0.000000,0.006293,0.849388,0.000000],[0.903138,0.029775,0.000000,0.006396,0.060691,0.000000],[0.000000,0.000000,0.000000,0.000000,0.000000,1.000000],[0.902386,0.026279,0.000000,0.005411,0.065924,0.000000],[0.898562,0.029077,0.000000,0.005954,0.066406,0.000000],[0.893894,0.032759,0.000000,0.007053,0.066294,0.000000],[0.897950,0.029147,0.000000,0.005983,0.066920,0.000000],[0.137063,0.029422,0.000000,0.006285,0.827230,0.000000],[0.153020,0.036684,0.000000,0.006842,0.803455,0.000000],[0.598723,0.066841,0.000000,0.014177,0.320259,0.000000],[0.134864,0.028914,0.000000,0.005926,0.830295,0.000000],[0.907650,0.029496,0.000000,0.005942,0.056911,0.000000],[0.905993,0.026676,0.000000,0.005268,0.062063,0.000000],[0.905691,0.027353,0.000000,0.005432,0.061524,0.000000],[0.904530,0.029187,0.000000,0.005538,0.060745,0.000000],[0.109774,0.027769,0.000000,0.005834,0.856622,0.000000],[0.931594,0.017928,0.000000,0.002652,0.047826,0.000000],[0.913817,0.028524,0.000000,0.005425,0.052233,0.000000],[0.903557,0.030152,0.000000,0.005622,0.060669,0.000000],[0.601904,0.059435,0.000000,0.014396,0.324265,0.000000],[0.902661,0.027603,0.000000,0.005685,0.064051,0.000000],[0.902564,0.027599,0.000000,0.005682,0.064155,0.000000],[0.134688,0.028511,0.000000,0.005972,0.830829,0.000000],[0.905053,0.028154,0.000000,0.005474,0.061320,0.000000],[0.915202,0.026700,0.000000,0.005323,0.052774,0.000000],[0.917779,0.024607,0.000000,0.005076,0.052537,0.000000],[0.915283,0.026698,0.000000,0.005322,0.052696,0.000000],[0.914160,0.028529,0.000000,0.005412,0.051899,0.000000],[0.108985,0.028358,0.000000,0.005828,0.856829,0.000000],[0.108464,0.030905,0.000000,0.006085,0.854545,0.000000],[0.093136,0.019532,0.000000,0.002859,0.884473,0.000000],[0.943424,0.014813,0.000000,0.001977,0.039787,0.000000],[0.952197,0.010740,0.000000,0.001548,0.035515,0.000000],[0.060554,0.005197,0.005237,0.001297,0.927715,0.000000],[1.000000,0.000000,0.000000,0.000000,0.000000,0.000000]],
  [[1.000000,0.000000,0.000000,0.000000,0.000000,0.000000],[0.097285,0.015660,0.014757,0.005652,0.866646,0.000000],[0.914410,0.028470,0.000000,0.005399,0.051721,0.000000],[0.907261,0.029581,0.000000,0.005969,0.057189,0.000000],[0.901339,0.028625,0.000000,0.005759,0.064277,0.000000],[0.900518,0.030286,0.000000,0.005876,0.063321,0.000000],[0.134330,0.026864,0.000000,0.006031,0.832775,0.000000],[0.906059,0.027627,0.000000,0.005977,0.060337,0.000000],[0.134509,0.024096,0.000000,0.005740,0.835656,0.000000],[0.903467,0.027016,0.000000,0.005422,0.064094,0.000000],[0.902397,0.026141,0.000000,0.005521,0.065941,0.000000],[0.902482,0.027614,0.000000,0.005688,0.064216,0.000000],[0.601498,0.060385,0.000000,0.014486,0.323632,0.000000],[0.150408,0.039619,0.000000,0.007016,0.802957,0.000000],[0.134023,0.031759,0.000000,0.006227,0.827991,0.000000],[0.904004,0.029224,0.000000,0.005562,0.061211,0.000000],[0.908453,0.028327,0.000000,0.005923,0.057297,0.000000],[0.906042,0.026668,0.000000,0.005264,0.062025,0.000000],[0.605653,0.055341,0.000000,0.013528,0.325478,0.000000],[0.905263,0.028133,0.000000,0.005467,0.061137,0.000000],[0.914743,0.027540,0.000000,0.005387,0.052330,0.000000],[0.931542,0.017573,0.000000,0.002641,0.048244,0.000000],[0.109997,0.027780,0.000000,0.005843,0.856381,0.000000],[0.132876,0.028843,0.000000,0.005894,0.832386,0.000000],[0.904940,0.028175,0.000000,0.005483,0.061402,0.000000],[0.904132,0.026488,0.000000,0.005495,0.063885,0.000000],[0.908746,0.028311,0.000000,0.005918,0.057025,0.000000],[0.914695,0.027548,0.000000,0.005388,0.052369,0.000000],[0.115577,0.029716,0.000000,0.006342,0.848365,0.000000],[0.908227,0.029456,0.000000,0.005923,0.056394,0.000000],[0.909058,0.028288,0.000000,0.005909,0.056745,0.000000],[0.904299,0.026467,0.000000,0.005486,0.063748,0.000000],[0.902850,0.027585,0.000000,0.005676,0.063889,0.000000],[0.905142,0.028165,0.000000,0.005477,0.061216,0.000000],[0.913636,0.029985,0.000000,0.005508,0.050871,0.000000],[0.093189,0.018169,0.000000,0.002775,0.885867,0.000000],[0.942842,0.013899,0.000000,0.002029,0.041230,0.000000],[0.951933,0.009905,0.000000,0.001598,0.036565,0.000000],[0.060992,0.004903,0.004900,0.001319,0.927886,0.000000],[1.000000,0.000000,0.000000,0.000000,0.000000,0.000000]],
