[
  [[0.952381,0.009524,0.009524,0.009524,0.009524,0.009524],[0.952381,0.009524,0.009524,0.009524,0.009524,0.009524],[0.952381,0.009524,0.009524,0.009524,0.009524,0.009524],[0.952381,0.009524,0.009524,0.009524,0.009524,0.009524],[0.952381,0.009524,0.009524,0.009524,0.009524,0.009524],[0.952381,0.009524,0.009524,0.009524,0.009524,0.009524],[0.952381,0.009524,0.009524,0.009524,0.009524,0.009524],[0.952381,0.009524,0.009524,0.009524,0.009524,0.009524],[0.952381,0.009524,0.009524,0.009524,0.009524,0.009524],[0.952381,0.009524,0.009524,0.009524,0.009524,0.009524],[0.952381,0.009524,0.009524,0.009524,0.009524,0.009524],[0.952381,0.009524,0.009524,0.009524,0.009524,0.009524],[0.952381,0.009524,0.009524,0.009524,0.009524,0.009524],[0.952381,0.009524,0.009524,0.009524,0.009524,0.009524],[0.952381,0.009524,0.009524,0.009524,0.009524,0.009524],[0.952381,0.009524,0.009524,0.009524,0.009524,0.009524],[0.952381,0.009524,0.009524,0.009524,0.009524,0.009524],[0.952381,0.009524,0.009524,0.009524,0.009524,0.009524],[0.952381,0.009524,0.009524,0.009524,0.009524,0.009524],[0.952381,0.009524,0.009524,0.009524,0.009524,0.009524],[0.952381,0.009524,0.009524,0.009524,0.009524,0.009524],[0.952381,0.009524,0.009524,0.009524,0.009524,0.009524],[0.952381,0.009524,0.009524,0.009524,0.009524,0.009524],[0.952381,0.009524,0.009524,0.009524,0.009524,0.009524],[0.952381,0.009524,0.009524,0.009524,0.009524,0.009524],[0.952381,0.009524,0.009524,0.009524,0.009524,0.009524],[0.952381,0.009524,0.009524,0.009524,0.009524,0.009524],[0.952381,0.009524,0.009524,0.009524,0.009524,0.009524],[0.952381,0.009524,0.009524,0.009524,0.009524,0.009524],[0.952381,0.009524,0.009524,0.009524,0.009524,0.009524],[0.952381,0.009524,0.009524,0.009524,0.009524,0.009524],[0.952381,0.009524,0.009524,0.009524,0.009524,0.009524],[0.952381,0.009524,0.009524,0.009524,0.009524,0.009524],[0.952381,0.009524,0.009524,0.009524,0.009524,0.009524],[0.952381,0.009524,0.009524,0.009524,0.009524,0.009524],[0.952381,0.009524,0.009524,0.009524,0.009524,0.009524],[0.952381,0.009524,0.009524,0.009524,0.009524,0.009524],[0.952381,0.009524,0.009524,0.009524,0.009524,0.009524],[0.952381,0.009524,0.009524,0.009524,0.009524,0.009524],[0.952381,0.009524,0.009524,0.009524,0.009524,0.009524]],
  [[0.952381,0.009524,0.009524,0.009524,0.009524,0.009524],[0.930604,0.010350,0.023793,0.009828,0.015597,0.009828],[0.083126,0.015292,0.039646,0.009855,0.842227,0.009855],[0.907305,0.011657,0.038456,0.009832,0.022917,0.009832],[0.913657,0.014385,0.027802,0.009832,0.024492,0.009832],[0.893610,0.016104,0.038633,0.009833,0.031988,0.009833],[0.869922,0.017291,0.051872,0.009850,0.041216,0.009850],[0.861065,0.020489,0.057053,0.009850,0.041692,0.009850],[0.842845,0.023810,0.067058,0.009875,0.046537,0.009875],[0.871605,0.020121,0.052579,0.009837,0.036020,0.009837],[0.865695,0.018743,0.052960,0.009850,0.042902,0.009850],[0.900383,0.016205,0.038584,0.009829,0.025171,0.009829],[0.913329,0.013413,0.031014,0.009841,0.022563,0.009841],[0.912509,0.012633,0.033688,0.009830,0.021509,0.009830],[0.903075,0.012003,0.040009,0.009820,0.025273,0.009820],[0.080640,0.017588,0.044627,0.009839,0.837465,0.009839],[0.090380,0.015537,0.046566,0.009843,0.827830,0.009843],[0.909286,0.013263,0.033360,0.009830,0.024430,0.009830],[0.952381,0.009524,0.009524,0.009524,0.009524,0.009524],[0.909111,0.013525,0.029385,0.009836,0.028306,0.009836],[0.099042,0.016182,0.054379,0.009866,0.810665,0.009866],[0.861287,0.022484,0.056841,0.009872,0.039644,0.009872],[0.108809,0.023276,0.052617,0.009856,0.795586,0.009856],[0.812449,0.026992,0.084377,0.009871,0.056439,0.009871],[0.813356,0.028813,0.082691,0.009852,0.055437,0.009852],[0.819795,0.027899,0.076636,0.009869,0.055932,0.009869],[0.099857,0.029909,0.060546,0.009857,0.789974,0.009857],[0.825844,0.029595,0.077110,0.009852,0.047748,0.009852],[0.825773,0.025100,0.077296,0.009847,0.052137,0.009847],[0.834496,0.025641,0.068460,0.009855,0.051693,0.009855],[0.854886,0.021562,0.067251,0.009865,0.036570,0.009865],[0.869048,0.023071,0.054333,0.009838,0.033873,0.009838],[0.891065,0.018351,0.049184,0.009862,0.021675,0.009862],[0.899556,0.017941,0.036455,0.009843,0.026362,0.009843],[0.081097,0.015860,0.048062,0.009852,0.835276,0.009852],[0.083650,0.018545,0.042088,0.009839,0.836038,0.009839],[0.908730,0.014933,0.033994,0.009837,0.022670,0.009837],[0.918903,0.010238,0.031350,0.009822,0.019865,0.009822],[0.075989,0.012656,0.034869,0.009837,0.856813,0.009837],[0.952381,0.009524,0.009524,0.009524,0.009524,0.009524]],
  [[0.952381,0.009524,0.009524,0.009524,0.009524,0.009524],[0.913956,0.013473,0.028070,0.009824,0.024852,0.009824],[0.917980,0.027234,0.009738,0.009738,0.025573,0.009738],[0.906012,0.034667,0.009779,0.009779,0.029984,0.009779],[0.105061,0.034593,0.009763,0.009763,0.831057,0.009763],[0.897948,0.035313,0.009753,0.009753,0.037479,0.009753],[0.884288,0.042467,0.009752,0.009752,0.043989,0.009752],[0.872400,0.048511,0.009773,0.009773,0.049769,0.009773],[0.156948,0.053768,0.009800,0.009800,0.759885,0.009800],[0.159595,0.059252,0.009793,0.009793,0.751773,0.009793],[0.888782,0.040124,0.009769,0.009769,0.041786,0.009769],[0.907635,0.033357,0.009759,0.009759,0.029729,0.009759],[0.901191,0.035371,0.009730,0.009730,0.034249,0.009730],[0.087839,0.033837,0.009756,0.009756,0.849055,0.009756],[0.910453,0.031754,0.009753,0.009753,0.028535,0.009753],[0.913432,0.031694,0.009763,0.009763,0.025584,0.009763],[0.915381,0.030100,0.009738,0.009738,0.025306,0.009738],[0.896693,0.015230,0.047112,0.009833,0.021299,0.009833],[0.952381,0.009524,0.009524,0.009524,0.009524,0.009524],[0.842303,0.024574,0.060268,0.009870,0.053114,0.009870],[0.878369,0.040083,0.009776,0.009776,0.052219,0.009776],[0.845233,0.056209,0.009796,0.009796,0.069171,0.009796],[0.828897,0.069719,0.009775,0.009775,0.072060,0.009775],[0.841646,0.065828,0.009793,0.009793,0.063146,0.009793],[0.613088,0.089176,0.009804,0.013632,0.264496,0.009804],[0.161486,0.069274,0.009804,0.009996,0.739636,0.009804],[0.143093,0.068075,0.009780,0.009780,0.759492,0.009780],[0.824844,0.076317,0.009786,0.009786,0.069482,0.009786],[0.801210,0.078118,0.009786,0.009786,0.091313,0.009786],[0.184058,0.065719,0.009770,0.009770,0.720913,0.009770],[0.835328,0.058004,0.009770,0.009770,0.077357,0.009770],[0.872210,0.046287,0.009779,0.009779,0.052164,0.009779],[0.098777,0.043032,0.009746,0.009746,0.828954,0.009746],[0.102456,0.041929,0.009792,0.009792,0.826238,0.009792],[0.896862,0.040940,0.009752,0.009752,0.032942,0.009752],[0.098635,0.041588,0.009757,0.009757,0.830506,0.009757],[0.912933,0.031834,0.009746,0.009746,0.025994,0.009746],[0.922018,0.024905,0.009731,0.009731,0.023883,0.009731],[0.092875,0.016002,0.045535,0.009824,0.825941,0.009824],[0.952381,0.009524,0.009524,0.009524,0.009524,0.009524]],
  [[0.952381,0.009524,0.009524,0.009524,0.009524,0.009524],[0.872849,0.017366,0.045571,0.009843,0.044527,0.009843],[0.892183,0.036270,0.009762,0.009762,0.042260,0.009762],[0.877804,0.040266,0.009765,0.009765,0.052635,0.009765],[0.872786,0.047879,0.009760,0.009760,0.050056,0.009760],[0.879651,0.045944,0.009766,0.009766,0.045107,0.009766],[0.121684,0.043227,0.009757,0.009757,0.805817,0.009757],[0.854852,0.062395,0.009773,0.009773,0.053433,0.009773],[0.592535,0.079728,0.009804,0.011513,0.296616,0.009804],[0.845265,0.060007,0.009787,0.009787,0.065367,0.009787],[0.871692,0.047281,0.009773,0.009773,0.051708,0.009773],[0.121607,0.040984,0.009783,0.009783,0.808061,0.009783],[0.891865,0.042165,0.009754,0.009754,0.036708,0.009754],[0.893055,0.047736,0.009755,0.009755,0.029944,0.009755],[0.896917,0.038959,0.009758,0.009758,0.034850,0.009758],[0.894570,0.037746,0.009767,0.009767,0.038385,0.009767],[0.889001,0.037043,0.009782,0.009782,0.044610,0.009782],[0.839112,0.023107,0.066921,0.009846,0.051167,0.009846],[0.952381,0.009524,0.009524,0.009524,0.009524,0.009524],[0.810716,0.028938,0.081320,0.009869,0.059287,0.009869],[0.837185,0.065574,0.009776,0.009776,0.067912,0.009776],[0.158238,0.072696,0.009802,0.009802,0.739661,0.009802],[0.798975,0.083779,0.009782,0.009782,0.087898,0.009782],[0.210011,0.083058,0.009804,0.010847,0.676476,0.009804],[0.798413,0.087177,0.009804,0.012086,0.082716,0.009804],[0.788585,0.093798,0.009804,0.011502,0.086506,0.009804],[0.789871,0.086509,0.009801,0.009801,0.094217,0.009801],[0.230880,0.083285,0.009804,0.012445,0.653782,0.009804],[0.542768,0.126958,0.009804,0.013227,0.297439,0.009804],[0.196160,0.088010,0.009804,0.015621,0.680601,0.009804],[0.801020,0.075944,0.009804,0.009972,0.093456,0.009804],[0.832704,0.064857,0.009793,0.009793,0.073060,0.009793],[0.854804,0.059272,0.009796,0.009796,0.056536,0.009796],[0.112464,0.044822,0.009800,0.009800,0.813314,0.009800],[0.883049,0.047610,0.009766,0.009766,0.040042,0.009766],[0.087961,0.037914,0.009773,0.009773,0.844807,0.009773],[0.900228,0.039159,0.009765,0.009765,0.031319,0.009765],[0.091010,0.035421,0.009749,0.009749,0.844321,0.009749],[0.909012,0.014176,0.038369,0.009835,0.018773,0.009835],[0.952381,0.009524,0.009524,0.009524,0.009524,0.009524]],
  [[0.952381,0.009524,0.009524,0.009524,0.009524,0.009524],[0.142330,0.024975,0.069375,0.009849,0.743622,0.009849],[0.861026,0.047207,0.009751,0.009751,0.062515,0.009751],[0.862651,0.049445,0.009782,0.009782,0.058558,0.009782],[0.115700,0.045083,0.009781,0.009781,0.809874,0.009781],[0.882841,0.050679,0.009764,0.009764,0.037186,0.009764],[0.118757,0.052181,0.009792,0.009792,0.799685,0.009792],[0.148841,0.061631,0.009799,0.009799,0.760131,0.009799],[0.848973,0.063550,0.009781,0.009781,0.058135,0.009781],[0.840215,0.063668,0.009764,0.009764,0.066825,0.009764],[0.845442,0.050970,0.009774,0.009774,0.074266,0.009774],[0.877361,0.047339,0.009780,0.009780,0.045961,0.009780],[0.094938,0.043192,0.009760,0.009760,0.832591,0.009760],[0.091302,0.043184,0.009788,0.009788,0.836151,0.009788],[0.093757,0.040718,0.009762,0.009762,0.836240,0.009762],[0.880762,0.043397,0.009781,0.009781,0.046498,0.009781],[0.881501,0.044750,0.009768,0.009768,0.044446,0.009768],[0.798912,0.032393,0.081748,0.009868,0.067212,0.009868],[0.952381,0.009524,0.009524,0.009524,0.009524,0.009524],[0.170401,0.036994,0.105027,0.009894,0.667790,0.009894],[0.500741,0.040882,0.203938,0.009889,0.234661,0.009889],[0.806756,0.078727,0.009791,0.009791,0.085143,0.009791],[0.160165,0.072684,0.009802,0.009802,0.737746,0.009802],[0.560804,0.104748,0.009804,0.015876,0.298965,0.009804],[0.781904,0.091045,0.009804,0.015657,0.091785,0.009804],[0.784098,0.088735,0.009804,0.011361,0.096198,0.009804],[0.561353,0.119058,0.009804,0.013834,0.286148,0.009804],[0.211003,0.091246,0.009804,0.011884,0.666258,0.009804],[0.766140,0.100061,0.009804,0.010355,0.103836,0.009804],[0.222336,0.091428,0.009804,0.014073,0.652556,0.009804],[0.589633,0.113138,0.009804,0.013338,0.264283,0.009804],[0.800795,0.075626,0.009788,0.009788,0.094214,0.009788],[0.824667,0.064328,0.009779,0.009779,0.081669,0.009779],[0.859497,0.051424,0.009801,0.009801,0.059676,0.009801],[0.883425,0.047831,0.009804,0.010811,0.038324,0.009804],[0.102334,0.044244,0.009757,0.009757,0.824149,0.009757],[0.898468,0.040314,0.009763,0.009763,0.031929,0.009763],[0.915298,0.028763,0.009742,0.009742,0.026713,0.009742],[0.915288,0.013132,0.033733,0.009830,0.018188,0.009830],[0.952381,0.009524,0.009524,0.009524,0.009524,0.009524]],
  [[0.952381,0.009524,0.009524,0.009524,0.009524,0.009524],[0.846810,0.022181,0.072257,0.009848,0.039054,0.009848],[0.608411,0.086584,0.009804,0.011175,0.274223,0.009804],[0.164558,0.060391,0.009779,0.009779,0.745715,0.009779],[0.860368,0.053237,0.009783,0.009783,0.057046,0.009783],[0.868986,0.055693,0.009779,0.009779,0.045983,0.009779],[0.856413,0.053539,0.009804,0.009823,0.060617,0.009804],[0.838011,0.061730,0.009799,0.009799,0.070860,0.009799],[0.123692,0.054161,0.009793,0.009793,0.792770,0.009793],[0.123439,0.055476,0.009790,0.009790,0.791713,0.009790],[0.101471,0.052770,0.009780,0.009780,0.816419,0.009780],[0.850799,0.059022,0.009789,0.009789,0.060812,0.009789],[0.093794,0.051151,0.009754,0.009754,0.825794,0.009754],[0.077535,0.054193,0.009766,0.009766,0.838974,0.009766],[0.099703,0.045391,0.009760,0.009760,0.825627,0.009760],[0.871070,0.052457,0.009776,0.009776,0.047145,0.009776],[0.113612,0.047042,0.009770,0.009770,0.810038,0.009770],[0.148419,0.033474,0.094982,0.009860,0.703405,0.009860],[0.477651,0.042791,0.208249,0.011509,0.249900,0.009901],[0.952381,0.009524,0.009524,0.009524,0.009524,0.009524],[0.782443,0.039754,0.094332,0.009881,0.063710,0.009881],[0.768125,0.038554,0.111439,0.009879,0.062124,0.009879],[0.168222,0.069007,0.009780,0.009780,0.733430,0.009780],[0.816250,0.077067,0.009804,0.011255,0.075820,0.009804],[0.791193,0.079776,0.009802,0.009802,0.099625,0.009802],[0.785938,0.087146,0.009804,0.014188,0.093120,0.009804],[0.751852,0.098484,0.009804,0.012741,0.117316,0.009804],[0.764481,0.095960,0.009804,0.014257,0.105694,0.009804],[0.753997,0.102504,0.009804,0.012321,0.111570,0.009804],[0.774969,0.101910,0.009804,0.010935,0.092577,0.009804],[0.756406,0.104521,0.009804,0.013472,0.105993,0.009804],[0.213755,0.080818,0.009785,0.009785,0.676072,0.009785],[0.822995,0.069249,0.009804,0.010030,0.078118,0.009804],[0.835212,0.059910,0.009799,0.009799,0.075481,0.009799],[0.871799,0.049473,0.009776,0.009776,0.049402,0.009776],[0.887216,0.045833,0.009759,0.009759,0.037673,0.009759],[0.107670,0.033407,0.009765,0.009765,0.829628,0.009765],[0.915320,0.028249,0.009746,0.009746,0.027192,0.009746],[0.912660,0.014402,0.033080,0.009832,0.020194,0.009832],[0.952381,0.009524,0.009524,0.009524,0.009524,0.009524]],
  [[0.952381,0.009524,0.009524,0.009524,0.009524,0.009524],[0.841250,0.020283,0.070531,0.009844,0.048248,0.009844],[0.165054,0.059907,0.009781,0.009781,0.745695,0.009781],[0.845932,0.062856,0.009778,0.009778,0.061877,0.009778],[0.124549,0.050096,0.009758,0.009758,0.796081,0.009758],[0.880046,0.045466,0.009777,0.009777,0.045157,0.009777],[0.879812,0.045957,0.009793,0.009793,0.044853,0.009793],[0.856010,0.056724,0.009768,0.009768,0.057963,0.009768],[0.848369,0.059045,0.009768,0.009768,0.063281,0.009768],[0.840747,0.062788,0.009762,0.009762,0.067179,0.009762],[0.157280,0.056260,0.009798,0.009798,0.757067,0.009798],[0.844554,0.063215,0.009769,0.009769,0.062924,0.009769],[0.112329,0.050081,0.009780,0.009780,0.808251,0.009780],[0.873140,0.053780,0.009792,0.009792,0.043703,0.009792],[0.881881,0.048132,0.009771,0.009771,0.040674,0.009771],[0.866753,0.049282,0.009771,0.009771,0.054651,0.009771],[0.116636,0.048835,0.009772,0.009772,0.805212,0.009772],[0.159200,0.069868,0.009786,0.009786,0.741575,0.009786],[0.777310,0.036360,0.103376,0.009878,0.063197,0.009878],[0.775379,0.034665,0.104843,0.010340,0.064871,0.009901],[0.952381,0.009524,0.009524,0.009524,0.009524,0.009524],[0.795867,0.031865,0.091295,0.009884,0.061205,0.009884],[0.782092,0.036234,0.094834,0.010829,0.066110,0.009901],[0.834306,0.064936,0.009804,0.010640,0.070510,0.009804],[0.813811,0.065230,0.009788,0.009788,0.091594,0.009788],[0.795291,0.082962,0.009804,0.009901,0.092238,0.009804],[0.775856,0.089587,0.009804,0.014549,0.100401,0.009804],[0.186619,0.072591,0.009804,0.010063,0.711120,0.009804],[0.781547,0.097138,0.009801,0.009801,0.091913,0.009801],[0.154875,0.079736,0.009804,0.012133,0.733648,0.009804],[0.176133,0.080043,0.009801,0.009801,0.714423,0.009801],[0.576071,0.100608,0.009804,0.012684,0.291029,0.009804],[0.813223,0.081245,0.009782,0.009782,0.076186,0.009782],[0.840981,0.065541,0.009786,0.009786,0.064120,0.009786],[0.113498,0.048658,0.009770,0.009770,0.808535,0.009770],[0.884969,0.046836,0.009766,0.009766,0.038896,0.009766],[0.090535,0.042821,0.009753,0.009753,0.837386,0.009753],[0.915853,0.029025,0.009759,0.009759,0.025846,0.009759],[0.918804,0.010719,0.030967,0.009818,0.019874,0.009818],[0.952381,0.009524,0.009524,0.009524,0.009524,0.009524]],
  [[0.952381,0.009524,0.009524,0.009524,0.009524,0.009524],[0.859245,0.021704,0.061474,0.009848,0.037880,0.009848],[0.869285,0.050030,0.009758,0.009758,0.051412,0.009758],[0.852754,0.057834,0.009754,0.009754,0.060150,0.009754],[0.115867,0.050570,0.009794,0.009794,0.804181,0.009794],[0.874797,0.049781,0.009764,0.009764,0.046129,0.009764],[0.874945,0.048556,0.009778,0.009778,0.047166,0.009778],[0.865279,0.049763,0.009796,0.009796,0.055569,0.009796],[0.854107,0.055740,0.009788,0.009788,0.060788,0.009788],[0.628196,0.079050,0.009804,0.010949,0.262198,0.009804],[0.848291,0.058283,0.009794,0.009794,0.064045,0.009794],[0.838350,0.058186,0.009773,0.009773,0.074146,0.009773],[0.850152,0.055888,0.009786,0.009786,0.064601,0.009786],[0.862930,0.053766,0.009788,0.009788,0.053940,0.009788],[0.127348,0.050661,0.009765,0.009765,0.792695,0.009765],[0.864224,0.056308,0.009798,0.009798,0.050074,0.009798],[0.857066,0.053349,0.009779,0.009779,0.060248,0.009779],[0.866259,0.050425,0.009787,0.009787,0.053955,0.009787],[0.865372,0.048275,0.009764,0.009764,0.057061,0.009764],[0.838885,0.028883,0.068214,0.009882,0.044252,0.009882],[0.829176,0.024992,0.071406,0.009858,0.054710,0.009858],[0.952381,0.009524,0.009524,0.009524,0.009524,0.009524],[0.819828,0.029708,0.075348,0.009847,0.055421,0.009847],[0.823634,0.033130,0.083264,0.009877,0.040217,0.009877],[0.828621,0.064865,0.009772,0.009772,0.077198,0.009772],[0.180190,0.061814,0.009799,0.009799,0.728599,0.009799],[0.581779,0.087465,0.009804,0.012013,0.299136,0.009804],[0.805724,0.076819,0.009804,0.009991,0.087857,0.009804],[0.154984,0.062871,0.009779,0.009779,0.752807,0.009779],[0.799829,0.082344,0.009804,0.014519,0.083700,0.009804],[0.774039,0.100683,0.009804,0.010903,0.094768,0.009804],[0.797792,0.088594,0.009804,0.011085,0.082921,0.009804],[0.149166,0.078412,0.009795,0.009795,0.743036,0.009795],[0.130648,0.057649,0.009779,0.009779,0.782367,0.009779],[0.839715,0.060348,0.009797,0.009797,0.070548,0.009797],[0.861684,0.051955,0.009794,0.009794,0.056978,0.009794],[0.883467,0.041913,0.009783,0.009783,0.045271,0.009783],[0.902717,0.030632,0.009748,0.009748,0.037406,0.009748],[0.905868,0.017204,0.034977,0.009827,0.022298,0.009827],[0.952381,0.009524,0.009524,0.009524,0.009524,0.009524]],
  [[0.952381,0.009524,0.009524,0.009524,0.009524,0.009524],[0.096612,0.020735,0.054496,0.009853,0.808451,0.009853],[0.124468,0.053530,0.009783,0.009783,0.792654,0.009783],[0.119864,0.051004,0.009777,0.009777,0.799800,0.009777],[0.857976,0.053181,0.009802,0.009802,0.059439,0.009802],[0.861114,0.056162,0.009798,0.009798,0.053331,0.009798],[0.879790,0.047510,0.009782,0.009782,0.043354,0.009782],[0.122623,0.041200,0.009773,0.009773,0.806858,0.009773],[0.847969,0.056839,0.009784,0.009784,0.065839,0.009784],[0.855581,0.060359,0.009771,0.009771,0.054748,0.009771],[0.854287,0.054536,0.009804,0.012233,0.059337,0.009804],[0.841266,0.057800,0.009759,0.009759,0.071657,0.009759],[0.839625,0.059691,0.009804,0.010486,0.070590,0.009804],[0.861289,0.058228,0.009773,0.009773,0.051165,0.009773],[0.846349,0.059692,0.009778,0.009778,0.064626,0.009778],[0.855246,0.053517,0.009779,0.009779,0.061900,0.009779],[0.877514,0.043387,0.009752,0.009752,0.049842,0.009752],[0.109766,0.035600,0.009777,0.009777,0.825303,0.009777],[0.892853,0.039468,0.009750,0.009750,0.038431,0.009750],[0.897144,0.038333,0.009754,0.009754,0.035262,0.009754],[0.867704,0.024990,0.055534,0.009840,0.032091,0.009840],[0.872782,0.022832,0.057290,0.009842,0.027412,0.009842],[0.952381,0.009524,0.009524,0.009524,0.009524,0.009524],[0.839163,0.028481,0.074748,0.009860,0.037888,0.009860],[0.117515,0.044942,0.009783,0.009783,0.808192,0.009783],[0.836043,0.061000,0.009773,0.009773,0.073637,0.009773],[0.823807,0.071725,0.009797,0.009797,0.075077,0.009797],[0.825000,0.069870,0.009792,0.009792,0.075755,0.009792],[0.815558,0.073925,0.009804,0.012170,0.078739,0.009804],[0.800068,0.082154,0.009804,0.014512,0.083658,0.009804],[0.800533,0.079340,0.009801,0.009801,0.090722,0.009801],[0.166545,0.074563,0.009804,0.011968,0.727316,0.009804],[0.789084,0.086258,0.009804,0.011806,0.093244,0.009804],[0.179059,0.072238,0.009804,0.011627,0.717468,0.009804],[0.836983,0.071242,0.009794,0.009794,0.062392,0.009794],[0.849188,0.057890,0.009801,0.009801,0.063520,0.009801],[0.877039,0.040725,0.009781,0.009781,0.052894,0.009781],[0.910115,0.032489,0.009757,0.009757,0.028125,0.009757],[0.913102,0.013077,0.036325,0.009849,0.017798,0.009849],[0.952381,0.009524,0.009524,0.009524,0.009524,0.009524]],
  [[0.952381,0.009524,0.009524,0.009524,0.009524,0.009524],[0.853428,0.022533,0.058325,0.009853,0.046009,0.009853],[0.864872,0.052903,0.009760,0.009760,0.052944,0.009760],[0.859994,0.053557,0.009783,0.009783,0.057099,0.009783],[0.850231,0.055855,0.009784,0.009784,0.064563,0.009784],[0.119967,0.052884,0.009783,0.009783,0.797801,0.009783],[0.868038,0.056932,0.009786,0.009786,0.045671,0.009786],[0.854829,0.053774,0.009786,0.009786,0.062040,0.009786],[0.863092,0.055595,0.009781,0.009781,0.051969,0.009781],[0.109388,0.048165,0.009782,0.009782,0.813101,0.009782],[0.850131,0.052996,0.009797,0.009797,0.067482,0.009797],[0.840710,0.057305,0.009791,0.009791,0.072612,0.009791],[0.841413,0.064451,0.009804,0.011355,0.063174,0.009804],[0.622219,0.086681,0.009794,0.009794,0.261718,0.009794],[0.162502,0.064408,0.009780,0.009780,0.743751,0.009780],[0.860869,0.054352,0.009772,0.009772,0.055463,0.009772],[0.870691,0.044443,0.009777,0.009777,0.055536,0.009777],[0.891336,0.038338,0.009767,0.009767,0.041026,0.009767],[0.898077,0.036066,0.009758,0.009758,0.036583,0.009758],[0.900114,0.033936,0.009743,0.009743,0.036723,0.009743],[0.902136,0.028713,0.009767,0.009767,0.039850,0.009767],[0.876798,0.020577,0.050716,0.009852,0.032205,0.009852],[0.864091,0.026697,0.054665,0.009849,0.034849,0.009849],[0.075284,0.028004,0.056642,0.009854,0.820362,0.009854],[0.873301,0.049756,0.009798,0.009798,0.047548,0.009798],[0.859930,0.053428,0.009797,0.009797,0.057251,0.009797],[0.833929,0.062400,0.009767,0.009767,0.074371,0.009767],[0.813130,0.058749,0.009804,0.013384,0.095129,0.009804],[0.806067,0.067424,0.009804,0.013460,0.093441,0.009804],[0.816464,0.077319,0.009804,0.010249,0.076360,0.009804],[0.612529,0.093353,0.009804,0.015390,0.259120,0.009804],[0.172808,0.073854,0.009799,0.009799,0.723940,0.009799],[0.808161,0.086773,0.009793,0.009793,0.075687,0.009793],[0.189551,0.075234,0.009799,0.009799,0.705817,0.009799],[0.575882,0.099632,0.009804,0.014569,0.290309,0.009804],[0.846880,0.057789,0.009782,0.009782,0.065985,0.009782],[0.873377,0.040739,0.009781,0.009781,0.056543,0.009781],[0.905441,0.032119,0.009761,0.009761,0.033156,0.009761],[0.910672,0.012204,0.031013,0.009855,0.026402,0.009855],[0.952381,0.009524,0.009524,0.009524,0.009524,0.009524]],
  [[0.952381,0.009524,0.009524,0.009524,0.009524,0.009524],[0.860031,0.019928,0.059784,0.009842,0.040574,0.009842],[0.867944,0.048685,0.009773,0.009773,0.054051,0.009773],[0.619140,0.077317,0.009804,0.011421,0.272514,0.009804],[0.844800,0.062305,0.009785,0.009785,0.063539,0.009785],[0.844543,0.065207,0.009798,0.009798,0.060856,0.009798],[0.106700,0.056679,0.009774,0.009774,0.807301,0.009774],[0.864921,0.054695,0.009804,0.010799,0.049978,0.009804],[0.869877,0.053317,0.009792,0.009792,0.047430,0.009792],[0.860668,0.060549,0.009785,0.009785,0.049428,0.009785],[0.860559,0.062643,0.009781,0.009781,0.047456,0.009781],[0.131259,0.047052,0.009777,0.009777,0.792359,0.009777],[0.844871,0.056441,0.009800,0.009800,0.069287,0.009800],[0.848909,0.065403,0.009791,0.009791,0.056316,0.009791],[0.149042,0.062153,0.009799,0.009799,0.759408,0.009799],[0.099594,0.050757,0.009804,0.009819,0.820223,0.009804],[0.898750,0.044401,0.009757,0.009757,0.027578,0.009757],[0.906479,0.031592,0.009766,0.009766,0.032632,0.009766],[0.907419,0.031694,0.009761,0.009761,0.031604,0.009761],[0.909410,0.027660,0.009757,0.009757,0.033660,0.009757],[0.905400,0.031699,0.009761,0.009761,0.033616,0.009761],[0.906200,0.032010,0.009749,0.009749,0.032544,0.009749],[0.094154,0.041045,0.009748,0.009748,0.835558,0.009748],[0.105026,0.038757,0.009787,0.009787,0.826857,0.009787],[0.892653,0.045659,0.009759,0.009759,0.032411,0.009759],[0.876658,0.047958,0.009780,0.009780,0.046045,0.009780],[0.856963,0.051606,0.009778,0.009778,0.062096,0.009778],[0.837788,0.060712,0.009787,0.009787,0.072138,0.009787],[0.828111,0.066293,0.009796,0.009796,0.076209,0.009796],[0.810545,0.074793,0.009786,0.009786,0.085306,0.009786],[0.811536,0.077536,0.009804,0.010259,0.081062,0.009804],[0.822288,0.070805,0.009804,0.011565,0.075734,0.009804],[0.113617,0.065208,0.009780,0.009780,0.791835,0.009780],[0.824949,0.070285,0.009804,0.011796,0.073362,0.009804],[0.838044,0.069919,0.009789,0.009789,0.062669,0.009789],[0.183885,0.055667,0.009776,0.009776,0.731121,0.009776],[0.869915,0.047442,0.009773,0.009773,0.053323,0.009773],[0.896191,0.035930,0.009758,0.009758,0.038606,0.009758],[0.905393,0.015043,0.031946,0.009833,0.027953,0.009833],[0.952381,0.009524,0.009524,0.009524,0.009524,0.009524]],
  [[0.952381,0.009524,0.009524,0.009524,0.009524,0.009524],[0.873698,0.018041,0.053917,0.009871,0.034602,0.009871],[0.871293,0.046310,0.009768,0.009768,0.053092,0.009768],[0.854410,0.055289,0.009802,0.009802,0.060894,0.009802],[0.176293,0.056816,0.009771,0.009771,0.737578,0.009771],[0.829497,0.065689,0.009791,0.009791,0.075442,0.009791],[0.114802,0.057251,0.009769,0.009769,0.798641,0.009769],[0.114117,0.059310,0.009794,0.009794,0.797192,0.009794],[0.107448,0.056931,0.009804,0.009973,0.806040,0.009804],[0.100738,0.051567,0.009790,0.009790,0.818327,0.009790],[0.107298,0.054304,0.009747,0.009747,0.809158,0.009747],[0.852632,0.056228,0.009777,0.009777,0.061810,0.009777],[0.850480,0.054339,0.009779,0.009779,0.065844,0.009779],[0.854471,0.057637,0.009763,0.009763,0.058602,0.009763],[0.865465,0.050775,0.009742,0.009742,0.054534,0.009742],[0.095215,0.045136,0.009779,0.009779,0.830313,0.009779],[0.104608,0.037429,0.009759,0.009759,0.828686,0.009759],[0.903030,0.039498,0.009756,0.009756,0.028204,0.009756],[0.905172,0.034362,0.009745,0.009745,0.031232,0.009745],[0.914103,0.028420,0.009750,0.009750,0.028227,0.009750],[0.901067,0.033444,0.009751,0.009751,0.036236,0.009751],[0.912380,0.034282,0.009738,0.009738,0.024123,0.009738],[0.896843,0.041796,0.009763,0.009763,0.032072,0.009763],[0.884665,0.041777,0.009743,0.009743,0.044328,0.009743],[0.886597,0.042747,0.009792,0.009792,0.041280,0.009792],[0.106537,0.046856,0.009779,0.009779,0.817270,0.009779],[0.119094,0.047610,0.009765,0.009765,0.804001,0.009765],[0.850754,0.058949,0.009804,0.010216,0.060473,0.009804],[0.612213,0.081883,0.009804,0.010261,0.276035,0.009804],[0.823968,0.066004,0.009767,0.009767,0.080727,0.009767],[0.829981,0.063430,0.009804,0.010601,0.076380,0.009804],[0.113568,0.059749,0.009764,0.009764,0.797390,0.009764],[0.817313,0.078068,0.009799,0.009799,0.075223,0.009799],[0.112382,0.061143,0.009777,0.009777,0.797144,0.009777],[0.848373,0.056668,0.009772,0.009772,0.065641,0.009772],[0.871940,0.052004,0.009790,0.009790,0.046687,0.009790],[0.873462,0.045289,0.009773,0.009773,0.051931,0.009773],[0.902692,0.032216,0.009772,0.009772,0.035776,0.009772],[0.078702,0.018454,0.047893,0.009844,0.835264,0.009844],[0.952381,0.009524,0.009524,0.009524,0.009524,0.009524]],
  [[0.952381,0.009524,0.009524,0.009524,0.009524,0.009524],[0.089030,0.020310,0.059239,0.009876,0.811670,0.009876],[0.879571,0.041886,0.009765,0.009765,0.049248,0.009765],[0.133770,0.045675,0.009798,0.009798,0.791161,0.009798],[0.850514,0.054243,0.009784,0.009784,0.065892,0.009784],[0.827377,0.068167,0.009775,0.009775,0.075132,0.009775],[0.153376,0.068666,0.009798,0.009798,0.748564,0.009798],[0.830737,0.067352,0.009798,0.009798,0.072516,0.009798],[0.844424,0.067972,0.009779,0.009779,0.058266,0.009779],[0.114641,0.053564,0.009756,0.009756,0.802527,0.009756],[0.109173,0.056558,0.009803,0.009803,0.804860,0.009803],[0.849186,0.061908,0.009783,0.009783,0.059557,0.009783],[0.114357,0.052437,0.009758,0.009758,0.803930,0.009758],[0.858137,0.050600,0.009804,0.010917,0.060738,0.009804],[0.879864,0.045163,0.009777,0.009777,0.045643,0.009777],[0.880431,0.043925,0.009761,0.009761,0.046361,0.009761],[0.895920,0.037826,0.009775,0.009775,0.036928,0.009775],[0.892606,0.035345,0.009771,0.009771,0.042737,0.009771],[0.100791,0.033725,0.009765,0.009765,0.836188,0.009765],[0.912729,0.028654,0.009763,0.009763,0.029329,0.009763],[0.897108,0.033897,0.009785,0.009785,0.039638,0.009785],[0.894564,0.039316,0.009750,0.009750,0.036872,0.009750],[0.092410,0.037926,0.009759,0.009759,0.840388,0.009759],[0.100601,0.045944,0.009767,0.009767,0.824153,0.009767],[0.879468,0.048493,0.009762,0.009762,0.042753,0.009762],[0.874532,0.047576,0.009773,0.009773,0.048573,0.009773],[0.851389,0.060527,0.009780,0.009780,0.058743,0.009780],[0.861474,0.060492,0.009771,0.009771,0.048722,0.009771],[0.843701,0.065002,0.009795,0.009795,0.061911,0.009795],[0.849897,0.062092,0.009795,0.009795,0.058628,0.009795],[0.850517,0.062700,0.009781,0.009781,0.057441,0.009781],[0.119220,0.050708,0.009780,0.009780,0.800733,0.009780],[0.085932,0.064734,0.009763,0.009763,0.820045,0.009763],[0.092008,0.060448,0.009769,0.009769,0.818236,0.009769],[0.095147,0.041617,0.009790,0.009790,0.833867,0.009790],[0.880884,0.046098,0.009779,0.009779,0.043680,0.009779],[0.892402,0.039963,0.009741,0.009741,0.038411,0.009741],[0.909843,0.032314,0.009753,0.009753,0.028584,0.009753],[0.072391,0.017259,0.047429,0.009855,0.843211,0.009855],[0.952381,0.009524,0.009524,0.009524,0.009524,0.009524]],
  [[0.952381,0.009524,0.009524,0.009524,0.009524,0.009524],[0.899901,0.014926,0.040450,0.009826,0.025069,0.009826],[0.904408,0.034035,0.009755,0.009755,0.032290,0.009755],[0.878632,0.045703,0.009784,0.009784,0.046313,0.009784],[0.871270,0.051890,0.009769,0.009769,0.047532,0.009769],[0.113341,0.051964,0.009799,0.009799,0.805297,0.009799],[0.167202,0.066927,0.009795,0.009795,0.736485,0.009795],[0.585136,0.091701,0.009804,0.013207,0.290348,0.009804],[0.827686,0.068944,0.009804,0.010760,0.073002,0.009804],[0.830551,0.070492,0.009789,0.009789,0.069589,0.009789],[0.843268,0.065437,0.009791,0.009791,0.061924,0.009791],[0.840105,0.063886,0.009788,0.009788,0.066645,0.009788],[0.173038,0.058977,0.009791,0.009791,0.738612,0.009791],[0.868994,0.050548,0.009774,0.009774,0.051137,0.009774],[0.883304,0.046049,0.009802,0.009802,0.041242,0.009802],[0.094732,0.040742,0.009780,0.009780,0.835185,0.009780],[0.896667,0.036830,0.009762,0.009762,0.037217,0.009762],[0.902294,0.039288,0.009750,0.009750,0.029170,0.009750],[0.910666,0.032169,0.009736,0.009736,0.027957,0.009736],[0.908241,0.031482,0.009753,0.009753,0.031018,0.009753],[0.894656,0.035935,0.009758,0.009758,0.040136,0.009758],[0.895578,0.034139,0.009764,0.009764,0.040991,0.009764],[0.870774,0.047302,0.009762,0.009762,0.052639,0.009762],[0.115023,0.046315,0.009762,0.009762,0.809375,0.009762],[0.863653,0.048465,0.009791,0.009791,0.058508,0.009791],[0.863784,0.049878,0.009780,0.009780,0.056997,0.009780],[0.854016,0.055469,0.009747,0.009747,0.061274,0.009747],[0.116494,0.048466,0.009796,0.009796,0.805652,0.009796],[0.859153,0.056619,0.009784,0.009784,0.054876,0.009784],[0.125175,0.047050,0.009774,0.009774,0.798452,0.009774],[0.854427,0.055995,0.009784,0.009784,0.060226,0.009784],[0.873055,0.056447,0.009777,0.009777,0.041167,0.009777],[0.090030,0.054533,0.009771,0.009771,0.826124,0.009771],[0.092494,0.049694,0.009768,0.009768,0.828509,0.009768],[0.106141,0.045841,0.009774,0.009774,0.818695,0.009774],[0.895586,0.037823,0.009760,0.009760,0.037311,0.009760],[0.901240,0.032271,0.009761,0.009761,0.037205,0.009761],[0.107044,0.035753,0.009759,0.009759,0.827927,0.009759],[0.907481,0.014783,0.033524,0.009830,0.024551,0.009830],[0.952381,0.009524,0.009524,0.009524,0.009524,0.009524]],
  [[0.952381,0.009524,0.009524,0.009524,0.009524,0.009524],[0.911019,0.014555,0.031132,0.009841,0.023612,0.009841],[0.095401,0.037937,0.009761,0.009761,0.837378,0.009761],[0.895555,0.039637,0.009767,0.009767,0.035508,0.009767],[0.886281,0.042954,0.009757,0.009757,0.041495,0.009757],[0.128499,0.044480,0.009774,0.009774,0.797699,0.009774],[0.842207,0.063122,0.009783,0.009783,0.065322,0.009783],[0.839795,0.066714,0.009774,0.009774,0.064168,0.009774],[0.827509,0.065637,0.009804,0.010420,0.076827,0.009804],[0.833084,0.064934,0.009798,0.009798,0.072589,0.009798],[0.831933,0.065927,0.009796,0.009796,0.072754,0.009796],[0.599230,0.086071,0.009804,0.012747,0.282344,0.009804],[0.844487,0.056236,0.009775,0.009775,0.069953,0.009775],[0.862330,0.057064,0.009793,0.009793,0.051226,0.009793],[0.890776,0.042358,0.009785,0.009785,0.037511,0.009785],[0.891053,0.044537,0.009779,0.009779,0.035073,0.009779],[0.099381,0.036018,0.009752,0.009752,0.835345,0.009752],[0.905582,0.033009,0.009751,0.009751,0.032156,0.009751],[0.903056,0.036111,0.009764,0.009764,0.031541,0.009764],[0.903956,0.035269,0.009766,0.009766,0.031476,0.009766],[0.895415,0.037081,0.009758,0.009758,0.038230,0.009758],[0.884217,0.041892,0.009767,0.009767,0.044589,0.009767],[0.861076,0.055928,0.009781,0.009781,0.053651,0.009781],[0.854292,0.059484,0.009778,0.009778,0.056892,0.009778],[0.844143,0.058106,0.009791,0.009791,0.068378,0.009791],[0.857003,0.054788,0.009779,0.009779,0.058872,0.009779],[0.854317,0.050883,0.009794,0.009794,0.065417,0.009794],[0.868939,0.051830,0.009787,0.009787,0.049869,0.009787],[0.869236,0.054248,0.009802,0.009802,0.047110,0.009802],[0.877813,0.049786,0.009778,0.009778,0.043067,0.009778],[0.111011,0.045848,0.009777,0.009777,0.813811,0.009777],[0.103429,0.045854,0.009760,0.009760,0.821436,0.009760],[0.093573,0.044511,0.009765,0.009765,0.832622,0.009765],[0.886605,0.043425,0.009772,0.009772,0.040654,0.009772],[0.895962,0.037733,0.009736,0.009736,0.037096,0.009736],[0.904614,0.032993,0.009749,0.009749,0.033146,0.009749],[0.908020,0.032162,0.009751,0.009751,0.030565,0.009751],[0.923974,0.025755,0.009740,0.009740,0.021052,0.009740],[0.916145,0.012371,0.030828,0.009830,0.020995,0.009830],[0.952381,0.009524,0.009524,0.009524,0.009524,0.009524]],
  [[0.952381,0.009524,0.009524,0.009524,0.009524,0.009524],[0.090338,0.017860,0.033706,0.009850,0.838395,0.009850],[0.097986,0.039531,0.009752,0.009752,0.833226,0.009752],[0.898549,0.038771,0.009769,0.009769,0.033373,0.009769],[0.886793,0.039646,0.009765,0.009765,0.044266,0.009765],[0.861011,0.052563,0.009792,0.009792,0.057049,0.009792],[0.852636,0.058051,0.009780,0.009780,0.059974,0.009780],[0.822462,0.068843,0.009782,0.009782,0.079349,0.009782],[0.824257,0.068222,0.009787,0.009787,0.078161,0.009787],[0.821790,0.071692,0.009785,0.009785,0.077162,0.009785],[0.818330,0.073291,0.009804,0.011394,0.077378,0.009804],[0.836756,0.063490,0.009783,0.009783,0.070404,0.009783],[0.844298,0.064722,0.009779,0.009779,0.061644,0.009779],[0.866319,0.054646,0.009784,0.009784,0.049684,0.009784],[0.105313,0.043119,0.009771,0.009771,0.822254,0.009771],[0.882507,0.040978,0.009778,0.009778,0.047180,0.009778],[0.099297,0.035173,0.009759,0.009759,0.836255,0.009759],[0.903107,0.034087,0.009777,0.009777,0.033475,0.009777],[0.096900,0.035292,0.009754,0.009754,0.838547,0.009754],[0.908893,0.034059,0.009760,0.009760,0.027769,0.009760],[0.895288,0.036691,0.009762,0.009762,0.038735,0.009762],[0.111423,0.045768,0.009769,0.009769,0.813501,0.009769],[0.105524,0.045416,0.009779,0.009779,0.819724,0.009779],[0.165148,0.063569,0.009794,0.009794,0.741899,0.009794],[0.601367,0.075896,0.009799,0.009799,0.293339,0.009799],[0.833028,0.057707,0.009794,0.009794,0.079885,0.009794],[0.845957,0.060633,0.009804,0.010266,0.063536,0.009804],[0.124702,0.048320,0.009786,0.009786,0.797618,0.009786],[0.864020,0.052652,0.009765,0.009765,0.054033,0.009765],[0.875660,0.048863,0.009778,0.009778,0.046144,0.009778],[0.878660,0.045994,0.009757,0.009757,0.046074,0.009757],[0.880744,0.047384,0.009759,0.009759,0.042593,0.009759],[0.883553,0.042938,0.009768,0.009768,0.044206,0.009768],[0.899192,0.035064,0.009758,0.009758,0.036472,0.009758],[0.902154,0.032897,0.009753,0.009753,0.035689,0.009753],[0.908083,0.029661,0.009767,0.009767,0.032954,0.009767],[0.097565,0.031141,0.009756,0.009756,0.842027,0.009756],[0.919540,0.023929,0.009744,0.009744,0.027300,0.009744],[0.919250,0.012526,0.031316,0.009840,0.017226,0.009840],[0.952381,0.009524,0.009524,0.009524,0.009524,0.009524]],
  [[0.952381,0.009524,0.009524,0.009524,0.009524,0.009524],[0.908687,0.013127,0.036530,0.009824,0.022008,0.009824],[0.909287,0.033364,0.009745,0.009745,0.028116,0.009745],[0.903177,0.036952,0.009762,0.009762,0.030584,0.009762],[0.894002,0.034439,0.009781,0.009781,0.042215,0.009781],[0.869027,0.051865,0.009778,0.009778,0.049773,0.009778],[0.122070,0.051041,0.009768,0.009768,0.797586,0.009768],[0.838859,0.064161,0.009804,0.009882,0.067490,0.009804],[0.169770,0.061995,0.009784,0.009784,0.738883,0.009784],[0.166340,0.067690,0.009798,0.009798,0.736577,0.009798],[0.837459,0.063587,0.009800,0.009800,0.069554,0.009800],[0.131069,0.056116,0.009790,0.009790,0.783443,0.009790],[0.111650,0.051899,0.009804,0.010338,0.806506,0.009804],[0.867140,0.054513,0.009774,0.009774,0.049025,0.009774],[0.102609,0.040952,0.009757,0.009757,0.827168,0.009757],[0.876274,0.052004,0.009744,0.009744,0.042489,0.009744],[0.890857,0.037801,0.009771,0.009771,0.042029,0.009771],[0.889655,0.037223,0.009756,0.009756,0.043855,0.009756],[0.898780,0.034431,0.009766,0.009766,0.037491,0.009766],[0.900601,0.038246,0.009776,0.009776,0.031826,0.009776],[0.113381,0.035214,0.009786,0.009786,0.822046,0.009786],[0.878403,0.048892,0.009769,0.009769,0.043399,0.009769],[0.845149,0.059978,0.009764,0.009764,0.065582,0.009764],[0.816521,0.065436,0.009781,0.009781,0.088700,0.009781],[0.826716,0.072012,0.009775,0.009775,0.071947,0.009775],[0.829973,0.068097,0.009791,0.009791,0.072556,0.009791],[0.818021,0.072599,0.009775,0.009775,0.080054,0.009775],[0.113038,0.048581,0.009777,0.009777,0.809050,0.009777],[0.843674,0.055792,0.009789,0.009789,0.071168,0.009789],[0.864931,0.047376,0.009791,0.009791,0.058320,0.009791],[0.105015,0.039994,0.009771,0.009771,0.825678,0.009771],[0.887180,0.042106,0.009761,0.009761,0.041432,0.009761],[0.887908,0.042094,0.009787,0.009787,0.040636,0.009787],[0.894423,0.039003,0.009747,0.009747,0.037332,0.009747],[0.899571,0.032769,0.009770,0.009770,0.038349,0.009770],[0.908706,0.030703,0.009742,0.009742,0.031365,0.009742],[0.921255,0.024869,0.009766,0.009766,0.024577,0.009766],[0.920083,0.025323,0.009733,0.009733,0.025395,0.009733],[0.914971,0.013648,0.030597,0.009836,0.021112,0.009836],[0.952381,0.009524,0.009524,0.009524,0.009524,0.009524]],
