[
  [[0.952381,0.009524,0.009524,0.009524,0.009524,0.009524],[0.952381,0.009524,0.009524,0.009524,0.009524,0.009524],[0.952381,0.009524,0.009524,0.009524,0.009524,0.009524],[0.952381,0.009524,0.009524,0.009524,0.009524,0.009524],[0.952381,0.009524,0.009524,0.009524,0.009524,0.009524],[0.952381,0.009524,0.009524,0.009524,0.009524,0.009524],[0.952381,0.009524,0.009524,0.009524,0.009524,0.009524],[0.952381,0.009524,0.009524,0.009524,0.009524,0.009524],[0.952381,0.009524,0.009524,0.009524,0.009524,0.009524],[0.952381,0.009524,0.009524,0.009524,0.009524,0.009524],[0.952381,0.009524,0.009524,0.009524,0.009524,0.009524],[0.952381,0.009524,0.009524,0.009524,0.009524,0.009524],[0.952381,0.009524,0.009524,0.009524,0.009524,0.009524],[0.952381,0.009524,0.009524,0.009524,0.009524,0.009524],[0.952381,0.009524,0.009524,0.009524,0.009524,0.009524],[0.952381,0.009524,0.009524,0.009524,0.009524,0.009524],[0.952381,0.009524,0.009524,0.009524,0.009524,0.009524],[0.952381,0.009524,0.009524,0.009524,0.009524,0.009524],[0.952381,0.009524,0.009524,0.009524,0.009524,0.009524],[0.952381,0.009524,0.009524,0.009524,0.009524,0.009524],[0.952381,0.009524,0.009524,0.009524,0.009524,0.009524],[0.952381,0.009524,0.009524,0.009524,0.009524,0.009524],[0.952381,0.009524,0.009524,0.009524,0.009524,0.009524],[0.952381,0.009524,0.009524,0.009524,0.009524,0.009524],[0.952381,0.009524,0.009524,0.009524,0.009524,0.009524],[0.952381,0.009524,0.009524,0.009524,0.009524,0.009524],[0.952381,0.009524,0.009524,0.009524,0.009524,0.009524],[0.952381,0.009524,0.009524,0.009524,0.009524,0.009524],[0.952381,0.009524,0.009524,0.009524,0.009524,0.009524],[0.952381,0.009524,0.009524,0.009524,0.009524,0.009524],[0.952381,0.009524,0.009524,0.009524,0.009524,0.009524],[0.952381,0.009524,0.009524,0.009524,0.009524,0.009524],[0.952381,0.009524,0.009524,0.009524,0.009524,0.009524],[0.952381,0.009524,0.009524,0.009524,0.009524,0.009524],[0.952381,0.009524,0.009524,0.009524,0.009524,0.009524],[0.952381,0.009524,0.009524,0.009524,0.009524,0.009524],[0.952381,0.009524,0.009524,0.009524,0.009524,0.009524],[0.952381,0.009524,0.009524,0.009524,0.009524,0.009524],[0.952381,0.009524,0.009524,0.009524,0.009524,0.009524],[0.952381,0.009524,0.009524,0.009524,0.009524,0.009524]],
  [[0.952381,0.009524,0.009524,0.009524,0.009524,0.009524],[0.920489,0.009816,0.026061,0.009816,0.024002,0.009816],[0.084711,0.020109,0.047185,0.009842,0.828312,0.009842],[0.087676,0.018686,0.046933,0.009837,0.827031,0.009837],[0.890009,0.017019,0.049742,0.009856,0.023518,0.009856],[0.888599,0.016214,0.049135,0.009849,0.026352,0.009849],[0.087466,0.019027,0.044925,0.009853,0.828876,0.009853],[0.896173,0.016395,0.039559,0.009841,0.028192,0.009841],[0.895430,0.018413,0.037235,0.009831,0.029261,0.009831],[0.890802,0.019709,0.039253,0.009852,0.030532,0.009852],[0.089329,0.018017,0.057425,0.009835,0.815559,0.009835],[0.897647,0.016559,0.043427,0.009816,0.022735,0.009816],[0.909708,0.015697,0.031231,0.009839,0.023687,0.009839],[0.909208,0.015080,0.032835,0.009843,0.023191,0.009843],[0.900322,0.017239,0.042385,0.009827,0.020401,0.009827],[0.089174,0.019950,0.044481,0.009842,0.826711,0.009842],[0.094869,0.023407,0.056051,0.009872,0.805929,0.009872],[0.852317,0.026436,0.060158,0.009842,0.041404,0.009842],[0.847985,0.023484,0.066432,0.009868,0.042362,0.009868],[0.843292,0.024396,0.065648,0.009860,0.046945,0.009860],[0.141202,0.023638,0.071630,0.009865,0.743800,0.009865],[0.850845,0.021264,0.066685,0.009859,0.041488,0.009859],[0.090482,0.020119,0.044121,0.009848,0.825582,0.009848],[0.899524,0.017305,0.037638,0.009845,0.025842,0.009845],[0.905395,0.016126,0.032577,0.009847,0.026208,0.009847],[0.883106,0.016497,0.045961,0.009856,0.034725,0.009856],[0.873942,0.017377,0.056692,0.009837,0.032315,0.009837],[0.866770,0.018134,0.051812,0.009833,0.043618,0.009833],[0.876014,0.018869,0.048415,0.009856,0.036989,0.009856],[0.088578,0.015648,0.045641,0.009837,0.830459,0.009837],[0.952381,0.009524,0.009524,0.009524,0.009524,0.009524],[0.952381,0.009524,0.009524,0.009524,0.009524,0.009524],[0.952381,0.009524,0.009524,0.009524,0.009524,0.009524],[0.952381,0.009524,0.009524,0.009524,0.009524,0.009524],[0.952381,0.009524,0.009524,0.009524,0.009524,0.009524],[0.952381,0.009524,0.009524,0.009524,0.009524,0.009524],[0.925055,0.009804,0.023979,0.009804,0.021552,0.009804],[0.934851,0.009816,0.022077,0.009816,0.013626,0.009816],[0.927800,0.009788,0.026114,0.009788,0.016723,0.009788],[0.952381,0.009524,0.009524,0.009524,0.009524,0.009524]],
  [[0.952381,0.009524,0.009524,0.009524,0.009524,0.009524],[0.914638,0.012011,0.036034,0.009830,0.017656,0.009830],[0.896826,0.032822,0.009742,0.009742,0.041125,0.009742],[0.883154,0.045244,0.009759,0.009759,0.042324,0.009759],[0.112292,0.045736,0.009781,0.009781,0.812629,0.009781],[0.882487,0.044393,0.009763,0.009763,0.043830,0.009763],[0.883737,0.043237,0.009768,0.009768,0.043723,0.009768],[0.871021,0.043737,0.009741,0.009741,0.056018,0.009741],[0.880042,0.039310,0.009758,0.009758,0.051373,0.009758],[0.119999,0.043345,0.009783,0.009783,0.807307,0.009783],[0.097821,0.043000,0.009757,0.009757,0.829907,0.009757],[0.899699,0.036614,0.009741,0.009741,0.034465,0.009741],[0.904301,0.031459,0.009749,0.009749,0.034994,0.009749],[0.898734,0.038306,0.009752,0.009752,0.033705,0.009752],[0.891968,0.039706,0.009758,0.009758,0.039051,0.009758],[0.103077,0.055112,0.009769,0.009769,0.812506,0.009769],[0.111473,0.052811,0.009761,0.009761,0.806433,0.009761],[0.866058,0.057877,0.009773,0.009773,0.046748,0.009773],[0.842608,0.057735,0.009804,0.010908,0.069141,0.009804],[0.633782,0.078354,0.009804,0.011697,0.256559,0.009804],[0.843640,0.055086,0.009804,0.010351,0.071315,0.009804],[0.117649,0.057133,0.009786,0.009786,0.795861,0.009786],[0.877042,0.049576,0.009773,0.009773,0.044063,0.009773],[0.901357,0.037680,0.009762,0.009762,0.031676,0.009762],[0.906775,0.032779,0.009757,0.009757,0.031174,0.009757],[0.889388,0.035929,0.009771,0.009771,0.045371,0.009771],[0.868190,0.046827,0.009759,0.009759,0.055705,0.009759],[0.870645,0.041319,0.009778,0.009778,0.058700,0.009778],[0.879431,0.044131,0.009779,0.009779,0.047102,0.009779],[0.851826,0.024374,0.063986,0.009838,0.040138,0.009838],[0.875840,0.018381,0.055473,0.009858,0.030590,0.009858],[0.099770,0.016378,0.048479,0.009850,0.815673,0.009850],[0.867731,0.017569,0.055677,0.009850,0.039323,0.009850],[0.867060,0.015728,0.056521,0.009843,0.041005,0.009843],[0.886550,0.015527,0.040346,0.009845,0.037886,0.009845],[0.952381,0.009524,0.009524,0.009524,0.009524,0.009524],[0.886467,0.014504,0.050786,0.009837,0.028570,0.009837],[0.935428,0.017747,0.009733,0.009733,0.017627,0.009733],[0.932953,0.009815,0.021650,0.009815,0.015951,0.009815],[0.952381,0.009524,0.009524,0.009524,0.009524,0.009524]],
  [[0.952381,0.009524,0.009524,0.009524,0.009524,0.009524],[0.891158,0.014495,0.044662,0.009841,0.030003,0.009841],[0.880816,0.035551,0.009758,0.009758,0.054361,0.009758],[0.167719,0.052681,0.009770,0.009770,0.750289,0.009770],[0.157964,0.060462,0.009804,0.010029,0.751937,0.009804],[0.850102,0.063441,0.009804,0.010098,0.056751,0.009804],[0.862141,0.052148,0.009785,0.009785,0.056355,0.009785],[0.859227,0.048948,0.009767,0.009767,0.062525,0.009767],[0.844561,0.056734,0.009798,0.009798,0.069310,0.009798],[0.853394,0.059876,0.009771,0.009771,0.057418,0.009771],[0.847096,0.056586,0.009789,0.009789,0.066952,0.009789],[0.870327,0.051363,0.009765,0.009765,0.049016,0.009765],[0.888694,0.043567,0.009759,0.009759,0.038463,0.009759],[0.883237,0.043990,0.009781,0.009781,0.043429,0.009781],[0.096499,0.044889,0.009786,0.009786,0.829254,0.009786],[0.113744,0.051301,0.009773,0.009773,0.805637,0.009773],[0.844137,0.064384,0.009779,0.009779,0.062143,0.009779],[0.110601,0.062733,0.009790,0.009790,0.797297,0.009790],[0.156565,0.070879,0.009791,0.009791,0.743183,0.009791],[0.820951,0.072991,0.009804,0.010381,0.076070,0.009804],[0.822830,0.070852,0.009804,0.012065,0.074644,0.009804],[0.832521,0.072642,0.009792,0.009792,0.065460,0.009792],[0.138089,0.045635,0.009781,0.009781,0.786933,0.009781],[0.883146,0.046809,0.009789,0.009789,0.040679,0.009789],[0.880313,0.044278,0.009779,0.009779,0.046071,0.009779],[0.125300,0.043859,0.009774,0.009774,0.801520,0.009774],[0.859906,0.052892,0.009769,0.009769,0.057893,0.009769],[0.624893,0.084766,0.009804,0.009805,0.260928,0.009804],[0.175914,0.052418,0.009765,0.009765,0.742372,0.009765],[0.870997,0.044239,0.009772,0.009772,0.055446,0.009772],[0.882151,0.042794,0.009768,0.009768,0.045753,0.009768],[0.889602,0.037245,0.009758,0.009758,0.043879,0.009758],[0.879787,0.043978,0.009766,0.009766,0.046938,0.009766],[0.876284,0.043466,0.009759,0.009759,0.050973,0.009759],[0.826203,0.021176,0.082351,0.009846,0.050577,0.009846],[0.952381,0.009524,0.009524,0.009524,0.009524,0.009524],[0.868884,0.016746,0.052125,0.009843,0.042558,0.009843],[0.089370,0.018156,0.046926,0.009844,0.825860,0.009844],[0.923608,0.010596,0.028178,0.009822,0.017974,0.009822],[0.952381,0.009524,0.009524,0.009524,0.009524,0.009524]],
  [[0.952381,0.009524,0.009524,0.009524,0.009524,0.009524],[0.890583,0.017390,0.041933,0.009858,0.030379,0.009858],[0.882334,0.043092,0.009768,0.009768,0.045271,0.009768],[0.863369,0.058009,0.009759,0.009759,0.049346,0.009759],[0.609546,0.089004,0.009804,0.010448,0.271394,0.009804],[0.846114,0.068823,0.009789,0.009789,0.055697,0.009789],[0.124626,0.047161,0.009798,0.009798,0.798818,0.009798],[0.839946,0.058118,0.009780,0.009780,0.072597,0.009780],[0.178166,0.062062,0.009791,0.009791,0.730398,0.009791],[0.597420,0.086795,0.009804,0.012244,0.283934,0.009804],[0.174549,0.053031,0.009787,0.009787,0.743058,0.009787],[0.861477,0.049110,0.009780,0.009780,0.060073,0.009780],[0.105854,0.045018,0.009772,0.009772,0.819813,0.009772],[0.883493,0.048588,0.009771,0.009771,0.038606,0.009771],[0.842400,0.054507,0.009765,0.009765,0.073798,0.009765],[0.822848,0.068177,0.009803,0.009803,0.079564,0.009803],[0.819911,0.076705,0.009804,0.011495,0.072281,0.009804],[0.163064,0.077667,0.009804,0.011003,0.728658,0.009804],[0.133836,0.066139,0.009768,0.009768,0.770722,0.009768],[0.795438,0.077856,0.009799,0.009799,0.097310,0.009799],[0.603729,0.082552,0.009804,0.013940,0.280172,0.009804],[0.807269,0.071786,0.009804,0.011608,0.089730,0.009804],[0.138874,0.053069,0.009778,0.009778,0.778724,0.009778],[0.865249,0.051178,0.009797,0.009797,0.054183,0.009797],[0.866803,0.054195,0.009786,0.009786,0.049645,0.009786],[0.107697,0.046690,0.009779,0.009779,0.816276,0.009779],[0.851361,0.051790,0.009778,0.009778,0.067513,0.009778],[0.156651,0.061420,0.009804,0.011073,0.751248,0.009804],[0.872712,0.053654,0.009795,0.009795,0.044250,0.009795],[0.865348,0.048205,0.009771,0.009771,0.057135,0.009771],[0.890583,0.042737,0.009765,0.009765,0.037384,0.009765],[0.870596,0.044643,0.009768,0.009768,0.055457,0.009768],[0.120860,0.047122,0.009793,0.009793,0.802637,0.009793],[0.848111,0.058601,0.009782,0.009782,0.063941,0.009782],[0.503180,0.035183,0.210356,0.011745,0.229634,0.009901],[0.952381,0.009524,0.009524,0.009524,0.009524,0.009524],[0.952381,0.009524,0.009524,0.009524,0.009524,0.009524],[0.103221,0.019138,0.039326,0.009826,0.818663,0.009826],[0.080778,0.013484,0.037168,0.009843,0.848883,0.009843],[0.952381,0.009524,0.009524,0.009524,0.009524,0.009524]],
  [[0.952381,0.009524,0.009524,0.009524,0.009524,0.009524],[0.898163,0.015734,0.042690,0.009835,0.023744,0.009835],[0.887958,0.041463,0.009756,0.009756,0.041310,0.009756],[0.853574,0.053460,0.009786,0.009786,0.063609,0.009786],[0.186092,0.056059,0.009780,0.009780,0.728508,0.009780],[0.854362,0.056420,0.009791,0.009791,0.059845,0.009791],[0.854308,0.062809,0.009778,0.009778,0.053549,0.009778],[0.844063,0.066387,0.009777,0.009777,0.060220,0.009777],[0.163628,0.063326,0.009789,0.009789,0.743679,0.009789],[0.853402,0.064814,0.009798,0.009798,0.052391,0.009798],[0.839355,0.058859,0.009764,0.009764,0.072495,0.009764],[0.861720,0.051097,0.009753,0.009753,0.057924,0.009753],[0.878995,0.052169,0.009769,0.009769,0.039529,0.009769],[0.108831,0.048482,0.009753,0.009753,0.813427,0.009753],[0.849181,0.055922,0.009777,0.009777,0.065567,0.009777],[0.832207,0.067329,0.009804,0.010464,0.070391,0.009804],[0.584255,0.126673,0.009804,0.015513,0.253951,0.009804],[0.186628,0.081958,0.009804,0.011637,0.700169,0.009804],[0.794849,0.088130,0.009781,0.009781,0.087679,0.009781],[0.794572,0.081001,0.009804,0.010619,0.094200,0.009804],[0.817642,0.076611,0.009804,0.010482,0.075657,0.009804],[0.808077,0.073787,0.009798,0.009798,0.088744,0.009798],[0.815814,0.075078,0.009793,0.009793,0.079730,0.009793],[0.850829,0.060274,0.009804,0.010252,0.059037,0.009804],[0.862918,0.055976,0.009763,0.009763,0.051817,0.009763],[0.855867,0.050906,0.009797,0.009797,0.063837,0.009797],[0.861580,0.054013,0.009804,0.010069,0.054730,0.009804],[0.865569,0.049414,0.009769,0.009769,0.055710,0.009769],[0.858640,0.046696,0.009771,0.009771,0.065352,0.009771],[0.871396,0.044289,0.009777,0.009777,0.054984,0.009777],[0.884509,0.045196,0.009781,0.009781,0.040951,0.009781],[0.880334,0.047970,0.009782,0.009782,0.042350,0.009782],[0.840591,0.060291,0.009782,0.009782,0.069770,0.009782],[0.175370,0.070636,0.009783,0.009783,0.724645,0.009783],[0.773818,0.036839,0.108113,0.009860,0.061511,0.009860],[0.782015,0.032611,0.096382,0.009877,0.069238,0.009877],[0.825105,0.028993,0.078603,0.009845,0.047609,0.009845],[0.952381,0.009524,0.009524,0.009524,0.009524,0.009524],[0.952381,0.009524,0.009524,0.009524,0.009524,0.009524],[0.952381,0.009524,0.009524,0.009524,0.009524,0.009524]],
  [[0.952381,0.009524,0.009524,0.009524,0.009524,0.009524],[0.900526,0.015674,0.040502,0.009822,0.023653,0.009822],[0.107411,0.037719,0.009775,0.009775,0.825545,0.009775],[0.864635,0.055558,0.009791,0.009791,0.050435,0.009791],[0.855865,0.058222,0.009770,0.009770,0.056602,0.009770],[0.836227,0.060904,0.009799,0.009799,0.073472,0.009799],[0.829280,0.064406,0.009795,0.009795,0.076929,0.009795],[0.128464,0.049628,0.009775,0.009775,0.792584,0.009775],[0.826995,0.060882,0.009804,0.010046,0.082469,0.009804],[0.839232,0.057545,0.009796,0.009796,0.073835,0.009796],[0.850980,0.049976,0.009771,0.009771,0.069730,0.009771],[0.861774,0.051844,0.009762,0.009762,0.057094,0.009762],[0.101747,0.042999,0.009774,0.009774,0.825933,0.009774],[0.877398,0.045477,0.009777,0.009777,0.047794,0.009777],[0.850349,0.058742,0.009803,0.009803,0.061500,0.009803],[0.185199,0.063043,0.009767,0.009767,0.722457,0.009767],[0.162408,0.077043,0.009777,0.009777,0.731218,0.009777],[0.165998,0.080878,0.009801,0.009801,0.723721,0.009801],[0.803167,0.084367,0.009803,0.009803,0.083057,0.009803],[0.820911,0.071832,0.009792,0.009792,0.077881,0.009792],[0.807061,0.079004,0.009804,0.010047,0.084280,0.009804],[0.601408,0.091024,0.009804,0.018276,0.269684,0.009804],[0.799473,0.079381,0.009794,0.009794,0.091764,0.009794],[0.135055,0.058240,0.009774,0.009774,0.777383,0.009774],[0.848532,0.060579,0.009783,0.009783,0.061541,0.009783],[0.859541,0.053050,0.009781,0.009781,0.058066,0.009781],[0.873462,0.049740,0.009749,0.009749,0.047552,0.009749],[0.883215,0.041427,0.009765,0.009765,0.046062,0.009765],[0.111772,0.041721,0.009759,0.009759,0.817229,0.009759],[0.887518,0.038956,0.009769,0.009769,0.044219,0.009769],[0.891376,0.041023,0.009772,0.009772,0.038286,0.009772],[0.871113,0.046922,0.009768,0.009768,0.052659,0.009768],[0.838650,0.059791,0.009771,0.009771,0.072247,0.009771],[0.825241,0.066313,0.009804,0.010195,0.078642,0.009804],[0.800237,0.076776,0.009801,0.009801,0.093585,0.009801],[0.808991,0.070638,0.009804,0.010823,0.089939,0.009804],[0.784891,0.027542,0.096978,0.009850,0.070891,0.009850],[0.952381,0.009524,0.009524,0.009524,0.009524,0.009524],[0.952381,0.009524,0.009524,0.009524,0.009524,0.009524],[0.952381,0.009524,0.009524,0.009524,0.009524,0.009524]],
  [[0.952381,0.009524,0.009524,0.009524,0.009524,0.009524],[0.907862,0.014070,0.034770,0.009843,0.023612,0.009843],[0.110037,0.036721,0.009750,0.009750,0.823993,0.009750],[0.884077,0.042860,0.009774,0.009774,0.043740,0.009774],[0.124440,0.049731,0.009782,0.009782,0.796483,0.009782],[0.123136,0.049275,0.009784,0.009784,0.798235,0.009784],[0.830935,0.063693,0.009783,0.009783,0.076023,0.009783],[0.844874,0.062019,0.009804,0.010791,0.062708,0.009804],[0.165154,0.061719,0.009799,0.009799,0.743730,0.009799],[0.862127,0.050287,0.009787,0.009787,0.058225,0.009787],[0.879237,0.045131,0.009748,0.009748,0.046388,0.009748],[0.096477,0.041135,0.009773,0.009773,0.833068,0.009773],[0.103387,0.040239,0.009748,0.009748,0.827131,0.009748],[0.106385,0.042510,0.009774,0.009774,0.821785,0.009774],[0.877529,0.045497,0.009766,0.009766,0.047676,0.009766],[0.852544,0.060833,0.009790,0.009790,0.057254,0.009790],[0.841445,0.065248,0.009779,0.009779,0.063970,0.009779],[0.123313,0.059330,0.009786,0.009786,0.787998,0.009786],[0.136420,0.067821,0.009796,0.009796,0.766372,0.009796],[0.805922,0.070606,0.009804,0.012072,0.091791,0.009804],[0.808929,0.077185,0.009804,0.013552,0.080726,0.009804],[0.794802,0.081745,0.009804,0.010639,0.093206,0.009804],[0.780624,0.086994,0.009804,0.011054,0.101721,0.009804],[0.811752,0.074933,0.009803,0.009803,0.083906,0.009803],[0.164858,0.056290,0.009803,0.009803,0.749444,0.009803],[0.852185,0.052138,0.009769,0.009769,0.066369,0.009769],[0.878563,0.041266,0.009776,0.009776,0.050842,0.009776],[0.894398,0.038268,0.009776,0.009776,0.038008,0.009776],[0.889858,0.041083,0.009763,0.009763,0.039771,0.009763],[0.893595,0.039520,0.009769,0.009769,0.037578,0.009769],[0.889263,0.042940,0.009770,0.009770,0.038488,0.009770],[0.879553,0.043778,0.009761,0.009761,0.047386,0.009761],[0.854597,0.059037,0.009792,0.009792,0.056991,0.009792],[0.832768,0.063138,0.009781,0.009781,0.074752,0.009781],[0.607181,0.095103,0.009804,0.010072,0.268036,0.009804],[0.805357,0.085341,0.009804,0.009955,0.079740,0.009804],[0.160553,0.034728,0.093356,0.011059,0.690403,0.009901],[0.816063,0.028260,0.083398,0.009874,0.052531,0.009874],[0.874436,0.016607,0.046745,0.009847,0.042517,0.009847],[0.952381,0.009524,0.009524,0.009524,0.009524,0.009524]],
  [[0.952381,0.009524,0.009524,0.009524,0.009524,0.009524],[0.903023,0.014657,0.039571,0.009824,0.023100,0.009824],[0.898785,0.035755,0.009771,0.009771,0.036148,0.009771],[0.887907,0.048693,0.009744,0.009744,0.034169,0.009744],[0.874141,0.057844,0.009784,0.009784,0.038663,0.009784],[0.855340,0.061225,0.009794,0.009794,0.054052,0.009794],[0.851690,0.061952,0.009797,0.009797,0.056968,0.009797],[0.626325,0.078007,0.009804,0.011435,0.264625,0.009804],[0.811643,0.033739,0.090582,0.009853,0.044331,0.009853],[0.841411,0.024198,0.069623,0.009868,0.045032,0.009868],[0.862796,0.026547,0.057158,0.009845,0.033810,0.009845],[0.901577,0.038028,0.009754,0.009754,0.031134,0.009754],[0.898734,0.037337,0.009756,0.009756,0.034662,0.009756],[0.896768,0.040004,0.009761,0.009761,0.033946,0.009761],[0.886408,0.039884,0.009774,0.009774,0.044387,0.009774],[0.881558,0.047031,0.009768,0.009768,0.042106,0.009768],[0.108545,0.045832,0.009774,0.009774,0.816300,0.009774],[0.105278,0.054535,0.009764,0.009764,0.810897,0.009764],[0.834049,0.071172,0.009770,0.009770,0.065468,0.009770],[0.808214,0.080038,0.009784,0.009784,0.082395,0.009784],[0.796579,0.085056,0.009804,0.011764,0.086993,0.009804],[0.187444,0.076733,0.009804,0.014404,0.701811,0.009804],[0.783303,0.087453,0.009804,0.010284,0.099352,0.009804],[0.569681,0.099028,0.009804,0.014280,0.297403,0.009804],[0.832658,0.071491,0.009797,0.009797,0.066461,0.009797],[0.861142,0.050942,0.009801,0.009801,0.058514,0.009801],[0.881113,0.040913,0.009772,0.009772,0.048658,0.009772],[0.897516,0.037425,0.009764,0.009764,0.035765,0.009764],[0.901416,0.038033,0.009769,0.009769,0.031244,0.009769],[0.909706,0.034152,0.009770,0.009770,0.026832,0.009770],[0.103004,0.034223,0.009754,0.009754,0.833511,0.009754],[0.124250,0.044471,0.009771,0.009771,0.801964,0.009771],[0.874006,0.053139,0.009781,0.009781,0.043512,0.009781],[0.843238,0.062184,0.009788,0.009788,0.065216,0.009788],[0.175914,0.068409,0.009790,0.009790,0.726306,0.009790],[0.219815,0.079404,0.009792,0.009792,0.671403,0.009792],[0.594392,0.092822,0.009804,0.013236,0.279943,0.009804],[0.862653,0.050755,0.009787,0.009787,0.057230,0.009787],[0.853680,0.019631,0.061269,0.009859,0.045702,0.009859],[0.952381,0.009524,0.009524,0.009524,0.009524,0.009524]],
  [[0.952381,0.009524,0.009524,0.009524,0.009524,0.009524],[0.895752,0.013948,0.041238,0.009835,0.029393,0.009835],[0.092683,0.039548,0.009752,0.009752,0.838511,0.009752],[0.122481,0.042741,0.009771,0.009771,0.805464,0.009771],[0.857326,0.050584,0.009796,0.009796,0.062700,0.009796],[0.848229,0.057274,0.009803,0.009803,0.065089,0.009803],[0.776231,0.033921,0.101145,0.009871,0.068961,0.009871],[0.803146,0.026630,0.088335,0.009874,0.062142,0.009874],[0.844523,0.023180,0.063756,0.009864,0.048813,0.009864],[0.952381,0.009524,0.009524,0.009524,0.009524,0.009524],[0.877663,0.016057,0.048620,0.009839,0.037982,0.009839],[0.893959,0.017208,0.041792,0.009847,0.027346,0.009847],[0.087341,0.017565,0.051560,0.009830,0.823873,0.009830],[0.916654,0.032101,0.009747,0.009747,0.022006,0.009747],[0.898902,0.035413,0.009749,0.009749,0.036438,0.009749],[0.879317,0.044257,0.009777,0.009777,0.047096,0.009777],[0.099719,0.043042,0.009762,0.009762,0.827954,0.009762],[0.863883,0.058775,0.009777,0.009777,0.048010,0.009777],[0.121035,0.053368,0.009795,0.009795,0.796213,0.009795],[0.833298,0.073214,0.009804,0.009878,0.064002,0.009804],[0.581135,0.101919,0.009804,0.010531,0.286807,0.009804],[0.807504,0.079340,0.009804,0.009804,0.083744,0.009804],[0.815379,0.077302,0.009796,0.009796,0.077931,0.009796],[0.167726,0.062849,0.009804,0.010084,0.739732,0.009804],[0.159595,0.059252,0.009793,0.009793,0.751773,0.009793],[0.856685,0.054534,0.009784,0.009784,0.059431,0.009784],[0.885468,0.038067,0.009767,0.009767,0.047165,0.009767],[0.899048,0.039827,0.009758,0.009758,0.031851,0.009758],[0.898331,0.034924,0.009758,0.009758,0.037472,0.009758],[0.902529,0.034193,0.009773,0.009773,0.033961,0.009773],[0.907961,0.034024,0.009755,0.009755,0.028749,0.009755],[0.895227,0.038652,0.009756,0.009756,0.036853,0.009756],[0.876397,0.049308,0.009764,0.009764,0.045002,0.009764],[0.856540,0.048087,0.009796,0.009796,0.065986,0.009796],[0.845828,0.058401,0.009801,0.009801,0.066369,0.009801],[0.829417,0.066294,0.009786,0.009786,0.074930,0.009786],[0.835509,0.059398,0.009787,0.009787,0.075732,0.009787],[0.183200,0.051295,0.009796,0.009796,0.736115,0.009796],[0.848596,0.020567,0.064794,0.009855,0.046335,0.009855],[0.952381,0.009524,0.009524,0.009524,0.009524,0.009524]],
  [[0.952381,0.009524,0.009524,0.009524,0.009524,0.009524],[0.076388,0.017525,0.045774,0.009822,0.840671,0.009822],[0.096685,0.043028,0.009760,0.009760,0.831008,0.009760],[0.872367,0.051182,0.009787,0.009787,0.047089,0.009787],[0.856301,0.055729,0.009788,0.009788,0.058606,0.009788],[0.786802,0.033089,0.098825,0.009882,0.061521,0.009882],[0.814557,0.027043,0.079841,0.009862,0.058834,0.009862],[0.952381,0.009524,0.009524,0.009524,0.009524,0.009524],[0.952381,0.009524,0.009524,0.009524,0.009524,0.009524],[0.952381,0.009524,0.009524,0.009524,0.009524,0.009524],[0.952381,0.009524,0.009524,0.009524,0.009524,0.009524],[0.952381,0.009524,0.009524,0.009524,0.009524,0.009524],[0.897300,0.014997,0.041861,0.009843,0.026157,0.009843],[0.910395,0.028321,0.009736,0.009736,0.032077,0.009736],[0.907641,0.031014,0.009763,0.009763,0.032055,0.009763],[0.102576,0.039560,0.009773,0.009773,0.828544,0.009773],[0.883128,0.044414,0.009752,0.009752,0.043201,0.009752],[0.887423,0.043747,0.009761,0.009761,0.039547,0.009761],[0.119741,0.046080,0.009786,0.009786,0.804821,0.009786],[0.152801,0.055273,0.009785,0.009785,0.762570,0.009785],[0.191644,0.052725,0.009804,0.010548,0.725474,0.009804],[0.823878,0.066106,0.009793,0.009793,0.080636,0.009793],[0.835485,0.062840,0.009774,0.009774,0.072354,0.009774],[0.833521,0.062737,0.009767,0.009767,0.074442,0.009767],[0.129492,0.049363,0.009794,0.009794,0.791763,0.009794],[0.854995,0.054093,0.009786,0.009786,0.061555,0.009786],[0.882777,0.046342,0.009775,0.009775,0.041556,0.009775],[0.894055,0.040524,0.009767,0.009767,0.036120,0.009767],[0.900761,0.038100,0.009775,0.009775,0.031812,0.009775],[0.901616,0.037039,0.009756,0.009756,0.032077,0.009756],[0.909523,0.032089,0.009759,0.009759,0.029110,0.009759],[0.103251,0.036339,0.009738,0.009738,0.831196,0.009738],[0.886486,0.040145,0.009785,0.009785,0.044015,0.009785],[0.887488,0.044320,0.009746,0.009746,0.038955,0.009746],[0.856580,0.051943,0.009804,0.011906,0.059964,0.009804],[0.848244,0.057429,0.009791,0.009791,0.064953,0.009791],[0.848004,0.055961,0.009779,0.009779,0.066697,0.009779],[0.874286,0.046378,0.009775,0.009775,0.050011,0.009775],[0.862276,0.016907,0.055532,0.009845,0.045595,0.009845],[0.952381,0.009524,0.009524,0.009524,0.009524,0.009524]],
  [[0.952381,0.009524,0.009524,0.009524,0.009524,0.009524],[0.897308,0.016509,0.040762,0.009837,0.025748,0.009837],[0.894220,0.040974,0.009754,0.009754,0.035544,0.009754],[0.128983,0.044094,0.009753,0.009753,0.797665,0.009753],[0.874668,0.048530,0.009800,0.009800,0.047401,0.009800],[0.503859,0.032365,0.204239,0.011160,0.238476,0.009901],[0.952381,0.009524,0.009524,0.009524,0.009524,0.009524],[0.952381,0.009524,0.009524,0.009524,0.009524,0.009524],[0.913669,0.012592,0.025983,0.009824,0.028109,0.009824],[0.915166,0.012245,0.034814,0.009826,0.018123,0.009826],[0.952381,0.009524,0.009524,0.009524,0.009524,0.009524],[0.952381,0.009524,0.009524,0.009524,0.009524,0.009524],[0.901321,0.015941,0.034072,0.009831,0.029006,0.009831],[0.914172,0.026878,0.009763,0.009763,0.029662,0.009763],[0.899838,0.034049,0.009755,0.009755,0.036847,0.009755],[0.902844,0.041501,0.009765,0.009765,0.026359,0.009765],[0.115807,0.037282,0.009763,0.009763,0.817620,0.009763],[0.895979,0.038700,0.009776,0.009776,0.035994,0.009776],[0.876778,0.045370,0.009755,0.009755,0.048588,0.009755],[0.009524,0.009524,0.009524,0.009524,0.009524,0.952381],[0.870845,0.043113,0.009766,0.009766,0.056746,0.009766],[0.862519,0.046168,0.009766,0.009766,0.062015,0.009766],[0.121688,0.047252,0.009777,0.009777,0.801730,0.009777],[0.873258,0.051163,0.009762,0.009762,0.046292,0.009762],[0.865212,0.058298,0.009801,0.009801,0.047088,0.009801],[0.865914,0.047811,0.009764,0.009764,0.056983,0.009764],[0.867168,0.049874,0.009769,0.009769,0.053651,0.009769],[0.115493,0.043239,0.009771,0.009771,0.811954,0.009771],[0.874284,0.037688,0.009754,0.009754,0.058767,0.009754],[0.902609,0.033354,0.009757,0.009757,0.034765,0.009757],[0.899527,0.033739,0.009768,0.009768,0.037430,0.009768],[0.904924,0.032712,0.009749,0.009749,0.033117,0.009749],[0.895464,0.036464,0.009769,0.009769,0.038766,0.009769],[0.893486,0.037172,0.009782,0.009782,0.039996,0.009782],[0.890672,0.042839,0.009748,0.009748,0.037246,0.009748],[0.107893,0.042491,0.009788,0.009788,0.820252,0.009788],[0.093570,0.043394,0.009779,0.009779,0.833701,0.009779],[0.899496,0.038949,0.009758,0.009758,0.032280,0.009758],[0.883799,0.019278,0.050255,0.009833,0.027002,0.009833],[0.952381,0.009524,0.009524,0.009524,0.009524,0.009524]],
  [[0.952381,0.009524,0.009524,0.009524,0.009524,0.009524],[0.086028,0.018435,0.040382,0.009848,0.835458,0.009848],[0.903199,0.037181,0.009786,0.009786,0.030261,0.009786],[0.884019,0.041384,0.009748,0.009748,0.045355,0.009748],[0.828553,0.032026,0.071603,0.009859,0.048100,0.009859],[0.839069,0.019255,0.075930,0.009874,0.045998,0.009874],[0.952381,0.009524,0.009524,0.009524,0.009524,0.009524],[0.952381,0.009524,0.009524,0.009524,0.009524,0.009524],[0.906842,0.015396,0.035964,0.009822,0.022154,0.009822],[0.916176,0.013257,0.034148,0.009830,0.016758,0.009830],[0.921782,0.010498,0.028630,0.009830,0.019431,0.009830],[0.952381,0.009524,0.009524,0.009524,0.009524,0.009524],[0.910695,0.015790,0.031175,0.009830,0.022679,0.009830],[0.901595,0.016397,0.037525,0.009845,0.024793,0.009845],[0.084188,0.035651,0.009756,0.009756,0.850892,0.009756],[0.899056,0.038987,0.009747,0.009747,0.032715,0.009747],[0.898048,0.037342,0.009771,0.009771,0.035297,0.009771],[0.898824,0.036924,0.009743,0.009743,0.035024,0.009743],[0.905966,0.025724,0.009769,0.009769,0.039003,0.009769],[0.894377,0.032312,0.009781,0.009781,0.043969,0.009781],[0.009524,0.009524,0.009524,0.009524,0.009524,0.952381],[0.009524,0.009524,0.009524,0.009524,0.009524,0.952381],[0.080221,0.038182,0.009766,0.009766,0.852299,0.009766],[0.111975,0.041659,0.009769,0.009769,0.817061,0.009769],[0.869540,0.049609,0.009773,0.009773,0.051530,0.009773],[0.163332,0.061016,0.009804,0.010802,0.745242,0.009804],[0.163615,0.058746,0.009771,0.009771,0.748325,0.009771],[0.863360,0.051462,0.009758,0.009758,0.055904,0.009758],[0.100944,0.039389,0.009754,0.009754,0.830404,0.009754],[0.894530,0.035546,0.009762,0.009762,0.040638,0.009762],[0.905889,0.035596,0.009741,0.009741,0.029293,0.009741],[0.897355,0.036827,0.009747,0.009747,0.036577,0.009747],[0.097495,0.035159,0.009756,0.009756,0.838077,0.009756],[0.895381,0.037616,0.009754,0.009754,0.037743,0.009754],[0.896005,0.039521,0.009785,0.009785,0.035121,0.009785],[0.895593,0.041582,0.009756,0.009756,0.033556,0.009756],[0.101352,0.047973,0.009748,0.009748,0.821429,0.009748],[0.085495,0.045505,0.009737,0.009737,0.839789,0.009737],[0.084971,0.017794,0.047012,0.009855,0.830513,0.009855],[0.952381,0.009524,0.009524,0.009524,0.009524,0.009524]],
  [[0.952381,0.009524,0.009524,0.009524,0.009524,0.009524],[0.904687,0.013666,0.035072,0.009834,0.026906,0.009834],[0.100822,0.035568,0.009770,0.009770,0.834299,0.009770],[0.857720,0.020677,0.060568,0.009857,0.041321,0.009857],[0.089561,0.020302,0.049097,0.009853,0.821333,0.009853],[0.952381,0.009524,0.009524,0.009524,0.009524,0.009524],[0.952381,0.009524,0.009524,0.009524,0.009524,0.009524],[0.879262,0.016464,0.042595,0.009849,0.041980,0.009849],[0.096575,0.021391,0.053147,0.009844,0.809199,0.009844],[0.103606,0.036946,0.009773,0.009773,0.830129,0.009773],[0.910013,0.013941,0.037581,0.009841,0.018783,0.009841],[0.952381,0.009524,0.009524,0.009524,0.009524,0.009524],[0.952381,0.009524,0.009524,0.009524,0.009524,0.009524],[0.086706,0.019775,0.040701,0.009866,0.833085,0.009866],[0.906141,0.038628,0.009743,0.009743,0.026002,0.009743],[0.111531,0.038872,0.009736,0.009736,0.820388,0.009736],[0.113250,0.033597,0.009754,0.009754,0.823892,0.009754],[0.908698,0.036605,0.009758,0.009758,0.025424,0.009758],[0.913548,0.031710,0.009749,0.009749,0.025496,0.009749],[0.908927,0.032057,0.009772,0.009772,0.029700,0.009772],[0.091134,0.027555,0.009740,0.009740,0.852092,0.009740],[0.009524,0.009524,0.009524,0.009524,0.009524,0.952381],[0.909194,0.029106,0.009767,0.009767,0.032398,0.009767],[0.891925,0.036169,0.009751,0.009751,0.042651,0.009751],[0.862322,0.043546,0.009775,0.009775,0.064809,0.009775],[0.862571,0.053608,0.009788,0.009788,0.054457,0.009788],[0.612271,0.078389,0.009804,0.010685,0.279047,0.009804],[0.009524,0.009524,0.009524,0.009524,0.009524,0.952381],[0.115166,0.035446,0.009761,0.009761,0.820105,0.009761],[0.889326,0.037513,0.009756,0.009756,0.043893,0.009756],[0.900308,0.032676,0.009759,0.009759,0.037737,0.009759],[0.901620,0.033921,0.009790,0.009790,0.035089,0.009790],[0.901283,0.034443,0.009768,0.009768,0.034969,0.009768],[0.895865,0.039422,0.009760,0.009760,0.035431,0.009760],[0.105817,0.034648,0.009770,0.009770,0.830225,0.009770],[0.895357,0.040923,0.009750,0.009750,0.034471,0.009750],[0.099507,0.033822,0.009758,0.009758,0.837395,0.009758],[0.911870,0.031280,0.009763,0.009763,0.027560,0.009763],[0.082264,0.017965,0.045021,0.009830,0.835089,0.009830],[0.952381,0.009524,0.009524,0.009524,0.009524,0.009524]],
  [[0.952381,0.009524,0.009524,0.009524,0.009524,0.009524],[0.916006,0.013375,0.031330,0.009830,0.019628,0.009830],[0.906166,0.013060,0.034665,0.009843,0.026423,0.009843],[0.896891,0.013933,0.041597,0.009830,0.027917,0.009830],[0.952381,0.009524,0.009524,0.009524,0.009524,0.009524],[0.903084,0.015664,0.038452,0.009822,0.023155,0.009822],[0.901991,0.015326,0.041761,0.009831,0.021262,0.009831],[0.900631,0.016815,0.040913,0.009849,0.021943,0.009849],[0.910635,0.027491,0.009752,0.009752,0.032617,0.009752],[0.908664,0.015661,0.034801,0.009826,0.021221,0.009826],[0.085224,0.014126,0.037150,0.009834,0.843832,0.009834],[0.952381,0.009524,0.009524,0.009524,0.009524,0.009524],[0.902844,0.014283,0.031471,0.009832,0.031738,0.009832],[0.888981,0.018322,0.049595,0.009827,0.023449,0.009827],[0.899660,0.037004,0.009751,0.009751,0.034082,0.009751],[0.888392,0.043394,0.009757,0.009757,0.038945,0.009757],[0.892547,0.039603,0.009763,0.009763,0.038562,0.009763],[0.903290,0.033567,0.009766,0.009766,0.033844,0.009766],[0.892573,0.039142,0.009760,0.009760,0.039004,0.009760],[0.089546,0.040842,0.009757,0.009757,0.840341,0.009757],[0.894162,0.036736,0.009767,0.009767,0.039803,0.009767],[0.893255,0.034495,0.009755,0.009755,0.042983,0.009755],[0.891367,0.035512,0.009773,0.009773,0.043802,0.009773],[0.009524,0.009524,0.009524,0.009524,0.009524,0.952381],[0.009524,0.009524,0.009524,0.009524,0.009524,0.952381],[0.856290,0.054471,0.009779,0.009779,0.059902,0.009779],[0.009524,0.009524,0.009524,0.009524,0.009524,0.952381],[0.137960,0.051674,0.009785,0.009785,0.781012,0.009785],[0.106446,0.039172,0.009766,0.009766,0.825084,0.009766],[0.901301,0.035767,0.009773,0.009773,0.033614,0.009773],[0.908792,0.033146,0.009768,0.009768,0.028758,0.009768],[0.905442,0.033656,0.009745,0.009745,0.031668,0.009745],[0.899359,0.035069,0.009743,0.009743,0.036345,0.009743],[0.896108,0.037077,0.009743,0.009743,0.037587,0.009743],[0.087632,0.042590,0.009760,0.009760,0.840499,0.009760],[0.899563,0.038847,0.009763,0.009763,0.032302,0.009763],[0.905290,0.031386,0.009757,0.009757,0.034052,0.009757],[0.907760,0.033302,0.009753,0.009753,0.029680,0.009753],[0.905396,0.016191,0.034086,0.009831,0.024666,0.009831],[0.952381,0.009524,0.009524,0.009524,0.009524,0.009524]],
  [[0.952381,0.009524,0.009524,0.009524,0.009524,0.009524],[0.084995,0.012537,0.031449,0.009847,0.851323,0.009847],[0.952381,0.009524,0.009524,0.009524,0.009524,0.009524],[0.952381,0.009524,0.009524,0.009524,0.009524,0.009524],[0.009524,0.009524,0.009524,0.009524,0.009524,0.952381],[0.902069,0.015561,0.035661,0.009831,0.027047,0.009831],[0.106747,0.031914,0.009744,0.009744,0.832105,0.009744],[0.920025,0.027199,0.009733,0.009733,0.023576,0.009733],[0.923254,0.027431,0.009729,0.009729,0.020127,0.009729],[0.902710,0.015059,0.036029,0.009833,0.026537,0.009833],[0.952381,0.009524,0.009524,0.009524,0.009524,0.009524],[0.952381,0.009524,0.009524,0.009524,0.009524,0.009524],[0.905480,0.016503,0.030154,0.009847,0.028168,0.009847],[0.102293,0.040001,0.009755,0.009755,0.828442,0.009755],[0.892525,0.041570,0.009754,0.009754,0.036643,0.009754],[0.106325,0.042486,0.009771,0.009771,0.821876,0.009771],[0.890311,0.039079,0.009782,0.009782,0.041263,0.009782],[0.887864,0.041278,0.009781,0.009781,0.041516,0.009781],[0.871232,0.045424,0.009770,0.009770,0.054033,0.009770],[0.113404,0.041248,0.009759,0.009759,0.816070,0.009759],[0.102787,0.049353,0.009770,0.009770,0.818550,0.009770],[0.872970,0.048805,0.009785,0.009785,0.048872,0.009785],[0.094824,0.048189,0.009751,0.009751,0.827735,0.009751],[0.111339,0.043678,0.009767,0.009767,0.815682,0.009767],[0.834891,0.063578,0.009788,0.009788,0.072167,0.009788],[0.839389,0.059131,0.009803,0.009803,0.072070,0.009803],[0.840956,0.063673,0.009786,0.009786,0.066014,0.009786],[0.104582,0.045131,0.009767,0.009767,0.820987,0.009767],[0.092497,0.046134,0.009781,0.009781,0.832025,0.009781],[0.899042,0.034975,0.009779,0.009779,0.036645,0.009779],[0.896904,0.038066,0.009756,0.009756,0.035763,0.009756],[0.903715,0.035005,0.009768,0.009768,0.031975,0.009768],[0.107439,0.034415,0.009742,0.009742,0.828919,0.009742],[0.098758,0.041502,0.009764,0.009764,0.830447,0.009764],[0.894546,0.042575,0.009752,0.009752,0.033622,0.009752],[0.107776,0.038050,0.009761,0.009761,0.824890,0.009761],[0.905929,0.032928,0.009774,0.009774,0.031820,0.009774],[0.093179,0.035440,0.009770,0.009770,0.842071,0.009770],[0.079486,0.016403,0.045054,0.009853,0.839352,0.009853],[0.952381,0.009524,0.009524,0.009524,0.009524,0.009524]],
  [[0.952381,0.009524,0.009524,0.009524,0.009524,0.009524],[0.922464,0.009813,0.026016,0.009813,0.022081,0.009813],[0.952381,0.009524,0.009524,0.009524,0.009524,0.009524],[0.898607,0.016699,0.034535,0.009826,0.030507,0.009826],[0.897051,0.015322,0.036076,0.009833,0.031886,0.009833],[0.910321,0.026579,0.009738,0.009738,0.033888,0.009738],[0.915087,0.022548,0.009754,0.009754,0.033105,0.009754],[0.912179,0.024941,0.009733,0.009733,0.033680,0.009733],[0.093040,0.033001,0.009765,0.009765,0.844664,0.009765],[0.912775,0.013269,0.031764,0.009834,0.022523,0.009834],[0.911719,0.012353,0.031983,0.009822,0.024301,0.009822],[0.952381,0.009524,0.009524,0.009524,0.009524,0.009524],[0.902516,0.015971,0.036169,0.009837,0.025671,0.009837],[0.857613,0.023469,0.055097,0.009855,0.044112,0.009855],[0.873778,0.045157,0.009761,0.009761,0.051781,0.009761],[0.110426,0.050195,0.009775,0.009775,0.810055,0.009775],[0.868537,0.053262,0.009776,0.009776,0.048872,0.009776],[0.865135,0.052239,0.009758,0.009758,0.053352,0.009758],[0.859267,0.054585,0.009788,0.009788,0.056783,0.009788],[0.854670,0.055181,0.009761,0.009761,0.060866,0.009761],[0.858340,0.056820,0.009786,0.009786,0.055482,0.009786],[0.119402,0.059553,0.009777,0.009777,0.791716,0.009777],[0.108163,0.061550,0.009779,0.009779,0.800949,0.009779],[0.150079,0.079920,0.009785,0.009785,0.740646,0.009785],[0.175286,0.086772,0.009789,0.009789,0.708575,0.009789],[0.173964,0.080570,0.009788,0.009788,0.716103,0.009788],[0.859421,0.062239,0.009776,0.009776,0.049013,0.009776],[0.105570,0.046968,0.009789,0.009789,0.818097,0.009789],[0.885244,0.041520,0.009761,0.009761,0.043953,0.009761],[0.896576,0.039926,0.009739,0.009739,0.034282,0.009739],[0.896415,0.035683,0.009762,0.009762,0.038616,0.009762],[0.902421,0.032787,0.009740,0.009740,0.035571,0.009740],[0.897546,0.040968,0.009783,0.009783,0.032137,0.009783],[0.893441,0.042680,0.009748,0.009748,0.034636,0.009748],[0.897786,0.038723,0.009749,0.009749,0.034243,0.009749],[0.902731,0.036994,0.009751,0.009751,0.031021,0.009751],[0.898631,0.035679,0.009747,0.009747,0.036449,0.009747],[0.919718,0.028914,0.009727,0.009727,0.022185,0.009727],[0.073893,0.015384,0.036939,0.009841,0.854101,0.009841],[0.952381,0.009524,0.009524,0.009524,0.009524,0.009524]],
