[
  [[0.952381,0.009524,0.009524,0.009524,0.009524,0.009524],[0.952381,0.009524,0.009524,0.009524,0.009524,0.009524],[0.952381,0.009524,0.009524,0.009524,0.009524,0.009524],[0.952381,0.009524,0.009524,0.009524,0.009524,0.009524],[0.952381,0.009524,0.009524,0.009524,0.009524,0.009524],[0.952381,0.009524,0.009524,0.009524,0.009524,0.009524],[0.952381,0.009524,0.009524,0.009524,0.009524,0.009524],[0.952381,0.009524,0.009524,0.009524,0.009524,0.009524],[0.952381,0.009524,0.009524,0.009524,0.009524,0.009524],[0.952381,0.009524,0.009524,0.009524,0.009524,0.009524],[0.952381,0.009524,0.009524,0.009524,0.009524,0.009524],[0.952381,0.009524,0.009524,0.009524,0.009524,0.009524],[0.952381,0.009524,0.009524,0.009524,0.009524,0.009524],[0.952381,0.009524,0.009524,0.009524,0.009524,0.009524],[0.952381,0.009524,0.009524,0.009524,0.009524,0.009524],[0.952381,0.009524,0.009524,0.009524,0.009524,0.009524],[0.952381,0.009524,0.009524,0.009524,0.009524,0.009524],[0.952381,0.009524,0.009524,0.009524,0.009524,0.009524],[0.952381,0.009524,0.009524,0.009524,0.009524,0.009524],[0.952381,0.009524,0.009524,0.009524,0.009524,0.009524],[0.952381,0.009524,0.009524,0.009524,0.009524,0.009524],[0.952381,0.009524,0.009524,0.009524,0.009524,0.009524],[0.952381,0.009524,0.009524,0.009524,0.009524,0.009524],[0.952381,0.009524,0.009524,0.009524,0.009524,0.009524],[0.952381,0.009524,0.009524,0.009524,0.009524,0.009524],[0.952381,0.009524,0.009524,0.009524,0.009524,0.009524],[0.952381,0.009524,0.009524,0.009524,0.009524,0.009524],[0.952381,0.009524,0.009524,0.009524,0.009524,0.009524],[0.952381,0.009524,0.009524,0.009524,0.009524,0.009524],[0.952381,0.009524,0.009524,0.009524,0.009524,0.009524],[0.952381,0.009524,0.009524,0.009524,0.009524,0.009524],[0.952381,0.009524,0.009524,0.009524,0.009524,0.009524],[0.952381,0.009524,0.009524,0.009524,0.009524,0.009524],[0.952381,0.009524,0.009524,0.009524,0.009524,0.009524],[0.952381,0.009524,0.009524,0.009524,0.009524,0.009524],[0.952381,0.009524,0.009524,0.009524,0.009524,0.009524],[0.952381,0.009524,0.009524,0.009524,0.009524,0.009524],[0.952381,0.009524,0.009524,0.009524,0.009524,0.009524],[0.952381,0.009524,0.009524,0.009524,0.009524,0.009524],[0.952381,0.009524,0.009524,0.009524,0.009524,0.009524]],
  [[0.952381,0.009524,0.009524,0.009524,0.009524,0.009524],[0.936951,0.009780,0.019384,0.009780,0.014324,0.009780],[0.933473,0.009797,0.020347,0.009797,0.016789,0.009797],[0.952381,0.009524,0.009524,0.009524,0.009524,0.009524],[0.071953,0.013642,0.039411,0.009845,0.855302,0.009845],[0.912892,0.015575,0.029610,0.009843,0.022237,0.009843],[0.911883,0.015315,0.037680,0.009835,0.015452,0.009835],[0.890629,0.017103,0.044706,0.009849,0.027863,0.009849],[0.871173,0.018734,0.052934,0.009850,0.037459,0.009850],[0.843016,0.021999,0.062854,0.009846,0.052439,0.009846],[0.830347,0.020707,0.082071,0.009861,0.047152,0.009861],[0.834388,0.021288,0.075579,0.009851,0.049043,0.009851],[0.827003,0.024244,0.075285,0.009866,0.053735,0.009866],[0.817633,0.024417,0.072065,0.009849,0.066186,0.009849],[0.846471,0.020859,0.069530,0.009855,0.043431,0.009855],[0.836463,0.024599,0.071320,0.009886,0.047846,0.009886],[0.855056,0.022323,0.064321,0.009859,0.038581,0.009859],[0.876051,0.019025,0.051887,0.009831,0.033375,0.009831],[0.080469,0.019127,0.050125,0.009837,0.830606,0.009837],[0.890278,0.016026,0.044857,0.009839,0.029161,0.009839],[0.897214,0.013332,0.040400,0.009841,0.029372,0.009841],[0.902883,0.018615,0.033066,0.009825,0.025787,0.009825],[0.087557,0.015929,0.047438,0.009837,0.829403,0.009837],[0.904958,0.017328,0.033591,0.009856,0.024412,0.009856],[0.893658,0.013471,0.045712,0.009839,0.027482,0.009839],[0.900651,0.017041,0.041683,0.009841,0.020943,0.009841],[0.080827,0.017114,0.037450,0.009830,0.844949,0.009830],[0.904464,0.018413,0.033553,0.009837,0.023896,0.009837],[0.897238,0.016263,0.039128,0.009841,0.027689,0.009841],[0.903490,0.017047,0.036123,0.009818,0.023704,0.009818],[0.905115,0.014261,0.035048,0.009824,0.025927,0.009824],[0.911784,0.014388,0.030630,0.009830,0.023537,0.009830],[0.922126,0.010496,0.025444,0.009832,0.022270,0.009832],[0.938772,0.010807,0.020981,0.009813,0.009813,0.009813],[0.927639,0.009822,0.021717,0.009822,0.021177,0.009822],[0.952381,0.009524,0.009524,0.009524,0.009524,0.009524],[0.952381,0.009524,0.009524,0.009524,0.009524,0.009524],[0.069933,0.013448,0.037500,0.009828,0.859463,0.009828],[0.931967,0.009777,0.022511,0.009777,0.016190,0.009777],[0.952381,0.009524,0.009524,0.009524,0.009524,0.009524]],
  [[0.952381,0.009524,0.009524,0.009524,0.009524,0.009524],[0.076869,0.011845,0.042057,0.009828,0.849574,0.009828],[0.952381,0.009524,0.009524,0.009524,0.009524,0.009524],[0.907632,0.014941,0.036037,0.009837,0.021716,0.009837],[0.896149,0.017516,0.035522,0.009835,0.031144,0.009835],[0.908542,0.031863,0.009732,0.009732,0.030400,0.009732],[0.118320,0.036554,0.009734,0.009734,0.815926,0.009734],[0.886827,0.036616,0.009751,0.009751,0.047303,0.009751],[0.871523,0.044690,0.009772,0.009772,0.054469,0.009772],[0.129698,0.056369,0.009759,0.009759,0.784656,0.009759],[0.830292,0.061105,0.009778,0.009778,0.079269,0.009778],[0.597868,0.090642,0.009804,0.013429,0.278454,0.009804],[0.839697,0.056710,0.009804,0.010161,0.073824,0.009804],[0.833772,0.060863,0.009785,0.009785,0.076010,0.009785],[0.852490,0.056843,0.009775,0.009775,0.061342,0.009775],[0.174989,0.055309,0.009771,0.009771,0.740390,0.009771],[0.164924,0.061253,0.009779,0.009779,0.744486,0.009779],[0.873893,0.045942,0.009764,0.009764,0.050874,0.009764],[0.890303,0.038341,0.009767,0.009767,0.042055,0.009767],[0.905358,0.035324,0.009773,0.009773,0.029999,0.009773],[0.092963,0.041726,0.009769,0.009769,0.836005,0.009769],[0.088129,0.042540,0.009755,0.009755,0.840066,0.009755],[0.905872,0.036430,0.009753,0.009753,0.028438,0.009753],[0.896839,0.037947,0.009773,0.009773,0.035894,0.009773],[0.901349,0.035893,0.009756,0.009756,0.033492,0.009756],[0.894029,0.040680,0.009754,0.009754,0.036029,0.009754],[0.105538,0.045282,0.009781,0.009781,0.819836,0.009781],[0.092086,0.042985,0.009769,0.009769,0.835622,0.009769],[0.892963,0.039646,0.009767,0.009767,0.038090,0.009767],[0.899325,0.034644,0.009743,0.009743,0.036803,0.009743],[0.091107,0.037603,0.009757,0.009757,0.842020,0.009757],[0.093266,0.033413,0.009742,0.009742,0.844094,0.009742],[0.918902,0.025979,0.009731,0.009731,0.025925,0.009731],[0.914113,0.015291,0.033575,0.009833,0.017356,0.009833],[0.952381,0.009524,0.009524,0.009524,0.009524,0.009524],[0.952381,0.009524,0.009524,0.009524,0.009524,0.009524],[0.916071,0.013008,0.032117,0.009832,0.019139,0.009832],[0.920186,0.014340,0.028117,0.009822,0.017713,0.009822],[0.931534,0.010462,0.026552,0.009822,0.011808,0.009822],[0.952381,0.009524,0.009524,0.009524,0.009524,0.009524]],
  [[0.952381,0.009524,0.009524,0.009524,0.009524,0.009524],[0.921402,0.011765,0.025210,0.009842,0.021939,0.009842],[0.912178,0.015329,0.029603,0.009845,0.023200,0.009845],[0.885788,0.018231,0.041062,0.009841,0.035236,0.009841],[0.095455,0.033703,0.009761,0.009761,0.841560,0.009761],[0.900175,0.037969,0.009747,0.009747,0.032615,0.009747],[0.877044,0.042102,0.009743,0.009743,0.051624,0.009743],[0.849447,0.056743,0.009800,0.009800,0.064409,0.009800],[0.117130,0.055441,0.009786,0.009786,0.798072,0.009786],[0.812779,0.071090,0.009787,0.009787,0.086769,0.009787],[0.811289,0.073887,0.009776,0.009776,0.085497,0.009776],[0.794976,0.076584,0.009804,0.010498,0.098333,0.009804],[0.186291,0.069280,0.009803,0.009803,0.715020,0.009803],[0.807937,0.073595,0.009804,0.013679,0.085181,0.009804],[0.821770,0.073752,0.009804,0.010903,0.073968,0.009804],[0.578332,0.091995,0.009804,0.015105,0.294960,0.009804],[0.845877,0.066439,0.009800,0.009800,0.058282,0.009800],[0.839307,0.058156,0.009782,0.009782,0.073191,0.009782],[0.859731,0.051873,0.009788,0.009788,0.059034,0.009788],[0.854893,0.054447,0.009800,0.009800,0.061260,0.009800],[0.864394,0.056191,0.009756,0.009756,0.050147,0.009756],[0.871902,0.053408,0.009754,0.009754,0.045429,0.009754],[0.076450,0.045718,0.009767,0.009767,0.848530,0.009767],[0.885765,0.046169,0.009762,0.009762,0.038781,0.009762],[0.863730,0.047678,0.009778,0.009778,0.059259,0.009778],[0.839431,0.057330,0.009770,0.009770,0.073927,0.009770],[0.863989,0.061381,0.009797,0.009797,0.045240,0.009797],[0.845258,0.065587,0.009760,0.009760,0.059875,0.009760],[0.109478,0.050750,0.009780,0.009780,0.810433,0.009780],[0.889446,0.045626,0.009768,0.009768,0.035624,0.009768],[0.888425,0.042921,0.009754,0.009754,0.039390,0.009754],[0.087146,0.038905,0.009780,0.009780,0.844609,0.009780],[0.878612,0.023037,0.048828,0.009840,0.029844,0.009840],[0.895008,0.016138,0.041976,0.009839,0.027200,0.009839],[0.952381,0.009524,0.009524,0.009524,0.009524,0.009524],[0.887523,0.014644,0.050033,0.009841,0.028119,0.009841],[0.089512,0.020159,0.059238,0.009844,0.811403,0.009844],[0.929076,0.025155,0.009731,0.009731,0.016575,0.009731],[0.907666,0.013445,0.037549,0.009843,0.021655,0.009843],[0.952381,0.009524,0.009524,0.009524,0.009524,0.009524]],
  [[0.952381,0.009524,0.009524,0.009524,0.009524,0.009524],[0.912397,0.014373,0.035832,0.009822,0.017754,0.009822],[0.910185,0.027553,0.009742,0.009742,0.033036,0.009742],[0.905395,0.034560,0.009751,0.009751,0.030792,0.009751],[0.893688,0.037104,0.009730,0.009730,0.040018,0.009730],[0.111810,0.039177,0.009768,0.009768,0.819709,0.009768],[0.867489,0.052382,0.009769,0.009769,0.050822,0.009769],[0.849089,0.058572,0.009791,0.009791,0.062965,0.009791],[0.178901,0.073076,0.009799,0.009799,0.718626,0.009799],[0.788410,0.083261,0.009804,0.010428,0.098293,0.009804],[0.585124,0.090314,0.009804,0.013162,0.291792,0.009804],[0.793904,0.072937,0.009804,0.009899,0.103652,0.009804],[0.794583,0.080073,0.009804,0.010594,0.095143,0.009804],[0.815289,0.072954,0.009804,0.011386,0.080763,0.009804],[0.812458,0.072956,0.009802,0.009802,0.085179,0.009802],[0.826392,0.071002,0.009797,0.009797,0.073215,0.009797],[0.162685,0.067505,0.009785,0.009785,0.740454,0.009785],[0.848629,0.062733,0.009792,0.009792,0.059261,0.009792],[0.833301,0.064434,0.009788,0.009788,0.072900,0.009788],[0.173986,0.058941,0.009801,0.009801,0.737671,0.009801],[0.854109,0.058604,0.009784,0.009784,0.057933,0.009784],[0.135369,0.051625,0.009780,0.009780,0.783666,0.009780],[0.094680,0.049273,0.009761,0.009761,0.826765,0.009761],[0.102644,0.052563,0.009751,0.009751,0.815538,0.009751],[0.107348,0.056403,0.009778,0.009778,0.806913,0.009778],[0.174932,0.069376,0.009804,0.009990,0.726094,0.009804],[0.178289,0.081186,0.009804,0.011087,0.709829,0.009804],[0.159767,0.075519,0.009795,0.009795,0.735330,0.009795],[0.102785,0.053849,0.009800,0.009800,0.813967,0.009800],[0.096162,0.046843,0.009774,0.009774,0.827672,0.009774],[0.875785,0.053673,0.009763,0.009763,0.041254,0.009763],[0.841940,0.026956,0.065465,0.009871,0.045897,0.009871],[0.085615,0.022596,0.061504,0.009847,0.810591,0.009847],[0.952381,0.009524,0.009524,0.009524,0.009524,0.009524],[0.856200,0.021445,0.049327,0.009859,0.053310,0.009859],[0.875777,0.023022,0.051999,0.009857,0.029488,0.009857],[0.906579,0.032938,0.009759,0.009759,0.031205,0.009759],[0.096536,0.037781,0.009761,0.009761,0.836400,0.009761],[0.908897,0.013627,0.038188,0.009822,0.019643,0.009822],[0.952381,0.009524,0.009524,0.009524,0.009524,0.009524]],
  [[0.952381,0.009524,0.009524,0.009524,0.009524,0.009524],[0.090374,0.019698,0.041424,0.009851,0.828802,0.009851],[0.903827,0.032752,0.009753,0.009753,0.034162,0.009753],[0.880748,0.037669,0.009769,0.009769,0.052276,0.009769],[0.874469,0.042751,0.009761,0.009761,0.053497,0.009761],[0.874171,0.052438,0.009788,0.009788,0.044028,0.009788],[0.113852,0.059647,0.009804,0.010039,0.796854,0.009804],[0.845399,0.066263,0.009804,0.010915,0.057814,0.009804],[0.595814,0.087940,0.009804,0.015202,0.281436,0.009804],[0.208081,0.075533,0.009792,0.009792,0.687010,0.009792],[0.809367,0.076483,0.009798,0.009798,0.084755,0.009798],[0.814028,0.073241,0.009804,0.010643,0.082480,0.009804],[0.822918,0.073376,0.009800,0.009800,0.074306,0.009800],[0.578720,0.097479,0.009804,0.010961,0.293232,0.009804],[0.814812,0.075939,0.009791,0.009791,0.079877,0.009791],[0.813293,0.072101,0.009785,0.009785,0.085251,0.009785],[0.126222,0.055315,0.009804,0.009918,0.788938,0.009804],[0.827167,0.065045,0.009804,0.011385,0.076795,0.009804],[0.847065,0.066058,0.009788,0.009788,0.057512,0.009788],[0.605835,0.083389,0.009786,0.009786,0.281418,0.009786],[0.858676,0.064239,0.009804,0.010114,0.047364,0.009804],[0.102961,0.048870,0.009784,0.009784,0.818816,0.009784],[0.874201,0.050280,0.009767,0.009767,0.046219,0.009767],[0.863858,0.052964,0.009788,0.009788,0.053815,0.009788],[0.128477,0.058376,0.009781,0.009781,0.783803,0.009781],[0.166502,0.080970,0.009804,0.011893,0.721027,0.009804],[0.557422,0.131036,0.009804,0.014514,0.277420,0.009804],[0.167494,0.070974,0.009804,0.011077,0.730847,0.009804],[0.101099,0.060668,0.009752,0.009752,0.808977,0.009752],[0.872478,0.051353,0.009765,0.009765,0.046876,0.009765],[0.828697,0.029457,0.075698,0.009874,0.046399,0.009874],[0.138693,0.030001,0.081739,0.009866,0.729835,0.009866],[0.952381,0.009524,0.009524,0.009524,0.009524,0.009524],[0.952381,0.009524,0.009524,0.009524,0.009524,0.009524],[0.817661,0.033112,0.083762,0.009855,0.045756,0.009855],[0.141855,0.045065,0.009774,0.009774,0.783759,0.009774],[0.853023,0.025137,0.061785,0.009853,0.040349,0.009853],[0.897230,0.017712,0.043870,0.009843,0.021501,0.009843],[0.085834,0.016948,0.037663,0.009859,0.839836,0.009859],[0.952381,0.009524,0.009524,0.009524,0.009524,0.009524]],
  [[0.952381,0.009524,0.009524,0.009524,0.009524,0.009524],[0.886875,0.019622,0.044428,0.009829,0.029417,0.009829],[0.110805,0.043705,0.009769,0.009769,0.816182,0.009769],[0.851405,0.051194,0.009804,0.009998,0.067795,0.009804],[0.845613,0.063569,0.009781,0.009781,0.061476,0.009781],[0.113836,0.061831,0.009777,0.009777,0.795002,0.009777],[0.828061,0.062956,0.009804,0.010832,0.078543,0.009804],[0.831864,0.067025,0.009804,0.012677,0.068826,0.009804],[0.826843,0.066867,0.009804,0.010702,0.075981,0.009804],[0.816631,0.075471,0.009786,0.009786,0.078541,0.009786],[0.143609,0.058268,0.009791,0.009791,0.768750,0.009791],[0.816561,0.066929,0.009804,0.010711,0.086191,0.009804],[0.156899,0.071330,0.009796,0.009796,0.742383,0.009796],[0.831175,0.071543,0.009780,0.009780,0.067942,0.009780],[0.168121,0.073047,0.009804,0.009826,0.729398,0.009804],[0.846228,0.073026,0.009761,0.009761,0.051464,0.009761],[0.098918,0.053157,0.009771,0.009771,0.818613,0.009771],[0.835441,0.061066,0.009804,0.010771,0.073114,0.009804],[0.846884,0.062927,0.009783,0.009783,0.060840,0.009783],[0.161849,0.064507,0.009797,0.009797,0.744253,0.009797],[0.847975,0.060988,0.009787,0.009787,0.061675,0.009787],[0.860206,0.053779,0.009788,0.009788,0.056651,0.009788],[0.870835,0.050286,0.009778,0.009778,0.049545,0.009778],[0.873393,0.049864,0.009782,0.009782,0.047395,0.009782],[0.840290,0.059940,0.009792,0.009792,0.070395,0.009792],[0.169668,0.069336,0.009801,0.009801,0.731594,0.009801],[0.837585,0.065235,0.009804,0.010401,0.067171,0.009804],[0.847006,0.061975,0.009776,0.009776,0.061692,0.009776],[0.863191,0.055624,0.009772,0.009772,0.051869,0.009772],[0.841888,0.027761,0.068004,0.009884,0.042577,0.009884],[0.826151,0.029556,0.078212,0.009865,0.046351,0.009865],[0.952381,0.009524,0.009524,0.009524,0.009524,0.009524],[0.488128,0.039778,0.220359,0.010693,0.231140,0.009901],[0.787484,0.036456,0.100599,0.009878,0.055705,0.009878],[0.772067,0.036736,0.105917,0.009883,0.065515,0.009883],[0.141102,0.029065,0.080964,0.009861,0.729146,0.009861],[0.825787,0.024591,0.072201,0.009858,0.057706,0.009858],[0.952381,0.009524,0.009524,0.009524,0.009524,0.009524],[0.896086,0.014284,0.036315,0.009826,0.033663,0.009826],[0.952381,0.009524,0.009524,0.009524,0.009524,0.009524]],
  [[0.952381,0.009524,0.009524,0.009524,0.009524,0.009524],[0.893929,0.019355,0.041093,0.009833,0.025957,0.009833],[0.882559,0.044893,0.009755,0.009755,0.043284,0.009755],[0.172742,0.062302,0.009794,0.009794,0.735574,0.009794],[0.157278,0.083948,0.009778,0.009778,0.729440,0.009778],[0.160462,0.073120,0.009804,0.010094,0.736715,0.009804],[0.831028,0.063653,0.009781,0.009781,0.075976,0.009781],[0.840268,0.058126,0.009791,0.009791,0.072232,0.009791],[0.856877,0.054212,0.009795,0.009795,0.059526,0.009795],[0.854814,0.053230,0.009792,0.009792,0.062578,0.009792],[0.849109,0.061932,0.009804,0.010058,0.059294,0.009804],[0.847489,0.059592,0.009782,0.009782,0.063571,0.009782],[0.129371,0.054081,0.009776,0.009776,0.787222,0.009776],[0.111085,0.053789,0.009785,0.009785,0.805770,0.009785],[0.130279,0.055613,0.009790,0.009790,0.784737,0.009790],[0.840464,0.066247,0.009767,0.009767,0.063988,0.009767],[0.113252,0.052068,0.009768,0.009768,0.805377,0.009768],[0.116106,0.048614,0.009753,0.009753,0.806021,0.009753],[0.850939,0.060250,0.009794,0.009794,0.059428,0.009794],[0.849441,0.057543,0.009777,0.009777,0.063684,0.009777],[0.853413,0.056201,0.009798,0.009798,0.060992,0.009798],[0.853694,0.054970,0.009802,0.009802,0.061930,0.009802],[0.872777,0.050768,0.009792,0.009792,0.047080,0.009792],[0.887292,0.047663,0.009759,0.009759,0.035767,0.009759],[0.112200,0.053586,0.009783,0.009783,0.804866,0.009783],[0.858380,0.059506,0.009759,0.009759,0.052837,0.009759],[0.850985,0.050347,0.009776,0.009776,0.069340,0.009776],[0.839756,0.029432,0.070878,0.009878,0.040178,0.009878],[0.838272,0.027077,0.067266,0.009845,0.047696,0.009845],[0.866376,0.024621,0.052187,0.009849,0.037119,0.009849],[0.952381,0.009524,0.009524,0.009524,0.009524,0.009524],[0.797731,0.034571,0.087422,0.009880,0.060516,0.009880],[0.151277,0.037080,0.117489,0.009887,0.674380,0.009887],[0.208861,0.088893,0.009804,0.010460,0.672178,0.009804],[0.526264,0.034240,0.188230,0.009897,0.231472,0.009897],[0.952381,0.009524,0.009524,0.009524,0.009524,0.009524],[0.952381,0.009524,0.009524,0.009524,0.009524,0.009524],[0.952381,0.009524,0.009524,0.009524,0.009524,0.009524],[0.952381,0.009524,0.009524,0.009524,0.009524,0.009524],[0.952381,0.009524,0.009524,0.009524,0.009524,0.009524]],
  [[0.952381,0.009524,0.009524,0.009524,0.009524,0.009524],[0.893689,0.014536,0.049268,0.009849,0.022809,0.009849],[0.872849,0.046475,0.009757,0.009757,0.051404,0.009757],[0.156564,0.069533,0.009804,0.010525,0.743770,0.009804],[0.589336,0.115709,0.009804,0.012852,0.262495,0.009804],[0.177102,0.069618,0.009804,0.010772,0.722900,0.009804],[0.852820,0.059176,0.009789,0.009789,0.058636,0.009789],[0.874414,0.046782,0.009771,0.009771,0.049492,0.009771],[0.884429,0.048177,0.009775,0.009775,0.038068,0.009775],[0.880219,0.048097,0.009780,0.009780,0.042345,0.009780],[0.886774,0.043274,0.009772,0.009772,0.040636,0.009772],[0.871006,0.052014,0.009778,0.009778,0.047645,0.009778],[0.858118,0.050725,0.009771,0.009771,0.061843,0.009771],[0.850145,0.062935,0.009804,0.010084,0.057228,0.009804],[0.843112,0.059428,0.009792,0.009792,0.068084,0.009792],[0.854895,0.059638,0.009799,0.009799,0.056072,0.009799],[0.853539,0.049387,0.009787,0.009787,0.067712,0.009787],[0.871425,0.049249,0.009782,0.009782,0.049978,0.009782],[0.860116,0.053112,0.009774,0.009774,0.057449,0.009774],[0.849512,0.050129,0.009783,0.009783,0.071011,0.009783],[0.857347,0.055113,0.009802,0.009802,0.058134,0.009802],[0.121655,0.047520,0.009772,0.009772,0.801509,0.009772],[0.865444,0.056391,0.009782,0.009782,0.048820,0.009782],[0.099761,0.043199,0.009762,0.009762,0.827754,0.009762],[0.095925,0.045185,0.009784,0.009784,0.829539,0.009784],[0.105356,0.039484,0.009766,0.009766,0.825862,0.009766],[0.869216,0.021293,0.055946,0.009855,0.033837,0.009855],[0.869891,0.022621,0.055604,0.009876,0.032132,0.009876],[0.952381,0.009524,0.009524,0.009524,0.009524,0.009524],[0.952381,0.009524,0.009524,0.009524,0.009524,0.009524],[0.086598,0.024046,0.054181,0.009856,0.815463,0.009856],[0.815495,0.031198,0.078861,0.009852,0.054742,0.009852],[0.840657,0.056552,0.009784,0.009784,0.073439,0.009784],[0.842018,0.061911,0.009780,0.009780,0.066729,0.009780],[0.792544,0.031211,0.095256,0.009888,0.061212,0.009888],[0.952381,0.009524,0.009524,0.009524,0.009524,0.009524],[0.121704,0.019942,0.047983,0.009848,0.790674,0.009848],[0.560573,0.025673,0.169813,0.009885,0.224171,0.009885],[0.871192,0.017542,0.054767,0.009846,0.036808,0.009846],[0.952381,0.009524,0.009524,0.009524,0.009524,0.009524]],
  [[0.952381,0.009524,0.009524,0.009524,0.009524,0.009524],[0.890161,0.019119,0.048517,0.009831,0.022542,0.009831],[0.110191,0.045480,0.009772,0.009772,0.815015,0.009772],[0.863225,0.056341,0.009789,0.009789,0.051069,0.009789],[0.838251,0.061710,0.009788,0.009788,0.070677,0.009788],[0.840002,0.063365,0.009797,0.009797,0.067241,0.009797],[0.119815,0.047795,0.009767,0.009767,0.803087,0.009767],[0.863876,0.046872,0.009762,0.009762,0.059967,0.009762],[0.889837,0.045295,0.009766,0.009766,0.035571,0.009766],[0.890023,0.041769,0.009772,0.009772,0.038892,0.009772],[0.888437,0.042770,0.009768,0.009768,0.039491,0.009768],[0.883807,0.041769,0.009770,0.009770,0.045115,0.009770],[0.874441,0.047384,0.009757,0.009757,0.048903,0.009757],[0.860690,0.048999,0.009771,0.009771,0.060998,0.009771],[0.622616,0.075841,0.009794,0.009794,0.272161,0.009794],[0.868179,0.046266,0.009802,0.009802,0.056148,0.009802],[0.870043,0.045481,0.009775,0.009775,0.055152,0.009775],[0.886723,0.041853,0.009778,0.009778,0.042088,0.009778],[0.873171,0.043753,0.009770,0.009770,0.053765,0.009770],[0.864542,0.052898,0.009783,0.009783,0.053211,0.009783],[0.847193,0.060441,0.009773,0.009773,0.063046,0.009773],[0.157065,0.062798,0.009787,0.009787,0.750777,0.009787],[0.852494,0.061982,0.009778,0.009778,0.056190,0.009778],[0.885942,0.044555,0.009766,0.009766,0.040206,0.009766],[0.887701,0.041349,0.009787,0.009787,0.041588,0.009787],[0.896130,0.038256,0.009760,0.009760,0.036333,0.009760],[0.887702,0.020393,0.048496,0.009848,0.023713,0.009848],[0.952381,0.009524,0.009524,0.009524,0.009524,0.009524],[0.952381,0.009524,0.009524,0.009524,0.009524,0.009524],[0.881413,0.019627,0.042235,0.009856,0.037013,0.009856],[0.862620,0.023315,0.058814,0.009851,0.035549,0.009851],[0.882130,0.046399,0.009779,0.009779,0.042133,0.009779],[0.133537,0.047636,0.009786,0.009786,0.789468,0.009786],[0.868560,0.051606,0.009794,0.009794,0.050451,0.009794],[0.835296,0.025199,0.071269,0.009849,0.048538,0.009849],[0.952381,0.009524,0.009524,0.009524,0.009524,0.009524],[0.952381,0.009524,0.009524,0.009524,0.009524,0.009524],[0.870720,0.021362,0.057465,0.009842,0.030770,0.009842],[0.865754,0.020098,0.055758,0.009854,0.038682,0.009854],[0.952381,0.009524,0.009524,0.009524,0.009524,0.009524]],
  [[0.952381,0.009524,0.009524,0.009524,0.009524,0.009524],[0.101291,0.017918,0.047957,0.009824,0.813186,0.009824],[0.876367,0.037333,0.009778,0.009778,0.056967,0.009778],[0.874684,0.052190,0.009769,0.009769,0.043819,0.009769],[0.866914,0.044938,0.009779,0.009779,0.058810,0.009779],[0.862301,0.056012,0.009765,0.009765,0.052391,0.009765],[0.101733,0.040290,0.009752,0.009752,0.828721,0.009752],[0.887301,0.041827,0.009776,0.009776,0.041543,0.009776],[0.110131,0.041087,0.009773,0.009773,0.819461,0.009773],[0.100783,0.043122,0.009755,0.009755,0.826830,0.009755],[0.892171,0.043852,0.009746,0.009746,0.034740,0.009746],[0.887804,0.044272,0.009768,0.009768,0.038621,0.009768],[0.879814,0.042529,0.009770,0.009770,0.048348,0.009770],[0.873144,0.044509,0.009784,0.009784,0.052996,0.009784],[0.867122,0.044406,0.009772,0.009772,0.059154,0.009772],[0.164219,0.046920,0.009776,0.009776,0.759531,0.009776],[0.009524,0.009524,0.009524,0.009524,0.009524,0.952381],[0.891897,0.036227,0.009788,0.009788,0.042511,0.009788],[0.009524,0.009524,0.009524,0.009524,0.009524,0.952381],[0.859924,0.052568,0.009792,0.009792,0.058131,0.009792],[0.604429,0.092828,0.009804,0.010818,0.272317,0.009804],[0.178753,0.062266,0.009804,0.010061,0.729312,0.009804],[0.107388,0.042809,0.009788,0.009788,0.820440,0.009788],[0.885279,0.039030,0.009776,0.009776,0.046363,0.009776],[0.905566,0.037482,0.009773,0.009773,0.027632,0.009773],[0.873801,0.021925,0.054709,0.009850,0.029865,0.009850],[0.887637,0.018887,0.047320,0.009837,0.026482,0.009837],[0.952381,0.009524,0.009524,0.009524,0.009524,0.009524],[0.892623,0.017737,0.043521,0.009847,0.026424,0.009847],[0.879585,0.022269,0.049626,0.009846,0.028828,0.009846],[0.898369,0.039976,0.009758,0.009758,0.032380,0.009758],[0.875476,0.046778,0.009771,0.009771,0.048434,0.009771],[0.865700,0.049450,0.009804,0.010641,0.054601,0.009804],[0.889361,0.048492,0.009778,0.009778,0.032814,0.009778],[0.839996,0.027184,0.066993,0.009882,0.046064,0.009882],[0.952381,0.009524,0.009524,0.009524,0.009524,0.009524],[0.093855,0.018932,0.049083,0.009830,0.818469,0.009830],[0.845564,0.021841,0.069037,0.009838,0.043883,0.009838],[0.836978,0.018132,0.067527,0.009867,0.057629,0.009867],[0.952381,0.009524,0.009524,0.009524,0.009524,0.009524]],
  [[0.952381,0.009524,0.009524,0.009524,0.009524,0.009524],[0.904504,0.017381,0.037536,0.009835,0.020910,0.009835],[0.904272,0.030451,0.009761,0.009761,0.035993,0.009761],[0.901857,0.037163,0.009769,0.009769,0.031674,0.009769],[0.115693,0.039493,0.009754,0.009754,0.815551,0.009754],[0.885876,0.042679,0.009772,0.009772,0.042129,0.009772],[0.893304,0.038971,0.009758,0.009758,0.038450,0.009758],[0.890280,0.040220,0.009765,0.009765,0.040205,0.009765],[0.891047,0.037877,0.009749,0.009749,0.041828,0.009749],[0.094424,0.044208,0.009781,0.009781,0.832025,0.009781],[0.092438,0.043848,0.009776,0.009776,0.834385,0.009776],[0.889356,0.043042,0.009752,0.009752,0.038345,0.009752],[0.879886,0.043326,0.009774,0.009774,0.047465,0.009774],[0.871492,0.040312,0.009767,0.009767,0.058894,0.009767],[0.872882,0.040454,0.009767,0.009767,0.057362,0.009767],[0.103736,0.033271,0.009747,0.009747,0.833752,0.009747],[0.881064,0.036512,0.009769,0.009769,0.053118,0.009769],[0.109697,0.034167,0.009767,0.009767,0.826833,0.009767],[0.874164,0.044227,0.009772,0.009772,0.052293,0.009772],[0.147308,0.053217,0.009792,0.009792,0.770098,0.009792],[0.855433,0.061743,0.009785,0.009785,0.053469,0.009785],[0.855374,0.059973,0.009778,0.009778,0.055320,0.009778],[0.867289,0.050751,0.009765,0.009765,0.052667,0.009765],[0.892741,0.042310,0.009754,0.009754,0.035686,0.009754],[0.092172,0.021437,0.043052,0.009860,0.823619,0.009860],[0.875423,0.026177,0.050585,0.009840,0.028135,0.009840],[0.952381,0.009524,0.009524,0.009524,0.009524,0.009524],[0.952381,0.009524,0.009524,0.009524,0.009524,0.009524],[0.873943,0.020663,0.048840,0.009869,0.036816,0.009869],[0.892532,0.040894,0.009774,0.009774,0.037253,0.009774],[0.866500,0.047249,0.009768,0.009768,0.056946,0.009768],[0.128883,0.049272,0.009772,0.009772,0.792528,0.009772],[0.849449,0.063172,0.009778,0.009778,0.058044,0.009778],[0.116395,0.053233,0.009783,0.009783,0.801024,0.009783],[0.086052,0.024593,0.055995,0.009849,0.813661,0.009849],[0.952381,0.009524,0.009524,0.009524,0.009524,0.009524],[0.817865,0.028814,0.068912,0.009865,0.064679,0.009865],[0.887938,0.042453,0.009752,0.009752,0.040353,0.009752],[0.105294,0.018154,0.055689,0.009842,0.801180,0.009842],[0.952381,0.009524,0.009524,0.009524,0.009524,0.009524]],
  [[0.952381,0.009524,0.009524,0.009524,0.009524,0.009524],[0.918531,0.012488,0.026418,0.009832,0.022899,0.009832],[0.916961,0.025398,0.009744,0.009744,0.028409,0.009744],[0.907460,0.031676,0.009759,0.009759,0.031586,0.009759],[0.901933,0.036750,0.009756,0.009756,0.032049,0.009756],[0.892700,0.040437,0.009758,0.009758,0.037587,0.009758],[0.898997,0.036926,0.009773,0.009773,0.034758,0.009773],[0.891591,0.039123,0.009758,0.009758,0.040012,0.009758],[0.895998,0.038838,0.009760,0.009760,0.035883,0.009760],[0.890250,0.043886,0.009774,0.009774,0.036541,0.009774],[0.089428,0.046682,0.009772,0.009772,0.834573,0.009772],[0.094828,0.045241,0.009788,0.009788,0.830566,0.009788],[0.885110,0.044678,0.009737,0.009737,0.041001,0.009737],[0.098416,0.035687,0.009765,0.009765,0.836600,0.009765],[0.899999,0.034861,0.009751,0.009751,0.035887,0.009751],[0.009524,0.009524,0.009524,0.009524,0.009524,0.952381],[0.904809,0.031736,0.009766,0.009766,0.034158,0.009766],[0.896172,0.036974,0.009747,0.009747,0.037613,0.009747],[0.878571,0.044965,0.009772,0.009772,0.047147,0.009772],[0.112774,0.042149,0.009771,0.009771,0.815764,0.009771],[0.120927,0.039653,0.009773,0.009773,0.810101,0.009773],[0.866027,0.047684,0.009766,0.009766,0.056990,0.009766],[0.104342,0.045977,0.009800,0.009800,0.820280,0.009800],[0.087807,0.024327,0.056002,0.009854,0.812157,0.009854],[0.870259,0.022266,0.055769,0.009861,0.031984,0.009861],[0.952381,0.009524,0.009524,0.009524,0.009524,0.009524],[0.110596,0.023019,0.057102,0.009858,0.789567,0.009858],[0.824826,0.027198,0.075265,0.009851,0.053007,0.009851],[0.830833,0.031270,0.071796,0.009854,0.046393,0.009854],[0.111128,0.051085,0.009794,0.009794,0.808404,0.009794],[0.847635,0.064793,0.009774,0.009774,0.058250,0.009774],[0.160059,0.064963,0.009804,0.011686,0.743684,0.009804],[0.154487,0.072914,0.009781,0.009781,0.743256,0.009781],[0.136204,0.069942,0.009761,0.009761,0.764572,0.009761],[0.802383,0.031587,0.084318,0.009875,0.061963,0.009875],[0.952381,0.009524,0.009524,0.009524,0.009524,0.009524],[0.540362,0.033900,0.157377,0.010368,0.248092,0.009901],[0.879044,0.041154,0.009752,0.009752,0.050545,0.009752],[0.867276,0.017055,0.057673,0.009850,0.038296,0.009850],[0.952381,0.009524,0.009524,0.009524,0.009524,0.009524]],
  [[0.952381,0.009524,0.009524,0.009524,0.009524,0.009524],[0.918631,0.012116,0.027190,0.009832,0.022399,0.009832],[0.922736,0.025440,0.009752,0.009752,0.022568,0.009752],[0.912339,0.029697,0.009738,0.009738,0.028751,0.009738],[0.107999,0.037717,0.009775,0.009775,0.824959,0.009775],[0.896041,0.036955,0.009760,0.009760,0.037724,0.009760],[0.885597,0.046250,0.009768,0.009768,0.038848,0.009768],[0.891867,0.047337,0.009759,0.009759,0.031518,0.009759],[0.878835,0.043706,0.009781,0.009781,0.048116,0.009781],[0.102069,0.042187,0.009771,0.009771,0.826430,0.009771],[0.883567,0.043462,0.009761,0.009761,0.043687,0.009761],[0.099254,0.037502,0.009782,0.009782,0.833898,0.009782],[0.098418,0.044518,0.009767,0.009767,0.827763,0.009767],[0.880999,0.038454,0.009760,0.009760,0.051266,0.009760],[0.009524,0.009524,0.009524,0.009524,0.009524,0.952381],[0.888310,0.040182,0.009761,0.009761,0.042226,0.009761],[0.094938,0.039608,0.009775,0.009775,0.836127,0.009775],[0.898142,0.035963,0.009762,0.009762,0.036609,0.009762],[0.893667,0.038438,0.009778,0.009778,0.038562,0.009778],[0.896488,0.041260,0.009754,0.009754,0.032990,0.009754],[0.887660,0.039868,0.009758,0.009758,0.043197,0.009758],[0.889967,0.037902,0.009752,0.009752,0.042877,0.009752],[0.075767,0.025864,0.056129,0.009840,0.822560,0.009840],[0.082451,0.019586,0.048084,0.009848,0.830182,0.009848],[0.952381,0.009524,0.009524,0.009524,0.009524,0.009524],[0.836240,0.024350,0.069331,0.009847,0.050385,0.009847],[0.137314,0.032990,0.099296,0.009888,0.710624,0.009888],[0.173352,0.067372,0.009803,0.009803,0.729867,0.009803],[0.845716,0.064271,0.009793,0.009793,0.060635,0.009793],[0.121753,0.050060,0.009768,0.009768,0.798884,0.009768],[0.137372,0.055313,0.009783,0.009783,0.777966,0.009783],[0.828005,0.072626,0.009790,0.009790,0.069999,0.009790],[0.577351,0.099730,0.009804,0.012384,0.290928,0.009804],[0.850628,0.062159,0.009778,0.009778,0.057878,0.009778],[0.099166,0.027559,0.071399,0.009873,0.782130,0.009873],[0.952381,0.009524,0.009524,0.009524,0.009524,0.009524],[0.136773,0.020675,0.067138,0.009874,0.755667,0.009874],[0.865771,0.018632,0.060864,0.009848,0.035037,0.009848],[0.880983,0.017471,0.047163,0.009839,0.034704,0.009839],[0.952381,0.009524,0.009524,0.009524,0.009524,0.009524]],
  [[0.952381,0.009524,0.009524,0.009524,0.009524,0.009524],[0.920360,0.011905,0.028459,0.009844,0.019587,0.009844],[0.926448,0.025243,0.009744,0.009744,0.019078,0.009744],[0.910222,0.034216,0.009762,0.009762,0.026277,0.009762],[0.898062,0.038831,0.009760,0.009760,0.033826,0.009760],[0.129968,0.040926,0.009764,0.009764,0.799814,0.009764],[0.855626,0.051118,0.009765,0.009765,0.063963,0.009765],[0.116817,0.041954,0.009769,0.009769,0.811923,0.009769],[0.114143,0.043461,0.009762,0.009762,0.813111,0.009762],[0.875744,0.046353,0.009786,0.009786,0.048544,0.009786],[0.877963,0.043259,0.009768,0.009768,0.049475,0.009768],[0.869627,0.047263,0.009771,0.009771,0.053798,0.009771],[0.009524,0.009524,0.009524,0.009524,0.009524,0.952381],[0.869526,0.044779,0.009793,0.009793,0.056317,0.009793],[0.877809,0.041073,0.009772,0.009772,0.051802,0.009772],[0.881773,0.039640,0.009791,0.009791,0.049213,0.009791],[0.895512,0.044661,0.009739,0.009739,0.030609,0.009739],[0.900222,0.039755,0.009752,0.009752,0.030768,0.009752],[0.900435,0.038990,0.009763,0.009763,0.031288,0.009763],[0.890852,0.040195,0.009763,0.009763,0.039665,0.009763],[0.896303,0.039005,0.009763,0.009763,0.035404,0.009763],[0.901299,0.037328,0.009756,0.009756,0.032106,0.009756],[0.886722,0.021043,0.047315,0.009846,0.025228,0.009846],[0.952381,0.009524,0.009524,0.009524,0.009524,0.009524],[0.952381,0.009524,0.009524,0.009524,0.009524,0.009524],[0.097268,0.028204,0.064493,0.009864,0.790308,0.009864],[0.858545,0.060930,0.009787,0.009787,0.051163,0.009787],[0.580140,0.106506,0.009804,0.013139,0.280607,0.009804],[0.830484,0.070855,0.009804,0.010813,0.068240,0.009804],[0.842799,0.064001,0.009786,0.009786,0.063844,0.009786],[0.848379,0.064895,0.009791,0.009791,0.057354,0.009791],[0.828479,0.071165,0.009797,0.009797,0.070965,0.009797],[0.824883,0.070513,0.009804,0.010559,0.074437,0.009804],[0.834130,0.066185,0.009781,0.009781,0.070341,0.009781],[0.098185,0.030533,0.075645,0.009869,0.775899,0.009869],[0.817658,0.024701,0.080621,0.009888,0.057243,0.009888],[0.952381,0.009524,0.009524,0.009524,0.009524,0.009524],[0.873736,0.015685,0.051467,0.009839,0.039434,0.009839],[0.890348,0.015774,0.037614,0.009814,0.036636,0.009814],[0.952381,0.009524,0.009524,0.009524,0.009524,0.009524]],
  [[0.952381,0.009524,0.009524,0.009524,0.009524,0.009524],[0.083737,0.017916,0.037052,0.009826,0.841643,0.009826],[0.916850,0.024678,0.009735,0.009735,0.029266,0.009735],[0.904383,0.034860,0.009768,0.009768,0.031452,0.009768],[0.893235,0.041863,0.009754,0.009754,0.035639,0.009754],[0.873280,0.050931,0.009780,0.009780,0.046447,0.009780],[0.855295,0.056248,0.009779,0.009779,0.059120,0.009779],[0.847060,0.054764,0.009804,0.010577,0.067990,0.009804],[0.855199,0.054476,0.009779,0.009779,0.060987,0.009779],[0.876740,0.048927,0.009771,0.009771,0.045020,0.009771],[0.879781,0.047049,0.009782,0.009782,0.043825,0.009782],[0.871814,0.043960,0.009775,0.009775,0.054903,0.009775],[0.156632,0.049022,0.009774,0.009774,0.765023,0.009774],[0.612085,0.068074,0.009795,0.009795,0.290456,0.009795],[0.863900,0.050758,0.009776,0.009776,0.056014,0.009776],[0.121999,0.044530,0.009776,0.009776,0.804141,0.009776],[0.892425,0.043130,0.009748,0.009748,0.035201,0.009748],[0.098754,0.034781,0.009765,0.009765,0.837169,0.009765],[0.894973,0.038464,0.009752,0.009752,0.037308,0.009752],[0.128169,0.036554,0.009754,0.009754,0.806015,0.009754],[0.087148,0.039457,0.009773,0.009773,0.844076,0.009773],[0.901560,0.037372,0.009775,0.009775,0.031742,0.009775],[0.867068,0.022925,0.056263,0.009857,0.034029,0.009857],[0.872099,0.021601,0.048142,0.009869,0.038418,0.009869],[0.853202,0.024429,0.062443,0.009849,0.040228,0.009849],[0.819978,0.027331,0.079984,0.009845,0.053017,0.009845],[0.141699,0.060408,0.009784,0.009784,0.768541,0.009784],[0.840545,0.066963,0.009779,0.009779,0.063154,0.009779],[0.148583,0.070476,0.009786,0.009786,0.751583,0.009786],[0.109813,0.060536,0.009782,0.009782,0.800306,0.009782],[0.842783,0.067804,0.009789,0.009789,0.060047,0.009789],[0.124608,0.057893,0.009804,0.010239,0.787653,0.009804],[0.822953,0.075271,0.009804,0.013471,0.068697,0.009804],[0.847146,0.059183,0.009799,0.009799,0.064275,0.009799],[0.843463,0.060957,0.009794,0.009794,0.066197,0.009794],[0.102791,0.022290,0.064067,0.009847,0.791158,0.009847],[0.952381,0.009524,0.009524,0.009524,0.009524,0.009524],[0.952381,0.009524,0.009524,0.009524,0.009524,0.009524],[0.926566,0.009824,0.026513,0.009824,0.017450,0.009824],[0.952381,0.009524,0.009524,0.009524,0.009524,0.009524]],
  [[0.952381,0.009524,0.009524,0.009524,0.009524,0.009524],[0.928427,0.009868,0.024570,0.009830,0.017476,0.009830],[0.900211,0.016278,0.042429,0.009843,0.021395,0.009843],[0.112453,0.035467,0.009745,0.009745,0.822845,0.009745],[0.887130,0.037938,0.009769,0.009769,0.045626,0.009769],[0.859075,0.052004,0.009785,0.009785,0.059565,0.009785],[0.171198,0.060303,0.009804,0.011030,0.737861,0.009804],[0.571278,0.088586,0.009804,0.010994,0.309534,0.009804],[0.850993,0.060457,0.009775,0.009775,0.059223,0.009775],[0.854272,0.052159,0.009772,0.009772,0.064254,0.009772],[0.879532,0.045997,0.009770,0.009770,0.045160,0.009770],[0.876354,0.045173,0.009764,0.009764,0.049182,0.009764],[0.862655,0.052783,0.009774,0.009774,0.055240,0.009774],[0.862355,0.051041,0.009785,0.009785,0.057249,0.009785],[0.863734,0.052465,0.009763,0.009763,0.054513,0.009763],[0.099002,0.044091,0.009772,0.009772,0.827593,0.009772],[0.090736,0.042361,0.009769,0.009769,0.837596,0.009769],[0.900538,0.035138,0.009766,0.009766,0.035026,0.009766],[0.892234,0.039514,0.009754,0.009754,0.038989,0.009754],[0.093455,0.039899,0.009757,0.009757,0.837375,0.009757],[0.885579,0.049279,0.009753,0.009753,0.035883,0.009753],[0.108803,0.044288,0.009779,0.009779,0.817574,0.009779],[0.893660,0.040016,0.009761,0.009761,0.037043,0.009761],[0.094774,0.041454,0.009773,0.009773,0.834452,0.009773],[0.894816,0.038908,0.009767,0.009767,0.036975,0.009767],[0.116107,0.041222,0.009773,0.009773,0.813350,0.009773],[0.867442,0.052478,0.009765,0.009765,0.050785,0.009765],[0.129193,0.052327,0.009768,0.009768,0.789176,0.009768],[0.096074,0.053294,0.009780,0.009780,0.821291,0.009780],[0.097620,0.052695,0.009773,0.009773,0.820366,0.009773],[0.097920,0.056077,0.009776,0.009776,0.816675,0.009776],[0.848268,0.061339,0.009778,0.009778,0.061059,0.009778],[0.853598,0.058666,0.009777,0.009777,0.058404,0.009777],[0.604825,0.083966,0.009786,0.009786,0.281851,0.009786],[0.860687,0.054676,0.009795,0.009795,0.055252,0.009795],[0.844520,0.030140,0.062952,0.009867,0.042654,0.009867],[0.089610,0.015762,0.041250,0.009835,0.833709,0.009835],[0.952381,0.009524,0.009524,0.009524,0.009524,0.009524],[0.930152,0.009797,0.022285,0.009797,0.018172,0.009797],[0.952381,0.009524,0.009524,0.009524,0.009524,0.009524]],
