[
  [[0.952381,0.009524,0.009524,0.009524,0.009524,0.009524],[0.952381,0.009524,0.009524,0.009524,0.009524,0.009524],[0.952381,0.009524,0.009524,0.009524,0.009524,0.009524],[0.952381,0.009524,0.009524,0.009524,0.009524,0.009524],[0.952381,0.009524,0.009524,0.009524,0.009524,0.009524],[0.952381,0.009524,0.009524,0.009524,0.009524,0.009524],[0.952381,0.009524,0.009524,0.009524,0.009524,0.009524],[0.952381,0.009524,0.009524,0.009524,0.009524,0.009524],[0.952381,0.009524,0.009524,0.009524,0.009524,0.009524],[0.952381,0.009524,0.009524,0.009524,0.009524,0.009524],[0.952381,0.009524,0.009524,0.009524,0.009524,0.009524],[0.952381,0.009524,0.009524,0.009524,0.009524,0.009524],[0.952381,0.009524,0.009524,0.009524,0.009524,0.009524],[0.952381,0.009524,0.009524,0.009524,0.009524,0.009524],[0.952381,0.009524,0.009524,0.009524,0.009524,0.009524],[0.952381,0.009524,0.009524,0.009524,0.009524,0.009524],[0.952381,0.009524,0.009524,0.009524,0.009524,0.009524],[0.952381,0.009524,0.009524,0.009524,0.009524,0.009524],[0.952381,0.009524,0.009524,0.009524,0.009524,0.009524],[0.952381,0.009524,0.009524,0.009524,0.009524,0.009524],[0.952381,0.009524,0.009524,0.009524,0.009524,0.009524],[0.952381,0.009524,0.009524,0.009524,0.009524,0.009524],[0.952381,0.009524,0.009524,0.009524,0.009524,0.009524],[0.952381,0.009524,0.009524,0.009524,0.009524,0.009524],[0.952381,0.009524,0.009524,0.009524,0.009524,0.009524],[0.952381,0.009524,0.009524,0.009524,0.009524,0.009524],[0.952381,0.009524,0.009524,0.009524,0.009524,0.009524],[0.952381,0.009524,0.009524,0.009524,0.009524,0.009524],[0.952381,0.009524,0.009524,0.009524,0.009524,0.009524],[0.952381,0.009524,0.009524,0.009524,0.009524,0.009524],[0.952381,0.009524,0.009524,0.009524,0.009524,0.009524],[0.952381,0.009524,0.009524,0.009524,0.009524,0.009524],[0.952381,0.009524,0.009524,0.009524,0.009524,0.009524],[0.952381,0.009524,0.009524,0.009524,0.009524,0.009524],[0.952381,0.009524,0.009524,0.009524,0.009524,0.009524],[0.952381,0.009524,0.009524,0.009524,0.009524,0.009524],[0.952381,0.009524,0.009524,0.009524,0.009524,0.009524],[0.952381,0.009524,0.009524,0.009524,0.009524,0.009524],[0.952381,0.009524,0.009524,0.009524,0.009524,0.009524],[0.952381,0.009524,0.009524,0.009524,0.009524,0.009524]],
  [[0.952381,0.009524,0.009524,0.009524,0.009524,0.009524],[0.860029,0.016781,0.058404,0.009843,0.045099,0.009843],[0.142369,0.023601,0.075971,0.009881,0.738297,0.009881],[0.844779,0.021765,0.068776,0.009848,0.044983,0.009848],[0.866728,0.022078,0.055612,0.009850,0.035881,0.009850],[0.888452,0.017492,0.043525,0.009850,0.030832,0.009850],[0.078587,0.021081,0.046846,0.009837,0.833812,0.009837],[0.898588,0.016333,0.045097,0.009822,0.020338,0.009822],[0.904244,0.017141,0.035099,0.009841,0.023834,0.009841],[0.073134,0.015724,0.042368,0.009855,0.849064,0.009855],[0.899458,0.015553,0.036856,0.009826,0.028480,0.009826],[0.890206,0.016073,0.051122,0.009845,0.022909,0.009845],[0.093957,0.016614,0.047532,0.009839,0.822218,0.009839],[0.903597,0.014840,0.040140,0.009839,0.021746,0.009839],[0.904659,0.012158,0.032903,0.009836,0.030607,0.009836],[0.084688,0.013352,0.037161,0.009845,0.845108,0.009845],[0.952381,0.009524,0.009524,0.009524,0.009524,0.009524],[0.863027,0.017761,0.057548,0.009860,0.041943,0.009860],[0.844426,0.021924,0.071400,0.009851,0.042549,0.009851],[0.849561,0.021790,0.063396,0.009859,0.045535,0.009859],[0.855244,0.021019,0.061304,0.009844,0.042745,0.009844],[0.071725,0.020424,0.053050,0.009840,0.835122,0.009840],[0.915458,0.017724,0.030152,0.009835,0.016997,0.009835],[0.898179,0.016486,0.037042,0.009835,0.028624,0.009835],[0.869744,0.020891,0.053373,0.009857,0.036279,0.009857],[0.848734,0.020630,0.063764,0.009842,0.047188,0.009842],[0.852972,0.020667,0.061374,0.009852,0.045282,0.009852],[0.853334,0.018179,0.064748,0.009856,0.044026,0.009856],[0.878326,0.014983,0.055266,0.009856,0.031714,0.009856],[0.910472,0.013787,0.038298,0.009832,0.017778,0.009832],[0.081543,0.012651,0.040448,0.009832,0.845693,0.009832],[0.952381,0.009524,0.009524,0.009524,0.009524,0.009524],[0.906832,0.013925,0.035518,0.009837,0.024052,0.009837],[0.879111,0.016270,0.046078,0.009831,0.038880,0.009831],[0.845855,0.021541,0.066344,0.009859,0.046542,0.009859],[0.137228,0.024834,0.070184,0.009872,0.748009,0.009872],[0.846712,0.019172,0.063491,0.009842,0.050942,0.009842],[0.880169,0.014880,0.047972,0.009835,0.037309,0.009835],[0.082035,0.014545,0.040692,0.009835,0.843058,0.009835],[0.952381,0.009524,0.009524,0.009524,0.009524,0.009524]],
  [[0.952381,0.009524,0.009524,0.009524,0.009524,0.009524],[0.842699,0.022557,0.069698,0.009868,0.045310,0.009868],[0.595851,0.085544,0.009804,0.014582,0.284415,0.009804],[0.174717,0.060719,0.009781,0.009781,0.735220,0.009781],[0.124175,0.050050,0.009768,0.009768,0.796473,0.009768],[0.891842,0.044406,0.009768,0.009768,0.034448,0.009768],[0.088771,0.045781,0.009748,0.009748,0.836203,0.009748],[0.095928,0.044344,0.009765,0.009765,0.830435,0.009765],[0.914493,0.032247,0.009747,0.009747,0.024021,0.009747],[0.899125,0.037317,0.009769,0.009769,0.034252,0.009769],[0.104075,0.035809,0.009782,0.009782,0.830771,0.009782],[0.873615,0.045383,0.009755,0.009755,0.051737,0.009755],[0.879137,0.037343,0.009765,0.009765,0.054227,0.009765],[0.846295,0.023645,0.063642,0.009851,0.046717,0.009851],[0.867117,0.016506,0.052147,0.009847,0.044534,0.009847],[0.952381,0.009524,0.009524,0.009524,0.009524,0.009524],[0.862109,0.021358,0.057374,0.009863,0.039432,0.009863],[0.149251,0.025568,0.076659,0.009872,0.728777,0.009872],[0.628830,0.075152,0.009779,0.009779,0.266680,0.009779],[0.863271,0.048946,0.009780,0.009780,0.058443,0.009780],[0.120845,0.046505,0.009753,0.009753,0.803390,0.009753],[0.099483,0.045707,0.009774,0.009774,0.825488,0.009774],[0.900450,0.038772,0.009784,0.009784,0.031425,0.009784],[0.891941,0.037776,0.009769,0.009769,0.040977,0.009769],[0.876178,0.043218,0.009750,0.009750,0.051354,0.009750],[0.864743,0.052491,0.009765,0.009765,0.053471,0.009765],[0.633906,0.080472,0.009804,0.010726,0.255288,0.009804],[0.880732,0.044476,0.009770,0.009770,0.045481,0.009770],[0.891860,0.035678,0.009760,0.009760,0.043183,0.009760],[0.910560,0.029387,0.009750,0.009750,0.030802,0.009750],[0.073452,0.018293,0.036850,0.009846,0.851713,0.009846],[0.952381,0.009524,0.009524,0.009524,0.009524,0.009524],[0.098317,0.017043,0.063417,0.009866,0.801491,0.009866],[0.865977,0.046791,0.009768,0.009768,0.057927,0.009768],[0.841085,0.056632,0.009756,0.009756,0.073014,0.009756],[0.635799,0.071734,0.009801,0.009801,0.263064,0.009801],[0.872388,0.045676,0.009779,0.009779,0.052598,0.009779],[0.897602,0.032317,0.009766,0.009766,0.040783,0.009766],[0.909616,0.011873,0.038378,0.009822,0.020488,0.009822],[0.952381,0.009524,0.009524,0.009524,0.009524,0.009524]],
  [[0.952381,0.009524,0.009524,0.009524,0.009524,0.009524],[0.154243,0.023454,0.079521,0.009856,0.723070,0.009856],[0.870270,0.051635,0.009785,0.009785,0.048740,0.009785],[0.849181,0.058292,0.009773,0.009773,0.063209,0.009773],[0.854058,0.059592,0.009785,0.009785,0.056995,0.009785],[0.104584,0.045690,0.009760,0.009760,0.820446,0.009760],[0.880861,0.047576,0.009775,0.009775,0.042237,0.009775],[0.096513,0.044475,0.009762,0.009762,0.829726,0.009762],[0.875031,0.048667,0.009762,0.009762,0.047016,0.009762],[0.105002,0.042575,0.009764,0.009764,0.823130,0.009764],[0.860480,0.051941,0.009769,0.009769,0.058271,0.009769],[0.859833,0.052924,0.009772,0.009772,0.057928,0.009772],[0.160384,0.031952,0.089447,0.009888,0.698441,0.009888],[0.837389,0.023609,0.065652,0.009840,0.053669,0.009840],[0.952381,0.009524,0.009524,0.009524,0.009524,0.009524],[0.952381,0.009524,0.009524,0.009524,0.009524,0.009524],[0.112938,0.024229,0.057116,0.009844,0.786028,0.009844],[0.870831,0.044596,0.009790,0.009790,0.055202,0.009790],[0.848450,0.059810,0.009775,0.009775,0.062414,0.009775],[0.163072,0.062916,0.009797,0.009797,0.744621,0.009797],[0.106046,0.054898,0.009766,0.009766,0.809758,0.009766],[0.869792,0.052081,0.009783,0.009783,0.048778,0.009783],[0.869677,0.049085,0.009769,0.009769,0.051931,0.009769],[0.131966,0.044913,0.009786,0.009786,0.793764,0.009786],[0.842761,0.061184,0.009787,0.009787,0.066693,0.009787],[0.178686,0.057385,0.009804,0.011444,0.732877,0.009804],[0.180718,0.058391,0.009788,0.009788,0.731527,0.009788],[0.862901,0.055108,0.009758,0.009758,0.052716,0.009758],[0.873398,0.044860,0.009775,0.009775,0.052418,0.009775],[0.901628,0.031449,0.009763,0.009763,0.037632,0.009763],[0.865167,0.023005,0.051403,0.009874,0.040676,0.009874],[0.952381,0.009524,0.009524,0.009524,0.009524,0.009524],[0.826465,0.025623,0.074735,0.009866,0.053443,0.009866],[0.172901,0.061257,0.009794,0.009794,0.736461,0.009794],[0.839671,0.057620,0.009768,0.009768,0.073405,0.009768],[0.867147,0.043980,0.009801,0.009801,0.059469,0.009801],[0.865921,0.047108,0.009782,0.009782,0.057625,0.009782],[0.890494,0.037608,0.009736,0.009736,0.042689,0.009736],[0.891708,0.016420,0.044929,0.009841,0.027261,0.009841],[0.952381,0.009524,0.009524,0.009524,0.009524,0.009524]],
  [[0.952381,0.009524,0.009524,0.009524,0.009524,0.009524],[0.836735,0.025336,0.066630,0.009853,0.051593,0.009853],[0.857799,0.052331,0.009774,0.009774,0.060549,0.009774],[0.831355,0.061823,0.009792,0.009792,0.077445,0.009792],[0.118818,0.051368,0.009780,0.009780,0.800474,0.009780],[0.876053,0.052781,0.009778,0.009778,0.041830,0.009778],[0.881404,0.048036,0.009775,0.009775,0.041234,0.009775],[0.119081,0.045686,0.009765,0.009765,0.805939,0.009765],[0.869124,0.048329,0.009757,0.009757,0.053275,0.009757],[0.853865,0.058313,0.009787,0.009787,0.058463,0.009787],[0.854223,0.057038,0.009789,0.009789,0.059374,0.009789],[0.785906,0.031551,0.105609,0.009884,0.057166,0.009884],[0.521604,0.035215,0.197940,0.009876,0.225489,0.009876],[0.952381,0.009524,0.009524,0.009524,0.009524,0.009524],[0.952381,0.009524,0.009524,0.009524,0.009524,0.009524],[0.090357,0.021150,0.049661,0.009853,0.819125,0.009853],[0.845658,0.030061,0.064078,0.009856,0.040492,0.009856],[0.853440,0.052827,0.009774,0.009774,0.064411,0.009774],[0.850396,0.057656,0.009804,0.010419,0.061922,0.009804],[0.841791,0.065606,0.009800,0.009800,0.063202,0.009800],[0.837090,0.064073,0.009788,0.009788,0.069473,0.009788],[0.116208,0.047357,0.009798,0.009798,0.807040,0.009798],[0.847726,0.056942,0.009791,0.009791,0.065958,0.009791],[0.830956,0.063601,0.009788,0.009788,0.076080,0.009788],[0.817390,0.076235,0.009788,0.009788,0.077010,0.009788],[0.823926,0.065361,0.009804,0.010906,0.080199,0.009804],[0.826923,0.068038,0.009777,0.009777,0.075707,0.009777],[0.842577,0.056738,0.009786,0.009786,0.071325,0.009786],[0.868072,0.049093,0.009769,0.009769,0.053529,0.009769],[0.901705,0.038419,0.009749,0.009749,0.030628,0.009749],[0.086658,0.018185,0.048317,0.009848,0.827144,0.009848],[0.952381,0.009524,0.009524,0.009524,0.009524,0.009524],[0.514005,0.033983,0.192939,0.009895,0.239284,0.009895],[0.854032,0.054514,0.009781,0.009781,0.062110,0.009781],[0.841673,0.058223,0.009798,0.009798,0.070709,0.009798],[0.866493,0.047949,0.009751,0.009751,0.056306,0.009751],[0.869231,0.047429,0.009784,0.009784,0.053987,0.009784],[0.106214,0.040410,0.009766,0.009766,0.824077,0.009766],[0.081959,0.020533,0.049456,0.009840,0.828372,0.009840],[0.952381,0.009524,0.009524,0.009524,0.009524,0.009524]],
  [[0.952381,0.009524,0.009524,0.009524,0.009524,0.009524],[0.831705,0.024714,0.066668,0.009862,0.057189,0.009862],[0.859496,0.049430,0.009780,0.009780,0.061733,0.009780],[0.852724,0.058413,0.009782,0.009782,0.059517,0.009782],[0.114225,0.051108,0.009744,0.009744,0.805435,0.009744],[0.109852,0.051064,0.009765,0.009765,0.809787,0.009765],[0.855881,0.058466,0.009787,0.009787,0.056292,0.009787],[0.871087,0.051753,0.009794,0.009794,0.047777,0.009794],[0.852229,0.052636,0.009795,0.009795,0.065752,0.009795],[0.843026,0.056472,0.009779,0.009779,0.071163,0.009779],[0.181131,0.064272,0.009804,0.011135,0.723854,0.009804],[0.786754,0.036717,0.098717,0.009892,0.058029,0.009892],[0.952381,0.009524,0.009524,0.009524,0.009524,0.009524],[0.952381,0.009524,0.009524,0.009524,0.009524,0.009524],[0.880012,0.013617,0.046605,0.009839,0.040089,0.009839],[0.896289,0.016416,0.040836,0.009845,0.026769,0.009845],[0.100007,0.024459,0.064059,0.009849,0.791777,0.009849],[0.870268,0.045228,0.009779,0.009779,0.055166,0.009779],[0.852803,0.055360,0.009795,0.009795,0.062451,0.009795],[0.830496,0.062033,0.009795,0.009795,0.078087,0.009795],[0.813168,0.069109,0.009804,0.009804,0.088312,0.009804],[0.817190,0.069881,0.009804,0.012538,0.080784,0.009804],[0.843890,0.068389,0.009804,0.013209,0.054905,0.009804],[0.139953,0.058867,0.009804,0.010507,0.771066,0.009804],[0.171542,0.070919,0.009799,0.009799,0.728144,0.009799],[0.829715,0.072702,0.009785,0.009785,0.068228,0.009785],[0.834391,0.062423,0.009800,0.009800,0.073788,0.009800],[0.851596,0.053260,0.009804,0.010056,0.065480,0.009804],[0.878549,0.047669,0.009782,0.009782,0.044436,0.009782],[0.895860,0.040402,0.009756,0.009756,0.034469,0.009756],[0.860620,0.020932,0.056404,0.009859,0.042326,0.009859],[0.952381,0.009524,0.009524,0.009524,0.009524,0.009524],[0.138407,0.027246,0.068228,0.009863,0.746393,0.009863],[0.859149,0.053849,0.009781,0.009781,0.057659,0.009781],[0.849905,0.056789,0.009770,0.009770,0.063996,0.009770],[0.881344,0.045665,0.009782,0.009782,0.043646,0.009782],[0.883495,0.039045,0.009791,0.009791,0.048086,0.009791],[0.893376,0.037895,0.009767,0.009767,0.039429,0.009767],[0.889508,0.018466,0.043499,0.009835,0.028856,0.009835],[0.952381,0.009524,0.009524,0.009524,0.009524,0.009524]],
  [[0.952381,0.009524,0.009524,0.009524,0.009524,0.009524],[0.854626,0.024089,0.058744,0.009864,0.042814,0.009864],[0.632964,0.063694,0.009799,0.009799,0.273945,0.009799],[0.856505,0.059321,0.009789,0.009789,0.054807,0.009789],[0.118630,0.051145,0.009775,0.009775,0.800900,0.009775],[0.843186,0.063101,0.009793,0.009793,0.064336,0.009793],[0.845445,0.063648,0.009786,0.009786,0.061551,0.009786],[0.847617,0.060419,0.009782,0.009782,0.062617,0.009782],[0.856525,0.057133,0.009804,0.010400,0.056335,0.009804],[0.840506,0.065366,0.009804,0.010158,0.064362,0.009804],[0.827549,0.067108,0.009803,0.009803,0.075933,0.009803],[0.494059,0.036630,0.193790,0.009874,0.255773,0.009874],[0.952381,0.009524,0.009524,0.009524,0.009524,0.009524],[0.952381,0.009524,0.009524,0.009524,0.009524,0.009524],[0.952381,0.009524,0.009524,0.009524,0.009524,0.009524],[0.952381,0.009524,0.009524,0.009524,0.009524,0.009524],[0.886034,0.009585,0.009585,0.009585,0.075624,0.009585],[0.818396,0.038524,0.009696,0.009696,0.113991,0.009696],[0.835305,0.058331,0.009692,0.009692,0.077287,0.009692],[0.138131,0.039693,0.009709,0.009709,0.793050,0.009709],[0.823353,0.059465,0.009799,0.038134,0.059451,0.009799],[0.546450,0.059396,0.009728,0.009728,0.364970,0.009728],[0.871980,0.058670,0.009701,0.009701,0.040246,0.009701],[0.860803,0.078477,0.009802,0.019209,0.021906,0.009802],[0.080861,0.078642,0.009823,0.019290,0.801559,0.009823],[0.525761,0.153918,0.009746,0.009746,0.291083,0.009746],[0.823578,0.059166,0.009789,0.037991,0.059686,0.009789],[0.862495,0.058623,0.009775,0.019225,0.040107,0.009775],[0.862996,0.058570,0.009773,0.019172,0.039716,0.009773],[0.845490,0.057961,0.009755,0.019040,0.058000,0.009755],[0.170053,0.009600,0.009600,0.009600,0.791548,0.009600],[0.952381,0.009524,0.009524,0.009524,0.009524,0.009524],[0.822567,0.029508,0.076791,0.009858,0.051417,0.009858],[0.864142,0.052133,0.009797,0.009797,0.054334,0.009797],[0.841731,0.061877,0.009799,0.009799,0.066993,0.009799],[0.866750,0.053494,0.009770,0.009770,0.050447,0.009770],[0.868619,0.048387,0.009787,0.009787,0.053634,0.009787],[0.891618,0.038664,0.009756,0.009756,0.040450,0.009756],[0.884342,0.017218,0.050423,0.009839,0.028338,0.009839],[0.952381,0.009524,0.009524,0.009524,0.009524,0.009524]],
  [[0.952381,0.009524,0.009524,0.009524,0.009524,0.009524],[0.847212,0.020837,0.067365,0.009853,0.044882,0.009853],[0.870237,0.048226,0.009762,0.009762,0.052252,0.009762],[0.848778,0.055312,0.009779,0.009779,0.066572,0.009779],[0.828564,0.063047,0.009774,0.009774,0.079068,0.009774],[0.151523,0.061251,0.009804,0.010818,0.756800,0.009804],[0.603456,0.089119,0.009804,0.012575,0.275241,0.009804],[0.845762,0.061556,0.009780,0.009780,0.063341,0.009780],[0.124073,0.045687,0.009795,0.009795,0.800854,0.009795],[0.131862,0.048397,0.009782,0.009782,0.790395,0.009782],[0.852518,0.056357,0.009775,0.009775,0.061801,0.009775],[0.143578,0.035695,0.092491,0.009870,0.708497,0.009870],[0.123507,0.030879,0.088750,0.009852,0.737159,0.009852],[0.857549,0.022009,0.055756,0.009859,0.044968,0.009859],[0.952381,0.009524,0.009524,0.009524,0.009524,0.009524],[0.952381,0.009524,0.009524,0.009524,0.009524,0.009524],[0.952895,0.009421,0.009421,0.009421,0.009421,0.009421],[0.079331,0.009783,0.021635,0.037937,0.841531,0.009783],[0.911933,0.039956,0.009714,0.018969,0.009714,0.009714],[0.602604,0.096710,0.009725,0.009725,0.271513,0.009725],[0.910981,0.009739,0.009739,0.019173,0.040628,0.009739],[0.910960,0.009738,0.009738,0.019093,0.040734,0.009738],[0.815394,0.096298,0.009707,0.009707,0.059186,0.009707],[0.080085,0.021320,0.009806,0.019286,0.859696,0.009806],[0.025664,0.059479,0.009816,0.019305,0.875920,0.009816],[0.100073,0.058854,0.009721,0.009721,0.811909,0.009721],[0.834385,0.021767,0.009711,0.009711,0.114717,0.009711],[0.862293,0.021133,0.009778,0.019162,0.077857,0.009778],[0.855050,0.095171,0.009679,0.009679,0.020743,0.009679],[0.041732,0.020273,0.009687,0.009687,0.908933,0.009687],[0.833273,0.038806,0.040642,0.019107,0.058337,0.009834],[0.952381,0.009524,0.009524,0.009524,0.009524,0.009524],[0.090858,0.025173,0.055641,0.009852,0.808625,0.009852],[0.865163,0.054906,0.009767,0.009767,0.050628,0.009767],[0.835720,0.065652,0.009791,0.009791,0.069255,0.009791],[0.822816,0.067607,0.009804,0.010973,0.078997,0.009804],[0.851777,0.056522,0.009775,0.009775,0.062376,0.009775],[0.862827,0.052395,0.009792,0.009792,0.055401,0.009792],[0.087294,0.022167,0.045574,0.009833,0.825299,0.009833],[0.952381,0.009524,0.009524,0.009524,0.009524,0.009524]],
  [[0.952381,0.009524,0.009524,0.009524,0.009524,0.009524],[0.865636,0.019078,0.055749,0.009835,0.039866,0.009835],[0.882831,0.040079,0.009791,0.009791,0.047716,0.009791],[0.862466,0.049301,0.009771,0.009771,0.058919,0.009771],[0.831160,0.056284,0.009804,0.010395,0.082553,0.009804],[0.824522,0.064651,0.009804,0.010640,0.080579,0.009804],[0.205689,0.078626,0.009804,0.010202,0.685874,0.009804],[0.825215,0.063764,0.009786,0.009786,0.081664,0.009786],[0.009524,0.009524,0.009524,0.009524,0.009524,0.952381],[0.844191,0.055083,0.009804,0.010351,0.070767,0.009804],[0.862984,0.053577,0.009763,0.009763,0.054151,0.009763],[0.111308,0.051311,0.009773,0.009773,0.808062,0.009773],[0.864764,0.054141,0.009781,0.009781,0.051752,0.009781],[0.100319,0.024393,0.053164,0.009847,0.802430,0.009847],[0.897222,0.016536,0.043688,0.009841,0.022872,0.009841],[0.952381,0.009524,0.009524,0.009524,0.009524,0.009524],[0.892459,0.009659,0.020934,0.009659,0.057630,0.009659],[0.893418,0.009706,0.009706,0.018934,0.058530,0.009706],[0.853580,0.095826,0.009695,0.009695,0.021510,0.009695],[0.871218,0.021510,0.009706,0.009706,0.078154,0.009706],[0.871538,0.077751,0.009713,0.009713,0.021572,0.009713],[0.136052,0.077150,0.009714,0.009714,0.757655,0.009714],[0.210981,0.058525,0.009717,0.009717,0.701343,0.009717],[0.852185,0.040434,0.009712,0.009712,0.078245,0.009712],[0.803830,0.097559,0.009808,0.019260,0.059734,0.009808],[0.898074,0.040552,0.009797,0.019257,0.022523,0.009797],[0.747408,0.115999,0.009799,0.056959,0.060036,0.009799],[0.785599,0.059124,0.009789,0.019203,0.116496,0.009789],[0.930533,0.009711,0.009711,0.018964,0.021369,0.009711],[0.881743,0.039926,0.009775,0.019011,0.039770,0.009775],[0.930384,0.019683,0.009683,0.009683,0.020885,0.009683],[0.952381,0.009524,0.009524,0.009524,0.009524,0.009524],[0.814096,0.023792,0.086982,0.009869,0.055392,0.009869],[0.781423,0.034472,0.099822,0.009887,0.064510,0.009887],[0.816633,0.070942,0.009804,0.010826,0.081990,0.009804],[0.185752,0.076191,0.009789,0.009789,0.708688,0.009789],[0.175164,0.072875,0.009786,0.009786,0.722603,0.009786],[0.154448,0.068285,0.009775,0.009775,0.747941,0.009775],[0.095339,0.021635,0.063214,0.009856,0.800101,0.009856],[0.952381,0.009524,0.009524,0.009524,0.009524,0.009524]],
  [[0.952381,0.009524,0.009524,0.009524,0.009524,0.009524],[0.894376,0.015976,0.044311,0.009829,0.025679,0.009829],[0.893568,0.038781,0.009754,0.009754,0.038390,0.009754],[0.872312,0.043355,0.009788,0.009788,0.054970,0.009788],[0.864704,0.049595,0.009804,0.010412,0.055682,0.009804],[0.846268,0.056787,0.009791,0.009791,0.067572,0.009791],[0.823506,0.065283,0.009804,0.011887,0.079716,0.009804],[0.625075,0.077942,0.009804,0.012465,0.264910,0.009804],[0.009524,0.009524,0.009524,0.009524,0.009524,0.952381],[0.837301,0.049090,0.009804,0.010419,0.083582,0.009804],[0.856372,0.056416,0.009803,0.009803,0.057804,0.009803],[0.097243,0.046357,0.009774,0.009774,0.827077,0.009774],[0.094812,0.051849,0.009797,0.009797,0.823947,0.009797],[0.090297,0.022610,0.061096,0.009851,0.806295,0.009851],[0.886172,0.018846,0.046701,0.009856,0.028569,0.009856],[0.952381,0.009524,0.009524,0.009524,0.009524,0.009524],[0.115803,0.009713,0.009713,0.018928,0.836131,0.009713],[0.116685,0.058131,0.009703,0.009703,0.796075,0.009703],[0.939982,0.009623,0.009623,0.009623,0.021527,0.009623],[0.908723,0.021348,0.009701,0.009701,0.040825,0.009701],[0.833494,0.059026,0.009711,0.009711,0.078348,0.009711],[0.823027,0.078476,0.009803,0.019259,0.059632,0.009803],[0.852389,0.096819,0.009720,0.009720,0.021633,0.009720],[0.939896,0.009640,0.009640,0.009640,0.021544,0.009640],[0.841476,0.059516,0.009801,0.019294,0.060113,0.009801],[0.852798,0.059017,0.009711,0.009711,0.059052,0.009711],[0.174984,0.114946,0.009720,0.009720,0.680908,0.009720],[0.063705,0.021585,0.009811,0.038105,0.856983,0.009811],[0.173580,0.009641,0.009641,0.009641,0.787855,0.009641],[0.843742,0.058888,0.009782,0.019199,0.058608,0.009782],[0.060586,0.019941,0.021165,0.009774,0.878759,0.009774],[0.952381,0.009524,0.009524,0.009524,0.009524,0.009524],[0.952381,0.009524,0.009524,0.009524,0.009524,0.009524],[0.494510,0.036929,0.223726,0.010125,0.224809,0.009901],[0.747037,0.044234,0.116671,0.009897,0.072264,0.009897],[0.791358,0.088970,0.009804,0.012147,0.087917,0.009804],[0.572483,0.122420,0.009804,0.010197,0.275293,0.009804],[0.836799,0.075183,0.009769,0.009769,0.058712,0.009769],[0.844306,0.026216,0.063514,0.009866,0.046232,0.009866],[0.952381,0.009524,0.009524,0.009524,0.009524,0.009524]],
  [[0.952381,0.009524,0.009524,0.009524,0.009524,0.009524],[0.898391,0.015467,0.039378,0.009835,0.027095,0.009835],[0.901508,0.032008,0.009764,0.009764,0.037193,0.009764],[0.114110,0.035075,0.009770,0.009770,0.821505,0.009770],[0.875068,0.043670,0.009790,0.009790,0.051891,0.009790],[0.871723,0.047572,0.009784,0.009784,0.051352,0.009784],[0.855052,0.052115,0.009792,0.009792,0.063457,0.009792],[0.207118,0.055017,0.009785,0.009785,0.708510,0.009785],[0.843366,0.059320,0.009785,0.009785,0.067960,0.009785],[0.853548,0.053940,0.009786,0.009786,0.063155,0.009786],[0.858140,0.058175,0.009768,0.009768,0.054381,0.009768],[0.120437,0.049739,0.009768,0.009768,0.800521,0.009768],[0.876269,0.047196,0.009755,0.009755,0.047269,0.009755],[0.862020,0.028188,0.058512,0.009860,0.031560,0.009860],[0.952381,0.009524,0.009524,0.009524,0.009524,0.009524],[0.085354,0.025674,0.060806,0.009856,0.808454,0.009856],[0.931845,0.020086,0.009719,0.018912,0.009719,0.009719],[0.909754,0.039793,0.009693,0.009693,0.021374,0.009693],[0.880117,0.040390,0.009791,0.019158,0.040753,0.009791],[0.871907,0.021428,0.009699,0.009699,0.077567,0.009699],[0.871036,0.021644,0.009708,0.009708,0.078195,0.009708],[0.044304,0.059091,0.009807,0.019336,0.857655,0.009807],[0.117906,0.021252,0.009716,0.009716,0.831693,0.009716],[0.784846,0.097436,0.009806,0.019324,0.078781,0.009806],[0.784868,0.059705,0.009806,0.038160,0.097655,0.009806],[0.493928,0.135801,0.009825,0.038305,0.312316,0.009825],[0.834043,0.077966,0.009717,0.009717,0.058841,0.009717],[0.930002,0.021657,0.009737,0.019130,0.009737,0.009737],[0.544914,0.097138,0.009735,0.009735,0.328743,0.009735],[0.909713,0.040111,0.009700,0.009700,0.021077,0.009700],[0.097346,0.019945,0.009713,0.009713,0.853570,0.009713],[0.813749,0.028906,0.079934,0.009867,0.057676,0.009867],[0.132309,0.027455,0.068864,0.009870,0.751632,0.009870],[0.952381,0.009524,0.009524,0.009524,0.009524,0.009524],[0.732839,0.039432,0.119697,0.009872,0.088288,0.009872],[0.193123,0.079917,0.009804,0.012640,0.694711,0.009804],[0.186872,0.078295,0.009804,0.011267,0.703959,0.009804],[0.823730,0.071503,0.009785,0.009785,0.075412,0.009785],[0.105100,0.022023,0.063621,0.009851,0.789554,0.009851],[0.952381,0.009524,0.009524,0.009524,0.009524,0.009524]],
  [[0.952381,0.009524,0.009524,0.009524,0.009524,0.009524],[0.894912,0.015028,0.045612,0.009847,0.024754,0.009847],[0.904724,0.030626,0.009748,0.009748,0.035404,0.009748],[0.886168,0.041795,0.009746,0.009746,0.042800,0.009746],[0.890582,0.040389,0.009767,0.009767,0.039728,0.009767],[0.886590,0.036350,0.009754,0.009754,0.047799,0.009754],[0.866626,0.042857,0.009754,0.009754,0.061253,0.009754],[0.009524,0.009524,0.009524,0.009524,0.009524,0.952381],[0.612189,0.074124,0.009804,0.011844,0.282235,0.009804],[0.179408,0.064178,0.009782,0.009782,0.727068,0.009782],[0.846361,0.062426,0.009783,0.009783,0.061864,0.009783],[0.122474,0.051352,0.009780,0.009780,0.796834,0.009780],[0.879837,0.046633,0.009773,0.009773,0.044211,0.009773],[0.851712,0.029036,0.058413,0.009838,0.041162,0.009838],[0.849227,0.028408,0.061272,0.009865,0.041364,0.009865],[0.072790,0.028861,0.071126,0.009859,0.807504,0.009859],[0.023637,0.039269,0.009698,0.009698,0.908000,0.009698],[0.099369,0.021303,0.009716,0.009716,0.850178,0.009716],[0.657320,0.022496,0.009740,0.009740,0.290964,0.009740],[0.890620,0.040046,0.009702,0.009702,0.040228,0.009702],[0.874244,0.077582,0.009727,0.018994,0.009727,0.009727],[0.823022,0.022056,0.009807,0.038136,0.097173,0.009807],[0.618837,0.154335,0.009758,0.009758,0.197555,0.009758],[0.803217,0.060024,0.009813,0.019241,0.097891,0.009813],[0.870785,0.077881,0.009717,0.009717,0.022183,0.009717],[0.177088,0.059108,0.009806,0.019256,0.724936,0.009806],[0.878597,0.040769,0.009804,0.019340,0.041686,0.009804],[0.871308,0.040138,0.009705,0.009705,0.059439,0.009705],[0.842615,0.059330,0.009794,0.019223,0.059244,0.009794],[0.062289,0.040320,0.009808,0.038024,0.839751,0.009808],[0.115760,0.077083,0.009709,0.009709,0.778030,0.009709],[0.102630,0.052698,0.009749,0.009749,0.815425,0.009749],[0.808558,0.027434,0.090587,0.009847,0.053727,0.009847],[0.952381,0.009524,0.009524,0.009524,0.009524,0.009524],[0.763817,0.036568,0.102693,0.009881,0.077161,0.009881],[0.796143,0.078133,0.009804,0.009804,0.096313,0.009804],[0.198344,0.074853,0.009781,0.009781,0.697460,0.009781],[0.818929,0.072284,0.009778,0.009778,0.079454,0.009778],[0.814178,0.025475,0.075529,0.009860,0.065098,0.009860],[0.952381,0.009524,0.009524,0.009524,0.009524,0.009524]],
  [[0.952381,0.009524,0.009524,0.009524,0.009524,0.009524],[0.864979,0.020802,0.051486,0.009840,0.043053,0.009840],[0.108537,0.042647,0.009788,0.009788,0.819453,0.009788],[0.872840,0.044259,0.009788,0.009788,0.053537,0.009788],[0.875232,0.040071,0.009745,0.009745,0.055461,0.009745],[0.009524,0.009524,0.009524,0.009524,0.009524,0.952381],[0.009524,0.009524,0.009524,0.009524,0.009524,0.952381],[0.009524,0.009524,0.009524,0.009524,0.009524,0.952381],[0.842450,0.056319,0.009791,0.009791,0.071859,0.009791],[0.830103,0.068787,0.009801,0.009801,0.071707,0.009801],[0.829663,0.067188,0.009804,0.012437,0.071104,0.009804],[0.856359,0.058345,0.009801,0.009801,0.055894,0.009801],[0.853541,0.059502,0.009789,0.009789,0.057589,0.009789],[0.865373,0.047330,0.009800,0.009800,0.057897,0.009800],[0.107821,0.041673,0.009769,0.009769,0.821199,0.009769],[0.876636,0.050856,0.009776,0.009776,0.043180,0.009776],[0.952264,0.009547,0.009547,0.009547,0.009547,0.009547],[0.872615,0.058738,0.009699,0.009699,0.039550,0.009699],[0.062998,0.021348,0.009804,0.019126,0.876920,0.009804],[0.118775,0.021374,0.009718,0.009718,0.830698,0.009718],[0.871931,0.058808,0.009704,0.009704,0.040149,0.009704],[0.062384,0.077658,0.009724,0.009724,0.830788,0.009724],[0.118383,0.040385,0.009729,0.009729,0.812044,0.009729],[0.859566,0.022434,0.009819,0.019300,0.079062,0.009819],[0.841006,0.040983,0.009808,0.019192,0.079202,0.009808],[0.908200,0.040534,0.009717,0.009717,0.022116,0.009717],[0.860086,0.059364,0.009798,0.038228,0.022727,0.009798],[0.834156,0.096244,0.009711,0.009711,0.040466,0.009711],[0.797087,0.096162,0.009705,0.009705,0.077635,0.009705],[0.098359,0.039441,0.009703,0.009703,0.833092,0.009703],[0.853023,0.077468,0.009705,0.009705,0.040395,0.009705],[0.127882,0.052547,0.009785,0.009785,0.790217,0.009785],[0.831452,0.029196,0.075261,0.009878,0.044334,0.009878],[0.952381,0.009524,0.009524,0.009524,0.009524,0.009524],[0.147609,0.027976,0.078697,0.009880,0.725958,0.009880],[0.824457,0.071015,0.009778,0.009778,0.075196,0.009778],[0.810452,0.077772,0.009781,0.009781,0.082432,0.009781],[0.584702,0.084822,0.009802,0.009802,0.301070,0.009802],[0.836259,0.027704,0.076885,0.009867,0.039418,0.009867],[0.952381,0.009524,0.009524,0.009524,0.009524,0.009524]],
  [[0.952381,0.009524,0.009524,0.009524,0.009524,0.009524],[0.836501,0.026562,0.068534,0.009849,0.048705,0.009849],[0.867905,0.048320,0.009769,0.009769,0.054470,0.009769],[0.851068,0.058422,0.009782,0.009782,0.061165,0.009782],[0.869376,0.043443,0.009768,0.009768,0.057878,0.009768],[0.868939,0.033729,0.009773,0.009773,0.068014,0.009773],[0.009524,0.009524,0.009524,0.009524,0.009524,0.952381],[0.009524,0.009524,0.009524,0.009524,0.009524,0.952381],[0.172207,0.053834,0.009797,0.009797,0.744568,0.009797],[0.821624,0.068087,0.009804,0.010493,0.080189,0.009804],[0.168811,0.064687,0.009777,0.009777,0.737170,0.009777],[0.844915,0.062175,0.009788,0.009788,0.063548,0.009788],[0.854178,0.060256,0.009804,0.010249,0.055709,0.009804],[0.867825,0.052472,0.009776,0.009776,0.050374,0.009776],[0.095043,0.048470,0.009789,0.009789,0.827120,0.009789],[0.876620,0.048590,0.009769,0.009769,0.045483,0.009769],[0.788141,0.058552,0.009772,0.019131,0.114633,0.009772],[0.862838,0.058721,0.009776,0.019051,0.039839,0.009776],[0.078917,0.009625,0.009625,0.009625,0.882583,0.009625],[0.903307,0.058182,0.009628,0.009628,0.009628,0.009628],[0.911435,0.009716,0.009716,0.018954,0.040464,0.009716],[0.118111,0.021302,0.009804,0.037959,0.803021,0.009804],[0.079348,0.040136,0.009722,0.009722,0.851349,0.009722],[0.175542,0.078413,0.009817,0.019180,0.707231,0.009817],[0.626266,0.098136,0.009826,0.019247,0.236697,0.009826],[0.823411,0.078113,0.009795,0.038206,0.040680,0.009795],[0.898683,0.040414,0.009794,0.019338,0.021977,0.009794],[0.872614,0.076947,0.009691,0.009691,0.021368,0.009691],[0.842590,0.021589,0.009793,0.038101,0.078135,0.009793],[0.842661,0.077998,0.009790,0.019235,0.040527,0.009790],[0.853442,0.039976,0.009700,0.009700,0.077482,0.009700],[0.843450,0.063722,0.009800,0.009800,0.063428,0.009800],[0.808082,0.029873,0.089187,0.009854,0.053149,0.009854],[0.952381,0.009524,0.009524,0.009524,0.009524,0.009524],[0.789974,0.031789,0.093264,0.009870,0.065233,0.009870],[0.628056,0.084554,0.009786,0.009786,0.258032,0.009786],[0.822364,0.069623,0.009797,0.009797,0.078624,0.009797],[0.854159,0.056192,0.009786,0.009786,0.060291,0.009786],[0.831369,0.022704,0.069760,0.009866,0.056436,0.009866],[0.952381,0.009524,0.009524,0.009524,0.009524,0.009524]],
  [[0.952381,0.009524,0.009524,0.009524,0.009524,0.009524],[0.829936,0.025645,0.082919,0.009864,0.041772,0.009864],[0.604354,0.086450,0.009804,0.013019,0.276568,0.009804],[0.184008,0.061968,0.009799,0.009799,0.724628,0.009799],[0.850593,0.049550,0.009762,0.009762,0.070571,0.009762],[0.009524,0.009524,0.009524,0.009524,0.009524,0.952381],[0.009524,0.009524,0.009524,0.009524,0.009524,0.952381],[0.610916,0.066364,0.009804,0.010358,0.292754,0.009804],[0.857075,0.054914,0.009765,0.009765,0.058716,0.009765],[0.130706,0.064527,0.009765,0.009765,0.775471,0.009765],[0.162459,0.071794,0.009804,0.009804,0.736335,0.009804],[0.598512,0.087274,0.009804,0.009885,0.284722,0.009804],[0.857219,0.057314,0.009786,0.009786,0.056107,0.009786],[0.862369,0.051581,0.009778,0.009778,0.056715,0.009778],[0.111905,0.043942,0.009762,0.009762,0.814866,0.009762],[0.099409,0.048068,0.009770,0.009770,0.823214,0.009770],[0.892473,0.039324,0.009677,0.009677,0.039171,0.009677],[0.117219,0.039393,0.009784,0.019078,0.804741,0.009784],[0.836114,0.095262,0.009680,0.009680,0.039583,0.009680],[0.929108,0.020660,0.009681,0.009681,0.021190,0.009681],[0.910782,0.021042,0.009689,0.009689,0.039109,0.009689],[0.924004,0.009650,0.009650,0.037394,0.009650,0.009650],[0.060683,0.059209,0.009810,0.019156,0.841333,0.009810],[0.117617,0.096336,0.009724,0.009724,0.756874,0.009724],[0.815512,0.021797,0.009714,0.009714,0.133549,0.009714],[0.852674,0.021665,0.009710,0.009710,0.096530,0.009710],[0.871610,0.021495,0.009704,0.009704,0.077783,0.009704],[0.892766,0.058905,0.009731,0.019137,0.009731,0.009731],[0.834061,0.058835,0.009707,0.009707,0.077983,0.009707],[0.889472,0.040533,0.009717,0.009717,0.040846,0.009717],[0.822912,0.078396,0.009800,0.038073,0.041019,0.009800],[0.813877,0.075679,0.009796,0.009796,0.081057,0.009796],[0.767609,0.035350,0.106274,0.009876,0.071015,0.009876],[0.952381,0.009524,0.009524,0.009524,0.009524,0.009524],[0.784479,0.028519,0.095499,0.009890,0.071722,0.009890],[0.801348,0.034119,0.093531,0.009857,0.051288,0.009857],[0.173755,0.057062,0.009800,0.009800,0.739782,0.009800],[0.863760,0.052530,0.009756,0.009756,0.054442,0.009756],[0.861513,0.021652,0.050897,0.009848,0.046242,0.009848],[0.952381,0.009524,0.009524,0.009524,0.009524,0.009524]],
  [[0.952381,0.009524,0.009524,0.009524,0.009524,0.009524],[0.139882,0.028935,0.076979,0.009845,0.734514,0.009845],[0.161236,0.065180,0.009750,0.009750,0.744333,0.009750],[0.840622,0.058288,0.009791,0.009791,0.071715,0.009791],[0.863394,0.047355,0.009789,0.009789,0.059884,0.009789],[0.607655,0.056825,0.009804,0.011562,0.304350,0.009804],[0.854056,0.042281,0.009765,0.009765,0.074367,0.009765],[0.871708,0.041839,0.009772,0.009772,0.057137,0.009772],[0.150923,0.057174,0.009800,0.009800,0.762502,0.009800],[0.129672,0.057925,0.009762,0.009762,0.783118,0.009762],[0.844135,0.062029,0.009778,0.009778,0.064502,0.009778],[0.856625,0.055112,0.009779,0.009779,0.058927,0.009779],[0.856329,0.054375,0.009784,0.009784,0.059946,0.009784],[0.106100,0.047073,0.009784,0.009784,0.817476,0.009784],[0.881289,0.047912,0.009753,0.009753,0.041540,0.009753],[0.880714,0.049052,0.009782,0.009782,0.040887,0.009782],[0.022509,0.020422,0.009692,0.009692,0.927994,0.009692],[0.930188,0.020414,0.009669,0.009669,0.020390,0.009669],[0.894192,0.057854,0.009690,0.018884,0.009690,0.009690],[0.891778,0.020720,0.009680,0.009680,0.058463,0.009680],[0.835715,0.076897,0.009689,0.009689,0.058320,0.009689],[0.061159,0.020677,0.009699,0.009699,0.889067,0.009699],[0.116827,0.058406,0.009709,0.009709,0.795639,0.009709],[0.078757,0.077474,0.009718,0.009718,0.814615,0.009718],[0.890734,0.040264,0.009708,0.009708,0.039877,0.009708],[0.874017,0.058996,0.009733,0.037790,0.009733,0.009733],[0.871191,0.040284,0.009709,0.009709,0.059397,0.009709],[0.099782,0.009653,0.009653,0.009653,0.861606,0.009653],[0.137311,0.040199,0.009723,0.009723,0.793323,0.009723],[0.138996,0.021736,0.009816,0.019265,0.800371,0.009816],[0.675867,0.079005,0.009751,0.009751,0.215875,0.009751],[0.231168,0.090722,0.009804,0.010491,0.648011,0.009804],[0.740418,0.041313,0.124030,0.009891,0.074456,0.009891],[0.770332,0.034702,0.109445,0.009885,0.065751,0.009885],[0.952381,0.009524,0.009524,0.009524,0.009524,0.009524],[0.832609,0.029009,0.068205,0.009878,0.050420,0.009878],[0.093927,0.022648,0.062985,0.009858,0.800724,0.009858],[0.853059,0.027218,0.063466,0.009853,0.036551,0.009853],[0.087835,0.018324,0.043503,0.009853,0.830632,0.009853],[0.952381,0.009524,0.009524,0.009524,0.009524,0.009524]],
  [[0.952381,0.009524,0.009524,0.009524,0.009524,0.009524],[0.841754,0.025100,0.068377,0.009860,0.045050,0.009860],[0.863028,0.049070,0.009753,0.009753,0.058643,0.009753],[0.845866,0.051470,0.009776,0.009776,0.073335,0.009776],[0.177117,0.054249,0.009792,0.009792,0.739257,0.009792],[0.159673,0.049208,0.009791,0.009791,0.761745,0.009791],[0.009524,0.009524,0.009524,0.009524,0.009524,0.952381],[0.870989,0.039951,0.009761,0.009761,0.059777,0.009761],[0.883482,0.044488,0.009759,0.009759,0.042752,0.009759],[0.844604,0.052292,0.009790,0.009790,0.073734,0.009790],[0.869316,0.047472,0.009775,0.009775,0.053885,0.009775],[0.869222,0.048356,0.009784,0.009784,0.053069,0.009784],[0.860398,0.054322,0.009770,0.009770,0.055971,0.009770],[0.868104,0.048460,0.009780,0.009780,0.054097,0.009780],[0.883395,0.047373,0.009759,0.009759,0.039954,0.009759],[0.879200,0.043629,0.009761,0.009761,0.047887,0.009761],[0.009634,0.057260,0.009634,0.009634,0.904204,0.009634],[0.863638,0.058175,0.009761,0.019022,0.039644,0.009761],[0.855368,0.057857,0.009675,0.009675,0.057749,0.009675],[0.854377,0.076769,0.009684,0.009684,0.039800,0.009684],[0.872725,0.058346,0.009692,0.009692,0.039853,0.009692],[0.909260,0.021406,0.009702,0.009702,0.040228,0.009702],[0.043947,0.097216,0.009815,0.019186,0.820022,0.009815],[0.803968,0.097400,0.009804,0.019184,0.059841,0.009804],[0.853002,0.077461,0.009705,0.009705,0.040420,0.009705],[0.822728,0.040784,0.009804,0.038163,0.078717,0.009804],[0.889852,0.022008,0.009721,0.009721,0.058978,0.009721],[0.713276,0.135028,0.009746,0.009746,0.122459,0.009746],[0.822860,0.060134,0.009815,0.019156,0.078220,0.009815],[0.118439,0.077762,0.009726,0.009726,0.774621,0.009726],[0.908109,0.022269,0.009727,0.009727,0.040442,0.009727],[0.201409,0.084725,0.009804,0.013054,0.681205,0.009804],[0.575987,0.105135,0.009804,0.013653,0.285617,0.009804],[0.149499,0.038644,0.094495,0.009887,0.697588,0.009887],[0.113267,0.027129,0.068727,0.009859,0.771159,0.009859],[0.952381,0.009524,0.009524,0.009524,0.009524,0.009524],[0.952381,0.009524,0.009524,0.009524,0.009524,0.009524],[0.895767,0.017891,0.043596,0.009854,0.023039,0.009854],[0.912335,0.013519,0.030981,0.009834,0.023497,0.009834],[0.952381,0.009524,0.009524,0.009524,0.009524,0.009524]],
