[
  [[0.952381,0.009524,0.009524,0.009524,0.009524,0.009524],[0.952381,0.009524,0.009524,0.009524,0.009524,0.009524],[0.952381,0.009524,0.009524,0.009524,0.009524,0.009524],[0.952381,0.009524,0.009524,0.009524,0.009524,0.009524],[0.952381,0.009524,0.009524,0.009524,0.009524,0.009524],[0.952381,0.009524,0.009524,0.009524,0.009524,0.009524],[0.952381,0.009524,0.009524,0.009524,0.009524,0.009524],[0.952381,0.009524,0.009524,0.009524,0.009524,0.009524],[0.952381,0.009524,0.009524,0.009524,0.009524,0.009524],[0.952381,0.009524,0.009524,0.009524,0.009524,0.009524],[0.952381,0.009524,0.009524,0.009524,0.009524,0.009524],[0.952381,0.009524,0.009524,0.009524,0.009524,0.009524],[0.952381,0.009524,0.009524,0.009524,0.009524,0.009524],[0.952381,0.009524,0.009524,0.009524,0.009524,0.009524],[0.952381,0.009524,0.009524,0.009524,0.009524,0.009524],[0.952381,0.009524,0.009524,0.009524,0.009524,0.009524],[0.952381,0.009524,0.009524,0.009524,0.009524,0.009524],[0.952381,0.009524,0.009524,0.009524,0.009524,0.009524],[0.952381,0.009524,0.009524,0.009524,0.009524,0.009524],[0.952381,0.009524,0.009524,0.009524,0.009524,0.009524],[0.952381,0.009524,0.009524,0.009524,0.009524,0.009524],[0.952381,0.009524,0.009524,0.009524,0.009524,0.009524],[0.952381,0.009524,0.009524,0.009524,0.009524,0.009524],[0.952381,0.009524,0.009524,0.009524,0.009524,0.009524],[0.952381,0.009524,0.009524,0.009524,0.009524,0.009524],[0.952381,0.009524,0.009524,0.009524,0.009524,0.009524],[0.952381,0.009524,0.009524,0.009524,0.009524,0.009524],[0.952381,0.009524,0.009524,0.009524,0.009524,0.009524],[0.952381,0.009524,0.009524,0.009524,0.009524,0.009524],[0.952381,0.009524,0.009524,0.009524,0.009524,0.009524],[0.952381,0.009524,0.009524,0.009524,0.009524,0.009524],[0.952381,0.009524,0.009524,0.009524,0.009524,0.009524],[0.952381,0.009524,0.009524,0.009524,0.009524,0.009524],[0.952381,0.009524,0.009524,0.009524,0.009524,0.009524],[0.952381,0.009524,0.009524,0.009524,0.009524,0.009524],[0.952381,0.009524,0.009524,0.009524,0.009524,0.009524],[0.952381,0.009524,0.009524,0.009524,0.009524,0.009524],[0.952381,0.009524,0.009524,0.009524,0.009524,0.009524],[0.952381,0.009524,0.009524,0.009524,0.009524,0.009524],[0.952381,0.009524,0.009524,0.009524,0.009524,0.009524]],
  [[0.952381,0.009524,0.009524,0.009524,0.009524,0.009524],[0.932534,0.009804,0.023113,0.009804,0.014941,0.009804],[0.078720,0.014686,0.032924,0.009841,0.853988,0.009841],[0.922111,0.011469,0.025885,0.009826,0.020883,0.009826],[0.928436,0.010372,0.023049,0.009836,0.018471,0.009836],[0.952381,0.009524,0.009524,0.009524,0.009524,0.009524],[0.926337,0.009986,0.026550,0.009826,0.017475,0.009826],[0.916462,0.013841,0.023269,0.009826,0.026776,0.009826],[0.900470,0.015327,0.038925,0.009833,0.025613,0.009833],[0.905005,0.014334,0.036847,0.009843,0.024129,0.009843],[0.913804,0.013140,0.033755,0.009832,0.019636,0.009832],[0.906829,0.012499,0.032850,0.009826,0.028170,0.009826],[0.910541,0.014807,0.037625,0.009835,0.017358,0.009835],[0.910825,0.013543,0.033857,0.009839,0.022098,0.009839],[0.904472,0.016768,0.034271,0.009845,0.024799,0.009845],[0.091981,0.018766,0.046369,0.009826,0.823232,0.009826],[0.891634,0.019463,0.034491,0.009833,0.034746,0.009833],[0.882888,0.019464,0.042978,0.009850,0.034970,0.009850],[0.888111,0.013985,0.040535,0.009843,0.037683,0.009843],[0.891654,0.018087,0.039782,0.009841,0.030795,0.009841],[0.080639,0.017063,0.044627,0.009846,0.837978,0.009846],[0.888214,0.017691,0.047095,0.009833,0.027333,0.009833],[0.868325,0.019623,0.050920,0.009844,0.041446,0.009844],[0.855130,0.021181,0.062666,0.009848,0.041327,0.009848],[0.846475,0.020443,0.063544,0.009857,0.049825,0.009857],[0.845897,0.021051,0.069751,0.009865,0.043570,0.009865],[0.101132,0.023508,0.051202,0.009844,0.804468,0.009844],[0.861875,0.023688,0.056700,0.009846,0.038044,0.009846],[0.842873,0.026519,0.058223,0.009853,0.052678,0.009853],[0.831146,0.025317,0.078877,0.009838,0.044983,0.009838],[0.155125,0.025610,0.072338,0.009861,0.727206,0.009861],[0.854460,0.021859,0.065283,0.009872,0.038653,0.009872],[0.840026,0.020042,0.068477,0.009850,0.051755,0.009850],[0.107674,0.019062,0.049421,0.009864,0.804115,0.009864],[0.867958,0.015838,0.051156,0.009843,0.045362,0.009843],[0.952381,0.009524,0.009524,0.009524,0.009524,0.009524],[0.872062,0.019637,0.049402,0.009823,0.039253,0.009823],[0.081571,0.018590,0.053617,0.009839,0.826543,0.009839],[0.082600,0.015455,0.037663,0.009826,0.844631,0.009826],[0.952381,0.009524,0.009524,0.009524,0.009524,0.009524]],
  [[0.952381,0.009524,0.009524,0.009524,0.009524,0.009524],[0.917453,0.011211,0.031804,0.009816,0.019900,0.009816],[0.917432,0.023235,0.009737,0.009737,0.030121,0.009737],[0.924608,0.025193,0.009735,0.009735,0.020993,0.009735],[0.889227,0.016933,0.045400,0.009839,0.028761,0.009839],[0.952381,0.009524,0.009524,0.009524,0.009524,0.009524],[0.952381,0.009524,0.009524,0.009524,0.009524,0.009524],[0.880115,0.020070,0.049142,0.009833,0.031007,0.009833],[0.908791,0.031100,0.009740,0.009740,0.030889,0.009740],[0.101275,0.033556,0.009763,0.009763,0.835881,0.009763],[0.905347,0.031873,0.009749,0.009749,0.033533,0.009749],[0.088552,0.038462,0.009766,0.009766,0.843688,0.009766],[0.115605,0.037408,0.009777,0.009777,0.817655,0.009777],[0.903131,0.030664,0.009753,0.009753,0.036946,0.009753],[0.096683,0.042472,0.009767,0.009767,0.831544,0.009767],[0.880373,0.044252,0.009777,0.009777,0.046045,0.009777],[0.115596,0.044669,0.009757,0.009757,0.810463,0.009757],[0.095600,0.045032,0.009769,0.009769,0.830060,0.009769],[0.886616,0.044025,0.009759,0.009759,0.040082,0.009759],[0.888042,0.046080,0.009755,0.009755,0.036614,0.009755],[0.091218,0.042444,0.009762,0.009762,0.837052,0.009762],[0.904500,0.036598,0.009771,0.009771,0.029590,0.009771],[0.112587,0.042632,0.009757,0.009757,0.815509,0.009757],[0.862296,0.046135,0.009750,0.009750,0.062317,0.009750],[0.633667,0.073230,0.009804,0.009804,0.263692,0.009804],[0.845864,0.053147,0.009783,0.009783,0.071638,0.009783],[0.859279,0.049517,0.009787,0.009787,0.061843,0.009787],[0.864317,0.052366,0.009767,0.009767,0.054016,0.009767],[0.136455,0.053903,0.009790,0.009790,0.780272,0.009790],[0.164300,0.066677,0.009768,0.009768,0.739720,0.009768],[0.590321,0.089089,0.009787,0.009787,0.291228,0.009787],[0.810011,0.030070,0.089775,0.009881,0.050382,0.009881],[0.818140,0.025914,0.084243,0.009858,0.051986,0.009858],[0.820887,0.023110,0.082992,0.009875,0.053261,0.009875],[0.952381,0.009524,0.009524,0.009524,0.009524,0.009524],[0.824477,0.024601,0.084128,0.009849,0.047095,0.009849],[0.090203,0.022463,0.070841,0.009870,0.796754,0.009870],[0.091917,0.041386,0.009750,0.009750,0.837446,0.009750],[0.907069,0.012750,0.035684,0.009824,0.024849,0.009824],[0.952381,0.009524,0.009524,0.009524,0.009524,0.009524]],
  [[0.952381,0.009524,0.009524,0.009524,0.009524,0.009524],[0.903915,0.014517,0.035486,0.009824,0.026434,0.009824],[0.908696,0.035322,0.009743,0.009743,0.026753,0.009743],[0.899300,0.037687,0.009762,0.009762,0.033726,0.009762],[0.103722,0.024643,0.052233,0.009842,0.799717,0.009842],[0.952381,0.009524,0.009524,0.009524,0.009524,0.009524],[0.094575,0.023334,0.064818,0.009851,0.797570,0.009851],[0.107248,0.022377,0.063869,0.009865,0.786776,0.009865],[0.871082,0.047093,0.009757,0.009757,0.052554,0.009757],[0.113773,0.042628,0.009757,0.009757,0.814327,0.009757],[0.883750,0.045303,0.009790,0.009790,0.041575,0.009790],[0.885491,0.040440,0.009756,0.009756,0.044800,0.009756],[0.889276,0.038264,0.009773,0.009773,0.043140,0.009773],[0.889956,0.041113,0.009752,0.009752,0.039675,0.009752],[0.871400,0.043384,0.009777,0.009777,0.055886,0.009777],[0.855067,0.052819,0.009774,0.009774,0.062791,0.009774],[0.853810,0.060603,0.009797,0.009797,0.056197,0.009797],[0.152554,0.063963,0.009748,0.009748,0.754240,0.009748],[0.109638,0.055120,0.009759,0.009759,0.805965,0.009759],[0.110358,0.051300,0.009785,0.009785,0.808988,0.009785],[0.101394,0.047577,0.009784,0.009784,0.821677,0.009784],[0.875236,0.050908,0.009756,0.009756,0.044590,0.009756],[0.855285,0.053582,0.009772,0.009772,0.061818,0.009772],[0.857622,0.055623,0.009781,0.009781,0.057411,0.009781],[0.824095,0.054792,0.009791,0.009791,0.091740,0.009791],[0.828239,0.058593,0.009804,0.010464,0.083096,0.009804],[0.840624,0.057340,0.009794,0.009794,0.072656,0.009794],[0.841744,0.057799,0.009804,0.011632,0.069217,0.009804],[0.816781,0.071815,0.009800,0.009800,0.082005,0.009800],[0.844502,0.073717,0.009788,0.009788,0.052419,0.009788],[0.186206,0.065512,0.009780,0.009780,0.718943,0.009780],[0.794273,0.031751,0.091464,0.009850,0.062811,0.009850],[0.952381,0.009524,0.009524,0.009524,0.009524,0.009524],[0.952381,0.009524,0.009524,0.009524,0.009524,0.009524],[0.492063,0.038099,0.226240,0.011144,0.222553,0.009901],[0.796345,0.036117,0.091406,0.009901,0.056331,0.009901],[0.852763,0.055226,0.009774,0.009774,0.062687,0.009774],[0.899713,0.040140,0.009761,0.009761,0.030865,0.009761],[0.894494,0.015500,0.037834,0.009843,0.032486,0.009843],[0.952381,0.009524,0.009524,0.009524,0.009524,0.009524]],
  [[0.952381,0.009524,0.009524,0.009524,0.009524,0.009524],[0.886713,0.016244,0.046820,0.009827,0.030570,0.009827],[0.105110,0.036374,0.009743,0.009743,0.829288,0.009743],[0.120459,0.044211,0.009790,0.009790,0.805958,0.009790],[0.813840,0.029517,0.082422,0.009852,0.054518,0.009852],[0.133315,0.034283,0.089757,0.009865,0.722915,0.009865],[0.795264,0.031933,0.095886,0.009888,0.057141,0.009888],[0.866765,0.054036,0.009763,0.009763,0.049912,0.009763],[0.814734,0.069677,0.009777,0.009777,0.086257,0.009777],[0.850477,0.062382,0.009771,0.009771,0.057827,0.009771],[0.836426,0.056804,0.009789,0.009789,0.077404,0.009789],[0.855987,0.052335,0.009785,0.009785,0.062322,0.009785],[0.866707,0.050618,0.009778,0.009778,0.053341,0.009778],[0.870216,0.043439,0.009781,0.009781,0.057002,0.009781],[0.864777,0.051150,0.009794,0.009794,0.054690,0.009794],[0.847246,0.056378,0.009763,0.009763,0.067086,0.009763],[0.583446,0.088787,0.009797,0.009797,0.298375,0.009797],[0.181497,0.074126,0.009786,0.009786,0.715018,0.009786],[0.849297,0.070372,0.009799,0.009799,0.050934,0.009799],[0.101617,0.052881,0.009804,0.011874,0.814020,0.009804],[0.851279,0.058562,0.009759,0.009759,0.060882,0.009759],[0.115776,0.054670,0.009790,0.009790,0.800184,0.009790],[0.840704,0.056317,0.009768,0.009768,0.073676,0.009768],[0.133009,0.051096,0.009789,0.009789,0.786527,0.009789],[0.837915,0.057026,0.009804,0.009932,0.075518,0.009804],[0.832157,0.062116,0.009790,0.009790,0.076357,0.009790],[0.609593,0.082363,0.009783,0.009783,0.278694,0.009783],[0.845454,0.062711,0.009804,0.011055,0.061172,0.009804],[0.138419,0.062087,0.009779,0.009779,0.770157,0.009779],[0.121688,0.058137,0.009786,0.009786,0.790817,0.009786],[0.806707,0.032765,0.086407,0.009877,0.054367,0.009877],[0.809769,0.032044,0.088067,0.009859,0.050402,0.009859],[0.952381,0.009524,0.009524,0.009524,0.009524,0.009524],[0.778418,0.037427,0.100697,0.009867,0.063725,0.009867],[0.132647,0.039277,0.105022,0.009873,0.703308,0.009873],[0.174923,0.071462,0.009778,0.009778,0.724280,0.009778],[0.866366,0.054772,0.009770,0.009770,0.049553,0.009770],[0.890174,0.041774,0.009759,0.009759,0.038776,0.009759],[0.089370,0.019078,0.040786,0.009837,0.831091,0.009837],[0.952381,0.009524,0.009524,0.009524,0.009524,0.009524]],
  [[0.952381,0.009524,0.009524,0.009524,0.009524,0.009524],[0.856590,0.019674,0.061014,0.009842,0.043038,0.009842],[0.872433,0.045895,0.009759,0.009759,0.052394,0.009759],[0.858987,0.053369,0.009792,0.009792,0.058267,0.009792],[0.837452,0.059889,0.009804,0.010735,0.072317,0.009804],[0.186036,0.061573,0.009804,0.010546,0.722237,0.009804],[0.595689,0.090818,0.009804,0.011569,0.282316,0.009804],[0.838906,0.063194,0.009776,0.009776,0.068571,0.009776],[0.139738,0.053256,0.009804,0.010104,0.777294,0.009804],[0.169687,0.072452,0.009781,0.009781,0.728518,0.009781],[0.172002,0.065081,0.009792,0.009792,0.733541,0.009792],[0.848862,0.060038,0.009801,0.009801,0.061696,0.009801],[0.847183,0.055771,0.009777,0.009777,0.067716,0.009777],[0.878548,0.046891,0.009768,0.009768,0.045256,0.009768],[0.858728,0.052551,0.009767,0.009767,0.059420,0.009767],[0.852448,0.056782,0.009782,0.009782,0.061425,0.009782],[0.842317,0.061298,0.009773,0.009773,0.067065,0.009773],[0.177063,0.063743,0.009804,0.010868,0.728718,0.009804],[0.838269,0.068082,0.009803,0.009803,0.064239,0.009803],[0.856085,0.054248,0.009774,0.009774,0.060344,0.009774],[0.852294,0.058684,0.009789,0.009789,0.059654,0.009789],[0.853690,0.063533,0.009802,0.009802,0.053372,0.009802],[0.848858,0.061243,0.009783,0.009783,0.060551,0.009783],[0.843983,0.060290,0.009804,0.011952,0.064167,0.009804],[0.846798,0.057824,0.009784,0.009784,0.066025,0.009784],[0.848792,0.062245,0.009783,0.009783,0.059614,0.009783],[0.838235,0.059571,0.009778,0.009778,0.072862,0.009778],[0.191556,0.065232,0.009804,0.010642,0.712963,0.009804],[0.818113,0.068696,0.009782,0.009782,0.083845,0.009782],[0.793344,0.034978,0.088769,0.009873,0.063163,0.009873],[0.814100,0.032741,0.078018,0.009884,0.055373,0.009884],[0.952381,0.009524,0.009524,0.009524,0.009524,0.009524],[0.813529,0.033182,0.083833,0.009879,0.049697,0.009879],[0.094668,0.034563,0.083621,0.009872,0.767404,0.009872],[0.125816,0.067359,0.009785,0.009785,0.777469,0.009785],[0.824409,0.073055,0.009802,0.009802,0.073130,0.009802],[0.120212,0.056438,0.009798,0.009798,0.793957,0.009798],[0.877804,0.043935,0.009761,0.009761,0.048977,0.009761],[0.887622,0.017578,0.048759,0.009835,0.026371,0.009835],[0.952381,0.009524,0.009524,0.009524,0.009524,0.009524]],
  [[0.952381,0.009524,0.009524,0.009524,0.009524,0.009524],[0.844122,0.022560,0.068059,0.009846,0.045565,0.009846],[0.636387,0.062410,0.009804,0.009984,0.271611,0.009804],[0.858388,0.053787,0.009800,0.009800,0.058426,0.009800],[0.832550,0.056929,0.009804,0.010413,0.080501,0.009804],[0.839810,0.060624,0.009804,0.009804,0.070155,0.009804],[0.839085,0.065723,0.009786,0.009786,0.065834,0.009786],[0.829529,0.062463,0.009804,0.011060,0.077339,0.009804],[0.832412,0.072113,0.009802,0.009802,0.066070,0.009802],[0.174970,0.071712,0.009804,0.011615,0.722096,0.009804],[0.583141,0.098351,0.009804,0.013154,0.285747,0.009804],[0.177652,0.062687,0.009787,0.009787,0.730301,0.009787],[0.845570,0.055683,0.009782,0.009782,0.069402,0.009782],[0.118881,0.047909,0.009777,0.009777,0.803879,0.009777],[0.854147,0.058510,0.009789,0.009789,0.057976,0.009789],[0.864096,0.055780,0.009772,0.009772,0.050807,0.009772],[0.852326,0.056520,0.009775,0.009775,0.061830,0.009775],[0.826038,0.063314,0.009800,0.009800,0.081248,0.009800],[0.115296,0.058685,0.009799,0.009799,0.796624,0.009799],[0.833627,0.061401,0.009787,0.009787,0.075609,0.009787],[0.832477,0.066014,0.009791,0.009791,0.072136,0.009791],[0.614555,0.077627,0.009804,0.014015,0.274195,0.009804],[0.858507,0.059074,0.009784,0.009784,0.053065,0.009784],[0.839364,0.062672,0.009785,0.009785,0.068609,0.009785],[0.109483,0.048490,0.009782,0.009782,0.812682,0.009782],[0.857446,0.057210,0.009779,0.009779,0.056006,0.009779],[0.137409,0.055222,0.009764,0.009764,0.778079,0.009764],[0.835103,0.067726,0.009782,0.009782,0.067826,0.009782],[0.809182,0.070010,0.009804,0.009812,0.091388,0.009804],[0.792352,0.038937,0.099356,0.009874,0.049607,0.009874],[0.952381,0.009524,0.009524,0.009524,0.009524,0.009524],[0.814679,0.033245,0.074899,0.009877,0.057424,0.009877],[0.815002,0.036404,0.079426,0.009866,0.049436,0.009866],[0.118981,0.060705,0.009797,0.009797,0.790924,0.009797],[0.153946,0.071164,0.009804,0.010310,0.744972,0.009804],[0.823680,0.076325,0.009786,0.009786,0.070638,0.009786],[0.179021,0.060251,0.009786,0.009786,0.731369,0.009786],[0.867238,0.049609,0.009785,0.009785,0.053799,0.009785],[0.881655,0.017817,0.055265,0.009852,0.025560,0.009852],[0.952381,0.009524,0.009524,0.009524,0.009524,0.009524]],
  [[0.952381,0.009524,0.009524,0.009524,0.009524,0.009524],[0.842384,0.024338,0.064225,0.009851,0.049352,0.009851],[0.867558,0.049156,0.009798,0.009798,0.053891,0.009798],[0.845295,0.058557,0.009789,0.009789,0.066781,0.009789],[0.849939,0.053157,0.009797,0.009797,0.067513,0.009797],[0.840809,0.058769,0.009780,0.009780,0.071083,0.009780],[0.857749,0.056781,0.009804,0.010149,0.055713,0.009804],[0.851158,0.057586,0.009803,0.009803,0.061847,0.009803],[0.154709,0.053923,0.009785,0.009785,0.762013,0.009785],[0.834723,0.067810,0.009804,0.010229,0.067630,0.009804],[0.834486,0.065516,0.009804,0.011393,0.068997,0.009804],[0.837877,0.065116,0.009800,0.009800,0.067607,0.009800],[0.829457,0.065408,0.009804,0.009922,0.075604,0.009804],[0.107633,0.048200,0.009784,0.009784,0.814814,0.009784],[0.107885,0.051581,0.009780,0.009780,0.811195,0.009780],[0.881508,0.047447,0.009777,0.009777,0.041713,0.009777],[0.864227,0.055936,0.009804,0.010121,0.050109,0.009804],[0.848824,0.057735,0.009768,0.009768,0.064137,0.009768],[0.848709,0.065154,0.009786,0.009786,0.056779,0.009786],[0.839771,0.062134,0.009804,0.011772,0.066715,0.009804],[0.821893,0.064357,0.009804,0.012842,0.081301,0.009804],[0.829166,0.064212,0.009804,0.013568,0.073446,0.009804],[0.842810,0.051327,0.009776,0.009776,0.076534,0.009776],[0.112687,0.049275,0.009753,0.009753,0.808777,0.009753],[0.097664,0.050683,0.009770,0.009770,0.822342,0.009770],[0.868840,0.050540,0.009785,0.009785,0.051265,0.009785],[0.859731,0.057712,0.009770,0.009770,0.053245,0.009770],[0.836301,0.066317,0.009804,0.010924,0.066850,0.009804],[0.168941,0.065967,0.009802,0.009802,0.735685,0.009802],[0.489869,0.043953,0.203405,0.009890,0.242993,0.009890],[0.791041,0.035319,0.096928,0.009871,0.056970,0.009871],[0.796891,0.032027,0.088019,0.009852,0.063359,0.009852],[0.862713,0.053928,0.009754,0.009754,0.054098,0.009754],[0.842140,0.064039,0.009804,0.010609,0.063604,0.009804],[0.826706,0.074644,0.009793,0.009793,0.069271,0.009793],[0.584623,0.101975,0.009804,0.014092,0.279702,0.009804],[0.835928,0.065150,0.009781,0.009781,0.069578,0.009781],[0.855470,0.050132,0.009749,0.009749,0.065152,0.009749],[0.865798,0.023042,0.054683,0.009831,0.036815,0.009831],[0.952381,0.009524,0.009524,0.009524,0.009524,0.009524]],
  [[0.952381,0.009524,0.009524,0.009524,0.009524,0.009524],[0.861152,0.022158,0.063730,0.009881,0.033199,0.009881],[0.870693,0.050111,0.009764,0.009764,0.049903,0.009764],[0.837241,0.060065,0.009799,0.009799,0.073297,0.009799],[0.834191,0.058687,0.009804,0.009980,0.077534,0.009804],[0.844871,0.056441,0.009800,0.009800,0.069287,0.009800],[0.842238,0.063768,0.009802,0.009802,0.064587,0.009802],[0.838471,0.062642,0.009804,0.009842,0.069437,0.009804],[0.853204,0.063402,0.009804,0.009852,0.053935,0.009804],[0.119217,0.052825,0.009778,0.009778,0.798624,0.009778],[0.836869,0.063495,0.009804,0.009866,0.070163,0.009804],[0.834091,0.066945,0.009796,0.009796,0.069576,0.009796],[0.828367,0.064424,0.009755,0.009755,0.077944,0.009755],[0.850742,0.064332,0.009788,0.009788,0.055561,0.009788],[0.850236,0.062496,0.009778,0.009778,0.057934,0.009778],[0.107177,0.047421,0.009801,0.009801,0.816000,0.009801],[0.116352,0.048294,0.009767,0.009767,0.806051,0.009767],[0.126004,0.044173,0.009774,0.009774,0.800502,0.009774],[0.849511,0.059746,0.009782,0.009782,0.061396,0.009782],[0.604738,0.080828,0.009798,0.009798,0.285040,0.009798],[0.829314,0.064877,0.009793,0.009793,0.076430,0.009793],[0.840691,0.054837,0.009777,0.009777,0.075142,0.009777],[0.848825,0.058130,0.009773,0.009773,0.063727,0.009773],[0.846847,0.061236,0.009771,0.009771,0.062604,0.009771],[0.847498,0.057201,0.009786,0.009786,0.065941,0.009786],[0.844136,0.060823,0.009797,0.009797,0.065651,0.009797],[0.864400,0.056632,0.009798,0.009798,0.049574,0.009798],[0.825281,0.062508,0.009804,0.011309,0.081293,0.009804],[0.841734,0.066776,0.009789,0.009789,0.062124,0.009789],[0.161731,0.065749,0.009797,0.009797,0.743128,0.009797],[0.847156,0.061345,0.009778,0.009778,0.062166,0.009778],[0.857026,0.053751,0.009804,0.010540,0.059076,0.009804],[0.872823,0.061128,0.009773,0.009773,0.036729,0.009773],[0.850472,0.061029,0.009801,0.009801,0.059095,0.009801],[0.166815,0.064704,0.009804,0.011159,0.737714,0.009804],[0.813676,0.078227,0.009796,0.009796,0.078709,0.009796],[0.827563,0.065831,0.009804,0.010671,0.076327,0.009804],[0.134643,0.053390,0.009775,0.009775,0.782642,0.009775],[0.096471,0.020307,0.050435,0.009855,0.813076,0.009855],[0.952381,0.009524,0.009524,0.009524,0.009524,0.009524]],
  [[0.952381,0.009524,0.009524,0.009524,0.009524,0.009524],[0.848992,0.023064,0.064696,0.009844,0.043560,0.009844],[0.856308,0.051900,0.009765,0.009765,0.062498,0.009765],[0.836505,0.060142,0.009804,0.009804,0.073942,0.009804],[0.824808,0.064911,0.009804,0.011628,0.079045,0.009804],[0.848698,0.058903,0.009792,0.009792,0.063024,0.009792],[0.848037,0.062417,0.009783,0.009783,0.060198,0.009783],[0.125578,0.052644,0.009766,0.009766,0.792482,0.009766],[0.855373,0.059822,0.009789,0.009789,0.055436,0.009789],[0.863737,0.055621,0.009772,0.009772,0.051326,0.009772],[0.837034,0.062723,0.009788,0.009788,0.070880,0.009788],[0.179329,0.064017,0.009804,0.012155,0.724891,0.009804],[0.831833,0.066623,0.009786,0.009786,0.072186,0.009786],[0.173198,0.062449,0.009769,0.009769,0.735045,0.009769],[0.847566,0.060768,0.009794,0.009794,0.062284,0.009794],[0.865595,0.056654,0.009789,0.009789,0.048386,0.009789],[0.861548,0.056288,0.009795,0.009795,0.052777,0.009795],[0.855619,0.060266,0.009775,0.009775,0.054788,0.009775],[0.842454,0.062853,0.009804,0.010574,0.064511,0.009804],[0.838523,0.062456,0.009804,0.011540,0.067873,0.009804],[0.837841,0.063339,0.009795,0.009795,0.069435,0.009795],[0.841827,0.061554,0.009804,0.011023,0.065988,0.009804],[0.853772,0.057797,0.009796,0.009796,0.059044,0.009796],[0.851469,0.057052,0.009789,0.009789,0.062113,0.009789],[0.841879,0.066554,0.009796,0.009796,0.062180,0.009796],[0.845710,0.063517,0.009804,0.012545,0.058619,0.009804],[0.848480,0.062956,0.009785,0.009785,0.059208,0.009785],[0.834727,0.056656,0.009800,0.009800,0.079216,0.009800],[0.836910,0.059190,0.009785,0.009785,0.074547,0.009785],[0.827764,0.060673,0.009792,0.009792,0.082187,0.009792],[0.837674,0.060842,0.009785,0.009785,0.072129,0.009785],[0.138736,0.053444,0.009768,0.009768,0.778516,0.009768],[0.847666,0.060475,0.009775,0.009775,0.062532,0.009775],[0.121089,0.059619,0.009794,0.009794,0.789910,0.009794],[0.131051,0.052865,0.009785,0.009785,0.786729,0.009785],[0.835154,0.065656,0.009791,0.009791,0.069817,0.009791],[0.150294,0.069624,0.009768,0.009768,0.750778,0.009768],[0.845514,0.065655,0.009774,0.009774,0.059508,0.009774],[0.135996,0.029800,0.068490,0.009847,0.746019,0.009847],[0.952381,0.009524,0.009524,0.009524,0.009524,0.009524]],
  [[0.952381,0.009524,0.009524,0.009524,0.009524,0.009524],[0.844540,0.022193,0.060947,0.009859,0.052601,0.009859],[0.178996,0.055499,0.009804,0.011137,0.734761,0.009804],[0.817930,0.066649,0.009803,0.009803,0.086012,0.009803],[0.833219,0.063773,0.009804,0.010852,0.072548,0.009804],[0.626707,0.078431,0.009804,0.011963,0.263291,0.009804],[0.852808,0.060225,0.009782,0.009782,0.057620,0.009782],[0.122153,0.055891,0.009783,0.009783,0.792606,0.009783],[0.107603,0.048469,0.009779,0.009779,0.814589,0.009779],[0.875950,0.049443,0.009787,0.009787,0.045247,0.009787],[0.852662,0.055975,0.009793,0.009793,0.061984,0.009793],[0.173005,0.063862,0.009782,0.009782,0.733787,0.009782],[0.600909,0.099318,0.009804,0.012352,0.267813,0.009804],[0.842256,0.058126,0.009803,0.009803,0.070209,0.009803],[0.852242,0.057984,0.009775,0.009775,0.060449,0.009775],[0.118988,0.049362,0.009763,0.009763,0.802361,0.009763],[0.867318,0.053104,0.009799,0.009799,0.050180,0.009799],[0.843501,0.057196,0.009796,0.009796,0.069916,0.009796],[0.838593,0.062326,0.009804,0.010076,0.069397,0.009804],[0.136946,0.066263,0.009788,0.009788,0.767427,0.009788],[0.833507,0.068260,0.009772,0.009772,0.068916,0.009772],[0.837638,0.066367,0.009793,0.009793,0.066615,0.009793],[0.861118,0.056866,0.009779,0.009779,0.052678,0.009779],[0.848219,0.062101,0.009795,0.009795,0.060296,0.009795],[0.169425,0.058378,0.009783,0.009783,0.742847,0.009783],[0.604241,0.083645,0.009804,0.010313,0.282193,0.009804],[0.843364,0.063762,0.009802,0.009802,0.063467,0.009802],[0.858755,0.050058,0.009780,0.009780,0.061847,0.009780],[0.857558,0.052047,0.009776,0.009776,0.061067,0.009776],[0.848538,0.056585,0.009800,0.009800,0.065476,0.009800],[0.837450,0.059205,0.009804,0.010474,0.073263,0.009804],[0.849274,0.065572,0.009791,0.009791,0.055783,0.009791],[0.138031,0.063954,0.009787,0.009787,0.768654,0.009787],[0.845184,0.062791,0.009795,0.009795,0.062641,0.009795],[0.854749,0.057524,0.009789,0.009789,0.058361,0.009789],[0.861552,0.053900,0.009797,0.009797,0.055156,0.009797],[0.848366,0.052588,0.009802,0.009802,0.069641,0.009802],[0.578137,0.092321,0.009804,0.012965,0.296969,0.009804],[0.840013,0.023966,0.067140,0.009877,0.049126,0.009877],[0.952381,0.009524,0.009524,0.009524,0.009524,0.009524]],
  [[0.952381,0.009524,0.009524,0.009524,0.009524,0.009524],[0.840835,0.024071,0.070102,0.009847,0.045299,0.009847],[0.614071,0.085703,0.009804,0.012196,0.268422,0.009804],[0.170458,0.064926,0.009804,0.009880,0.735128,0.009804],[0.834566,0.064205,0.009795,0.009795,0.071844,0.009795],[0.842336,0.062340,0.009797,0.009797,0.065933,0.009797],[0.859839,0.053782,0.009776,0.009776,0.057049,0.009776],[0.861088,0.051205,0.009785,0.009785,0.058351,0.009785],[0.875803,0.048481,0.009760,0.009760,0.046437,0.009760],[0.107791,0.045489,0.009772,0.009772,0.817405,0.009772],[0.867856,0.055050,0.009756,0.009756,0.047825,0.009756],[0.858090,0.056686,0.009777,0.009777,0.055893,0.009777],[0.850687,0.065075,0.009772,0.009772,0.054924,0.009772],[0.842567,0.058079,0.009789,0.009789,0.069987,0.009789],[0.109006,0.049682,0.009772,0.009772,0.811996,0.009772],[0.868971,0.055148,0.009786,0.009786,0.046523,0.009786],[0.862608,0.059840,0.009782,0.009782,0.048204,0.009782],[0.846251,0.057431,0.009780,0.009780,0.066979,0.009780],[0.840582,0.068205,0.009791,0.009791,0.061839,0.009791],[0.172735,0.074877,0.009784,0.009784,0.723035,0.009784],[0.154953,0.069242,0.009801,0.009801,0.746403,0.009801],[0.840786,0.062819,0.009804,0.010088,0.066699,0.009804],[0.124661,0.057337,0.009791,0.009791,0.788630,0.009791],[0.105497,0.059072,0.009774,0.009774,0.806109,0.009774],[0.159308,0.070349,0.009804,0.009804,0.740932,0.009804],[0.840592,0.063269,0.009802,0.009802,0.066732,0.009802],[0.853142,0.060886,0.009783,0.009783,0.056624,0.009783],[0.859024,0.052413,0.009792,0.009792,0.059186,0.009792],[0.876049,0.046604,0.009782,0.009782,0.048002,0.009782],[0.848683,0.058351,0.009798,0.009798,0.063571,0.009798],[0.838856,0.059934,0.009780,0.009780,0.071870,0.009780],[0.622152,0.085164,0.009804,0.011386,0.261690,0.009804],[0.791909,0.035491,0.100579,0.009871,0.052280,0.009871],[0.100953,0.027836,0.065952,0.009875,0.785508,0.009875],[0.846119,0.029600,0.070660,0.009865,0.033892,0.009865],[0.858055,0.049581,0.009792,0.009792,0.062990,0.009792],[0.864766,0.051624,0.009794,0.009794,0.054226,0.009794],[0.867559,0.049164,0.009762,0.009762,0.053991,0.009762],[0.149218,0.025463,0.080384,0.009852,0.725232,0.009852],[0.952381,0.009524,0.009524,0.009524,0.009524,0.009524]],
  [[0.952381,0.009524,0.009524,0.009524,0.009524,0.009524],[0.836233,0.022961,0.074015,0.009838,0.047114,0.009838],[0.852681,0.051857,0.009760,0.009760,0.066181,0.009760],[0.826550,0.063588,0.009786,0.009786,0.080506,0.009786],[0.834991,0.059861,0.009785,0.009785,0.075794,0.009785],[0.852155,0.056040,0.009786,0.009786,0.062447,0.009786],[0.845258,0.052044,0.009772,0.009772,0.073384,0.009772],[0.862534,0.046282,0.009789,0.009789,0.061818,0.009789],[0.884232,0.042338,0.009768,0.009768,0.044127,0.009768],[0.882810,0.045475,0.009766,0.009766,0.042417,0.009766],[0.871950,0.047171,0.009764,0.009764,0.051588,0.009764],[0.124017,0.042857,0.009783,0.009783,0.803777,0.009783],[0.862958,0.048398,0.009773,0.009773,0.059324,0.009773],[0.862604,0.056378,0.009791,0.009791,0.051646,0.009791],[0.850065,0.055144,0.009779,0.009779,0.065453,0.009779],[0.119080,0.048306,0.009756,0.009756,0.803347,0.009756],[0.857892,0.052678,0.009776,0.009776,0.060101,0.009776],[0.844137,0.058354,0.009775,0.009775,0.068185,0.009775],[0.829455,0.066781,0.009804,0.009959,0.074197,0.009804],[0.569508,0.112016,0.009804,0.016142,0.282726,0.009804],[0.181853,0.070854,0.009804,0.012628,0.715056,0.009804],[0.831835,0.070313,0.009761,0.009761,0.068570,0.009761],[0.847242,0.067390,0.009786,0.009786,0.056010,0.009786],[0.099883,0.055062,0.009764,0.009764,0.815764,0.009764],[0.847554,0.068372,0.009803,0.009803,0.054664,0.009803],[0.848535,0.058177,0.009787,0.009787,0.063928,0.009787],[0.860623,0.049159,0.009796,0.009796,0.060830,0.009796],[0.869041,0.050451,0.009778,0.009778,0.051174,0.009778],[0.872514,0.047921,0.009775,0.009775,0.050239,0.009775],[0.856214,0.052078,0.009790,0.009790,0.062338,0.009790],[0.836229,0.058465,0.009780,0.009780,0.075966,0.009780],[0.868205,0.057959,0.009768,0.009768,0.044532,0.009768],[0.137128,0.027631,0.071336,0.009852,0.744202,0.009852],[0.952381,0.009524,0.009524,0.009524,0.009524,0.009524],[0.090540,0.024012,0.051422,0.009854,0.814319,0.009854],[0.092069,0.026837,0.065512,0.009854,0.795874,0.009854],[0.878293,0.042063,0.009768,0.009768,0.050341,0.009768],[0.887745,0.036654,0.009756,0.009756,0.046334,0.009756],[0.869689,0.016106,0.047128,0.009849,0.047378,0.009849],[0.952381,0.009524,0.009524,0.009524,0.009524,0.009524]],
  [[0.952381,0.009524,0.009524,0.009524,0.009524,0.009524],[0.864914,0.019455,0.055288,0.009858,0.040627,0.009858],[0.871909,0.044084,0.009759,0.009759,0.054730,0.009759],[0.864189,0.051954,0.009772,0.009772,0.054542,0.009772],[0.135456,0.050911,0.009749,0.009749,0.784387,0.009749],[0.857570,0.056160,0.009804,0.012525,0.054138,0.009804],[0.866162,0.055679,0.009788,0.009788,0.048794,0.009788],[0.872697,0.048383,0.009800,0.009800,0.049519,0.009800],[0.874915,0.048039,0.009804,0.011058,0.046380,0.009804],[0.874607,0.042371,0.009781,0.009781,0.053679,0.009781],[0.876618,0.045128,0.009786,0.009786,0.048896,0.009786],[0.878855,0.048314,0.009784,0.009784,0.043478,0.009784],[0.878366,0.048147,0.009796,0.009796,0.044100,0.009796],[0.127815,0.045149,0.009762,0.009762,0.797750,0.009762],[0.852776,0.054200,0.009781,0.009781,0.063681,0.009781],[0.847943,0.054577,0.009784,0.009784,0.068129,0.009784],[0.835898,0.058903,0.009804,0.010707,0.074884,0.009804],[0.822913,0.060720,0.009783,0.009783,0.087019,0.009783],[0.199087,0.066434,0.009804,0.010669,0.704202,0.009804],[0.813308,0.073834,0.009804,0.011163,0.082087,0.009804],[0.828652,0.069013,0.009804,0.009804,0.072925,0.009804],[0.843686,0.062949,0.009804,0.009847,0.063911,0.009804],[0.119600,0.053854,0.009780,0.009780,0.797205,0.009780],[0.124651,0.053913,0.009761,0.009761,0.792153,0.009761],[0.865971,0.052508,0.009790,0.009790,0.052151,0.009790],[0.115787,0.049721,0.009751,0.009751,0.805239,0.009751],[0.876484,0.052497,0.009769,0.009769,0.041712,0.009769],[0.104526,0.043181,0.009762,0.009762,0.823006,0.009762],[0.888745,0.042866,0.009776,0.009776,0.039060,0.009776],[0.860142,0.048594,0.009800,0.009800,0.061863,0.009800],[0.110873,0.048155,0.009767,0.009767,0.811670,0.009767],[0.864234,0.054688,0.009774,0.009774,0.051755,0.009774],[0.847184,0.026091,0.067359,0.009866,0.039633,0.009866],[0.952381,0.009524,0.009524,0.009524,0.009524,0.009524],[0.952381,0.009524,0.009524,0.009524,0.009524,0.009524],[0.888024,0.021045,0.043741,0.009825,0.027541,0.009825],[0.890413,0.018609,0.046829,0.009835,0.024480,0.009835],[0.912185,0.029762,0.009746,0.009746,0.028814,0.009746],[0.072879,0.019608,0.042989,0.009824,0.844876,0.009824],[0.952381,0.009524,0.009524,0.009524,0.009524,0.009524]],
  [[0.952381,0.009524,0.009524,0.009524,0.009524,0.009524],[0.094540,0.018560,0.048266,0.009842,0.818951,0.009842],[0.885592,0.038540,0.009756,0.009756,0.046600,0.009756],[0.854805,0.051564,0.009804,0.010949,0.063074,0.009804],[0.857798,0.053186,0.009779,0.009779,0.059680,0.009779],[0.845358,0.059725,0.009801,0.009801,0.065513,0.009801],[0.132201,0.054226,0.009788,0.009788,0.784210,0.009788],[0.856544,0.058260,0.009804,0.010192,0.055396,0.009804],[0.866794,0.056189,0.009779,0.009779,0.047680,0.009779],[0.877015,0.046028,0.009759,0.009759,0.047680,0.009759],[0.880299,0.044053,0.009799,0.009799,0.046250,0.009799],[0.890181,0.044917,0.009772,0.009772,0.035585,0.009772],[0.866405,0.050130,0.009764,0.009764,0.054171,0.009764],[0.874313,0.046980,0.009762,0.009762,0.049421,0.009762],[0.867626,0.049135,0.009760,0.009760,0.053959,0.009760],[0.167511,0.046292,0.009793,0.009793,0.756818,0.009793],[0.838576,0.051856,0.009767,0.009767,0.080266,0.009767],[0.831108,0.057670,0.009804,0.011397,0.080217,0.009804],[0.809432,0.066948,0.009804,0.010471,0.093541,0.009804],[0.817434,0.064946,0.009793,0.009793,0.088241,0.009793],[0.842612,0.066898,0.009804,0.010198,0.060684,0.009804],[0.827077,0.068547,0.009796,0.009796,0.074987,0.009796],[0.842136,0.058975,0.009804,0.009982,0.069299,0.009804],[0.850607,0.061865,0.009802,0.009802,0.058123,0.009802],[0.848424,0.055930,0.009789,0.009789,0.066280,0.009789],[0.864442,0.053569,0.009774,0.009774,0.052667,0.009774],[0.111346,0.039773,0.009766,0.009766,0.819582,0.009766],[0.882037,0.045128,0.009775,0.009775,0.043511,0.009775],[0.886379,0.046308,0.009786,0.009786,0.037954,0.009786],[0.883354,0.046073,0.009753,0.009753,0.041315,0.009753],[0.891476,0.046126,0.009773,0.009773,0.033080,0.009773],[0.103201,0.040950,0.009757,0.009757,0.826578,0.009757],[0.871539,0.021561,0.054319,0.009857,0.032868,0.009857],[0.892205,0.018814,0.040989,0.009829,0.028335,0.009829],[0.952381,0.009524,0.009524,0.009524,0.009524,0.009524],[0.952381,0.009524,0.009524,0.009524,0.009524,0.009524],[0.083859,0.016391,0.037724,0.009821,0.842383,0.009821],[0.903705,0.013691,0.040790,0.009837,0.022141,0.009837],[0.924324,0.013842,0.026881,0.009826,0.015301,0.009826],[0.952381,0.009524,0.009524,0.009524,0.009524,0.009524]],
  [[0.952381,0.009524,0.009524,0.009524,0.009524,0.009524],[0.898358,0.016508,0.041169,0.009837,0.024291,0.009837],[0.899541,0.037954,0.009760,0.009760,0.033224,0.009760],[0.109236,0.041340,0.009783,0.009783,0.820076,0.009783],[0.847555,0.063621,0.009795,0.009795,0.059439,0.009795],[0.832793,0.070345,0.009801,0.009801,0.067457,0.009801],[0.157256,0.071796,0.009781,0.009781,0.741605,0.009781],[0.820037,0.073332,0.009804,0.011896,0.075127,0.009804],[0.838170,0.063275,0.009781,0.009781,0.069213,0.009781],[0.842320,0.062022,0.009788,0.009788,0.066296,0.009788],[0.854322,0.056359,0.009798,0.009798,0.059925,0.009798],[0.859904,0.050023,0.009778,0.009778,0.060739,0.009778],[0.870563,0.042492,0.009763,0.009763,0.057656,0.009763],[0.875126,0.044046,0.009757,0.009757,0.051558,0.009757],[0.607008,0.058985,0.009791,0.009791,0.304635,0.009791],[0.857186,0.043516,0.009770,0.009770,0.069988,0.009770],[0.009524,0.009524,0.009524,0.009524,0.009524,0.952381],[0.630675,0.060114,0.009804,0.010417,0.279185,0.009804],[0.825382,0.057149,0.009804,0.010665,0.087197,0.009804],[0.825786,0.059464,0.009799,0.009799,0.085354,0.009799],[0.848903,0.060086,0.009761,0.009761,0.061726,0.009761],[0.146501,0.045288,0.009767,0.009767,0.778911,0.009767],[0.861859,0.048332,0.009780,0.009780,0.060469,0.009780],[0.865083,0.047854,0.009780,0.009780,0.057723,0.009780],[0.862651,0.049445,0.009782,0.009782,0.058558,0.009782],[0.851485,0.055782,0.009779,0.009779,0.063395,0.009779],[0.870313,0.049584,0.009796,0.009796,0.050715,0.009796],[0.889346,0.043964,0.009755,0.009755,0.037427,0.009755],[0.105280,0.037184,0.009766,0.009766,0.828238,0.009766],[0.103162,0.043113,0.009755,0.009755,0.824460,0.009755],[0.094069,0.045575,0.009746,0.009746,0.831117,0.009746],[0.110570,0.042918,0.009769,0.009769,0.817206,0.009769],[0.906550,0.031713,0.009746,0.009746,0.032497,0.009746],[0.888627,0.017300,0.046624,0.009833,0.027784,0.009833],[0.073577,0.015829,0.045349,0.009844,0.845558,0.009844],[0.952381,0.009524,0.009524,0.009524,0.009524,0.009524],[0.952381,0.009524,0.009524,0.009524,0.009524,0.009524],[0.078636,0.012375,0.033085,0.009834,0.856236,0.009834],[0.934282,0.009823,0.022124,0.009823,0.014126,0.009823],[0.952381,0.009524,0.009524,0.009524,0.009524,0.009524]],
  [[0.952381,0.009524,0.009524,0.009524,0.009524,0.009524],[0.900985,0.019569,0.029949,0.009835,0.029827,0.009835],[0.101611,0.038096,0.009747,0.009747,0.831051,0.009747],[0.855715,0.051625,0.009756,0.009756,0.063393,0.009756],[0.834595,0.063788,0.009790,0.009790,0.072246,0.009790],[0.566491,0.100561,0.009804,0.013239,0.300102,0.009804],[0.186172,0.080836,0.009804,0.011873,0.701512,0.009804],[0.796503,0.086976,0.009798,0.009798,0.087126,0.009798],[0.171933,0.074928,0.009804,0.012239,0.721292,0.009804],[0.802088,0.081789,0.009804,0.009867,0.086648,0.009804],[0.821421,0.069181,0.009804,0.011020,0.078770,0.009804],[0.846968,0.056966,0.009770,0.009770,0.066755,0.009770],[0.849644,0.055177,0.009770,0.009770,0.065870,0.009770],[0.009524,0.009524,0.009524,0.009524,0.009524,0.952381],[0.009524,0.009524,0.009524,0.009524,0.009524,0.952381],[0.009524,0.009524,0.009524,0.009524,0.009524,0.952381],[0.009524,0.009524,0.009524,0.009524,0.009524,0.952381],[0.009524,0.009524,0.009524,0.009524,0.009524,0.952381],[0.837695,0.054949,0.009784,0.009784,0.078004,0.009784],[0.608823,0.065211,0.009799,0.009799,0.296568,0.009799],[0.842227,0.050888,0.009778,0.009778,0.077551,0.009778],[0.867675,0.044229,0.009784,0.009784,0.058746,0.009784],[0.866850,0.039785,0.009772,0.009772,0.064050,0.009772],[0.863663,0.048704,0.009773,0.009773,0.058313,0.009773],[0.625164,0.069711,0.009804,0.011446,0.274071,0.009804],[0.854367,0.059297,0.009787,0.009787,0.056976,0.009787],[0.099251,0.047288,0.009772,0.009772,0.824145,0.009772],[0.098378,0.045898,0.009777,0.009777,0.826395,0.009777],[0.897578,0.041023,0.009774,0.009774,0.032078,0.009774],[0.098598,0.032094,0.009765,0.009765,0.840013,0.009765],[0.911870,0.029537,0.009753,0.009753,0.029336,0.009753],[0.099953,0.031967,0.009749,0.009749,0.838833,0.009749],[0.919746,0.028694,0.009752,0.009752,0.022303,0.009752],[0.912886,0.031486,0.009738,0.009738,0.026413,0.009738],[0.912819,0.019337,0.029560,0.009845,0.018594,0.009845],[0.905982,0.014421,0.033931,0.009835,0.025997,0.009835],[0.952381,0.009524,0.009524,0.009524,0.009524,0.009524],[0.927334,0.009810,0.026797,0.009810,0.016439,0.009810],[0.952381,0.009524,0.009524,0.009524,0.009524,0.009524],[0.952381,0.009524,0.009524,0.009524,0.009524,0.009524]],
