[
  [[1.000000,0.000000,0.000000,0.000000,0.000000,0.000000],[1.000000,0.000000,0.000000,0.000000,0.000000,0.000000],[1.000000,0.000000,0.000000,0.000000,0.000000,0.000000],[1.000000,0.000000,0.000000,0.000000,0.000000,0.000000],[1.000000,0.000000,0.000000,0.000000,0.000000,0.000000],[1.000000,0.000000,0.000000,0.000000,0.000000,0.000000],[1.000000,0.000000,0.000000,0.000000,0.000000,0.000000],[1.000000,0.000000,0.000000,0.000000,0.000000,0.000000],[1.000000,0.000000,0.000000,0.000000,0.000000,0.000000],[1.000000,0.000000,0.000000,0.000000,0.000000,0.000000],[1.000000,0.000000,0.000000,0.000000,0.000000,0.000000],[1.000000,0.000000,0.000000,0.000000,0.000000,0.000000],[1.000000,0.000000,0.000000,0.000000,0.000000,0.000000],[1.000000,0.000000,0.000000,0.000000,0.000000,0.000000],[1.000000,0.000000,0.000000,0.000000,0.000000,0.000000],[1.000000,0.000000,0.000000,0.000000,0.000000,0.000000],[1.000000,0.000000,0.000000,0.000000,0.000000,0.000000],[1.000000,0.000000,0.000000,0.000000,0.000000,0.000000],[1.000000,0.000000,0.000000,0.000000,0.000000,0.000000],[1.000000,0.000000,0.000000,0.000000,0.000000,0.000000],[1.000000,0.000000,0.000000,0.000000,0.000000,0.000000],[1.000000,0.000000,0.000000,0.000000,0.000000,0.000000],[1.000000,0.000000,0.000000,0.000000,0.000000,0.000000],[1.000000,0.000000,0.000000,0.000000,0.000000,0.000000],[1.000000,0.000000,0.000000,0.000000,0.000000,0.000000],[1.000000,0.000000,0.000000,0.000000,0.000000,0.000000],[1.000000,0.000000,0.000000,0.000000,0.000000,0.000000],[1.000000,0.000000,0.000000,0.000000,0.000000,0.000000],[1.000000,0.000000,0.000000,0.000000,0.000000,0.000000],[1.000000,0.000000,0.000000,0.000000,0.000000,0.000000],[1.000000,0.000000,0.000000,0.000000,0.000000,0.000000],[1.000000,0.000000,0.000000,0.000000,0.000000,0.000000],[1.000000,0.000000,0.000000,0.000000,0.000000,0.000000],[1.000000,0.000000,0.000000,0.000000,0.000000,0.000000],[1.000000,0.000000,0.000000,0.000000,0.000000,0.000000],[1.000000,0.000000,0.000000,0.000000,0.000000,0.000000],[1.000000,0.000000,0.000000,0.000000,0.000000,0.000000],[1.000000,0.000000,0.000000,0.000000,0.000000,0.000000],[1.000000,0.000000,0.000000,0.000000,0.000000,0.000000],[1.000000,0.000000,0.000000,0.000000,0.000000,0.000000]],
  [[1.000000,0.000000,0.000000,0.000000,0.000000,0.000000],[0.860386,0.050139,0.056823,0.006146,0.026506,0.000000],[0.133570,0.151938,0.251418,0.014787,0.448286,0.000000],[0.130069,0.154302,0.252335,0.015519,0.447775,0.000000],[0.559235,0.137922,0.235572,0.014225,0.053046,0.000000],[0.837952,0.061653,0.067160,0.006348,0.026887,0.000000],[0.920970,0.025991,0.031849,0.001829,0.019362,0.000000],[0.839863,0.060851,0.064593,0.006252,0.028441,0.000000],[0.839648,0.059544,0.067090,0.006616,0.027102,0.000000],[0.066679,0.063677,0.068198,0.007071,0.794375,0.000000],[0.836839,0.060961,0.069121,0.006201,0.026877,0.000000],[0.841737,0.056055,0.068697,0.006343,0.027168,0.000000],[0.919508,0.025091,0.033420,0.002089,0.019893,0.000000],[0.930833,0.020361,0.030983,0.001386,0.016436,0.000000],[0.928688,0.024502,0.027927,0.001598,0.017286,0.000000],[0.927899,0.021463,0.029936,0.001744,0.018957,0.000000],[0.929439,0.022012,0.030978,0.001815,0.015755,0.000000],[0.931658,0.021054,0.028769,0.001695,0.016824,0.000000],[0.044770,0.019777,0.029631,0.001697,0.904125,0.000000],[0.931888,0.020670,0.030694,0.001919,0.014828,0.000000],[0.932066,0.021477,0.029242,0.001436,0.015779,0.000000],[0.931567,0.020615,0.030047,0.001542,0.016230,0.000000],[0.051150,0.019927,0.028378,0.001673,0.898872,0.000000],[0.046849,0.019560,0.031441,0.001526,0.900623,0.000000],[0.929996,0.022360,0.030797,0.001715,0.015133,0.000000],[0.049528,0.025796,0.032492,0.001918,0.890266,0.000000],[0.837955,0.059864,0.066952,0.006383,0.028846,0.000000],[0.565342,0.133912,0.231766,0.014844,0.054136,0.000000],[0.572944,0.132069,0.227491,0.013438,0.054058,0.000000],[0.569532,0.136354,0.227892,0.013855,0.052368,0.000000],[0.842682,0.060608,0.064517,0.007193,0.025001,0.000000],[0.922724,0.024602,0.031629,0.001609,0.019436,0.000000],[0.051984,0.019982,0.030494,0.001839,0.895701,0.000000],[0.928911,0.021120,0.029104,0.001374,0.019492,0.000000],[0.930598,0.019466,0.028511,0.001691,0.019734,0.000000],[0.048247,0.020453,0.030271,0.001809,0.899221,0.000000],[0.931651,0.019973,0.028872,0.001970,0.017534,0.000000],[0.938015,0.017323,0.026382,0.001666,0.016614,0.000000],[0.944357,0.015234,0.023032,0.001260,0.016117,0.000000],[1.000000,0.000000,0.000000,0.000000,0.000000,0.000000]],
  [[1.000000,0.000000,0.000000,0.000000,0.000000,0.000000],[0.843291,0.059237,0.064675,0.006203,0.026594,0.000000],[0.158250,0.362520,0.000000,0.020260,0.458970,0.000000],[0.352713,0.462872,0.000000,0.028735,0.155679,0.000000],[0.547123,0.364013,0.000000,0.020440,0.068424,0.000000],[0.776188,0.173717,0.000000,0.011036,0.039060,0.000000],[0.881690,0.089931,0.000000,0.003606,0.024773,0.000000],[0.782399,0.169732,0.000000,0.010943,0.036926,0.000000],[0.548648,0.360920,0.000000,0.018131,0.072301,0.000000],[0.544747,0.365046,0.000000,0.019534,0.070673,0.000000],[0.553187,0.359418,0.000000,0.019353,0.068042,0.000000],[0.776947,0.177347,0.000000,0.009189,0.036517,0.000000],[0.880178,0.087515,0.000000,0.003505,0.028802,0.000000],[0.884820,0.086245,0.000000,0.003644,0.025291,0.000000],[0.062234,0.078407,0.000000,0.003543,0.855816,0.000000],[0.897934,0.076356,0.000000,0.003509,0.022201,0.000000],[0.897206,0.078842,0.000000,0.003594,0.020358,0.000000],[0.896409,0.076092,0.000000,0.003257,0.024242,0.000000],[0.894544,0.078578,0.000000,0.003159,0.023719,0.000000],[0.899206,0.075448,0.000000,0.003292,0.022054,0.000000],[0.901832,0.073486,0.000000,0.003162,0.021520,0.000000],[0.902081,0.075568,0.000000,0.003134,0.019216,0.000000],[0.898220,0.076282,0.000000,0.003029,0.022469,0.000000],[0.901411,0.074004,0.000000,0.002892,0.021693,0.000000],[0.890861,0.078419,0.000000,0.003874,0.026845,0.000000],[0.059666,0.079347,0.000000,0.003580,0.857407,0.000000],[0.784227,0.171303,0.000000,0.009731,0.034739,0.000000],[0.555219,0.356785,0.000000,0.021008,0.066988,0.000000],[0.363281,0.452857,0.000000,0.027352,0.156510,0.000000],[0.551780,0.359812,0.000000,0.019200,0.069207,0.000000],[0.782418,0.176604,0.000000,0.010297,0.030682,0.000000],[0.888244,0.083020,0.000000,0.003238,0.025499,0.000000],[0.895173,0.076114,0.000000,0.003434,0.025278,0.000000],[0.896887,0.073431,0.000000,0.003062,0.026620,0.000000],[0.056720,0.072157,0.000000,0.002365,0.868758,0.000000],[0.899103,0.075006,0.000000,0.002574,0.023317,0.000000],[0.905494,0.069550,0.000000,0.002663,0.022292,0.000000],[0.913735,0.062754,0.000000,0.002571,0.020941,0.000000],[0.935639,0.018048,0.026894,0.001431,0.017987,0.000000],[1.000000,0.000000,0.000000,0.000000,0.000000,0.000000]],
  [[1.000000,0.000000,0.000000,0.000000,0.000000,0.000000],[0.841580,0.061516,0.066919,0.005953,0.024032,0.000000],[0.154287,0.365065,0.000000,0.019158,0.461489,0.000000],[0.527126,0.377849,0.000000,0.021925,0.073100,0.000000],[0.550307,0.356843,0.000000,0.021100,0.071750,0.000000],[0.747149,0.198539,0.000000,0.012662,0.041650,0.000000],[0.756776,0.192508,0.000000,0.010709,0.040006,0.000000],[0.752284,0.194189,0.000000,0.012851,0.040676,0.000000],[0.546640,0.361868,0.000000,0.020445,0.071047,0.000000],[0.364717,0.436032,0.000000,0.030266,0.168985,0.000000],[0.546474,0.360033,0.000000,0.020443,0.073050,0.000000],[0.085203,0.184164,0.000000,0.012570,0.718063,0.000000],[0.079611,0.171161,0.000000,0.010423,0.738805,0.000000],[0.078183,0.178496,0.000000,0.010050,0.733271,0.000000],[0.875817,0.093206,0.000000,0.004662,0.026315,0.000000],[0.872226,0.093443,0.000000,0.004303,0.030028,0.000000],[0.878166,0.089564,0.000000,0.003889,0.028381,0.000000],[0.871924,0.092941,0.000000,0.004454,0.030681,0.000000],[0.881208,0.085051,0.000000,0.004093,0.029648,0.000000],[0.888707,0.081937,0.000000,0.003680,0.025675,0.000000],[0.887593,0.081509,0.000000,0.003606,0.027292,0.000000],[0.886182,0.082158,0.000000,0.003464,0.028195,0.000000],[0.884850,0.085190,0.000000,0.003732,0.026229,0.000000],[0.050121,0.072158,0.000000,0.003262,0.874459,0.000000],[0.882602,0.086285,0.000000,0.003842,0.027270,0.000000],[0.874073,0.091420,0.000000,0.005099,0.029408,0.000000],[0.076278,0.170756,0.000000,0.011013,0.741953,0.000000],[0.534259,0.375522,0.000000,0.020866,0.069352,0.000000],[0.539450,0.365701,0.000000,0.020176,0.074673,0.000000],[0.148041,0.372474,0.000000,0.019842,0.459643,0.000000],[0.779462,0.176324,0.000000,0.010395,0.033819,0.000000],[0.883748,0.084121,0.000000,0.003454,0.028678,0.000000],[0.060450,0.082088,0.000000,0.003241,0.854221,0.000000],[0.890787,0.082768,0.000000,0.003554,0.022891,0.000000],[0.060230,0.073373,0.000000,0.002970,0.863426,0.000000],[0.904900,0.072223,0.000000,0.003168,0.019710,0.000000],[0.899340,0.075225,0.000000,0.003002,0.022433,0.000000],[0.909887,0.067873,0.000000,0.002656,0.019584,0.000000],[0.937076,0.018199,0.027444,0.001327,0.015954,0.000000],[1.000000,0.000000,0.000000,0.000000,0.000000,0.000000]],
  [[1.000000,0.000000,0.000000,0.000000,0.000000,0.000000],[0.837923,0.060250,0.067850,0.007571,0.026406,0.000000],[0.780669,0.170558,0.000000,0.010832,0.037941,0.000000],[0.761040,0.186317,0.000000,0.012278,0.040364,0.000000],[0.758673,0.188691,0.000000,0.011695,0.040941,0.000000],[0.547263,0.358922,0.000000,0.020768,0.073047,0.000000],[0.518435,0.387090,0.000000,0.020948,0.073528,0.000000],[0.549663,0.361205,0.000000,0.021184,0.067947,0.000000],[0.543967,0.363925,0.000000,0.019376,0.072732,0.000000],[0.151009,0.360417,0.000000,0.021059,0.467515,0.000000],[0.161128,0.434884,0.000000,0.022518,0.381470,0.000000],[0.156840,0.352283,0.000000,0.020346,0.470531,0.000000],[0.545426,0.363823,0.000000,0.019301,0.071451,0.000000],[0.083668,0.187880,0.000000,0.011782,0.716669,0.000000],[0.755832,0.195155,0.000000,0.011140,0.037873,0.000000],[0.081004,0.176676,0.000000,0.011128,0.731192,0.000000],[0.758315,0.189053,0.000000,0.010932,0.041700,0.000000],[0.871987,0.094608,0.000000,0.004353,0.029052,0.000000],[0.051855,0.077883,0.000000,0.003594,0.866668,0.000000],[0.881988,0.087450,0.000000,0.003703,0.026859,0.000000],[0.878994,0.090834,0.000000,0.004491,0.025681,0.000000],[0.880647,0.087567,0.000000,0.004142,0.027644,0.000000],[0.883214,0.088778,0.000000,0.003525,0.024482,0.000000],[0.880975,0.086004,0.000000,0.004096,0.028925,0.000000],[0.880677,0.087748,0.000000,0.003522,0.028053,0.000000],[0.872436,0.092229,0.000000,0.004004,0.031331,0.000000],[0.767940,0.182686,0.000000,0.011925,0.037448,0.000000],[0.768872,0.184447,0.000000,0.010863,0.035818,0.000000],[0.801324,0.094946,0.069156,0.007161,0.027413,0.000000],[0.070410,0.081486,0.076838,0.008329,0.762937,0.000000],[0.071786,0.072632,0.075472,0.007985,0.772126,0.000000],[0.825520,0.065800,0.073650,0.006220,0.028809,0.000000],[0.068999,0.065212,0.070870,0.007038,0.787882,0.000000],[0.919188,0.025644,0.032774,0.001982,0.020412,0.000000],[0.917682,0.025860,0.033297,0.002347,0.020814,0.000000],[0.920663,0.024266,0.031712,0.002224,0.021135,0.000000],[0.921823,0.023842,0.033183,0.002086,0.019067,0.000000],[0.045159,0.019133,0.031163,0.001733,0.902812,0.000000],[0.938254,0.016409,0.024814,0.002054,0.018469,0.000000],[1.000000,0.000000,0.000000,0.000000,0.000000,0.000000]],
  [[1.000000,0.000000,0.000000,0.000000,0.000000,0.000000],[0.922072,0.024222,0.032291,0.001937,0.019479,0.000000],[0.882176,0.084901,0.000000,0.004084,0.028839,0.000000],[0.878273,0.090208,0.000000,0.004117,0.027403,0.000000],[0.798827,0.095707,0.069367,0.007727,0.028373,0.000000],[0.132717,0.180959,0.222955,0.016184,0.447185,0.000000],[0.381212,0.192427,0.224005,0.025431,0.176925,0.000000],[0.135898,0.236108,0.158818,0.016838,0.452338,0.000000],[0.082898,0.188139,0.000000,0.011730,0.717232,0.000000],[0.750118,0.194333,0.000000,0.012200,0.043348,0.000000],[0.535819,0.369879,0.000000,0.021445,0.072858,0.000000],[0.357503,0.449941,0.000000,0.029087,0.163469,0.000000],[0.538439,0.366618,0.000000,0.021934,0.073009,0.000000],[0.541383,0.368617,0.000000,0.019796,0.070204,0.000000],[0.521924,0.389519,0.000000,0.019992,0.068564,0.000000],[0.521433,0.383068,0.000000,0.021779,0.073720,0.000000],[0.762487,0.187867,0.000000,0.010953,0.038694,0.000000],[0.871663,0.096745,0.000000,0.004211,0.027381,0.000000],[0.867642,0.098596,0.000000,0.003921,0.029842,0.000000],[0.871271,0.093992,0.000000,0.005226,0.029511,0.000000],[0.873017,0.096801,0.000000,0.003850,0.026332,0.000000],[0.869828,0.093764,0.000000,0.005601,0.030808,0.000000],[0.057182,0.081584,0.000000,0.004306,0.856927,0.000000],[0.876119,0.093646,0.000000,0.004422,0.025813,0.000000],[0.875346,0.092797,0.000000,0.004350,0.027507,0.000000],[0.878103,0.085851,0.000000,0.004561,0.031485,0.000000],[0.057956,0.081632,0.000000,0.003703,0.856709,0.000000],[0.907484,0.034742,0.035909,0.002412,0.019452,0.000000],[0.822774,0.071192,0.069388,0.007554,0.029092,0.000000],[1.000000,0.000000,0.000000,0.000000,0.000000,0.000000],[1.000000,0.000000,0.000000,0.000000,0.000000,0.000000],[1.000000,0.000000,0.000000,0.000000,0.000000,0.000000],[1.000000,0.000000,0.000000,0.000000,0.000000,0.000000],[1.000000,0.000000,0.000000,0.000000,0.000000,0.000000],[1.000000,0.000000,0.000000,0.000000,0.000000,0.000000],[1.000000,0.000000,0.000000,0.000000,0.000000,0.000000],[1.000000,0.000000,0.000000,0.000000,0.000000,0.000000],[1.000000,0.000000,0.000000,0.000000,0.000000,0.000000],[1.000000,0.000000,0.000000,0.000000,0.000000,0.000000],[1.000000,0.000000,0.000000,0.000000,0.000000,0.000000]],
  [[1.000000,0.000000,0.000000,0.000000,0.000000,0.000000],[0.066023,0.062379,0.067340,0.007851,0.796408,0.000000],[0.783194,0.169021,0.000000,0.011889,0.035896,0.000000],[0.771768,0.176734,0.000000,0.011337,0.040160,0.000000],[0.810396,0.073011,0.074744,0.007995,0.033854,0.000000],[1.000000,0.000000,0.000000,0.000000,0.000000,0.000000],[1.000000,0.000000,0.000000,0.000000,0.000000,0.000000],[0.559132,0.204163,0.162923,0.014934,0.058848,0.000000],[0.085307,0.189020,0.000000,0.011795,0.713878,0.000000],[0.083363,0.193280,0.000000,0.011774,0.711584,0.000000],[0.533415,0.372021,0.000000,0.021275,0.073289,0.000000],[0.534473,0.372656,0.000000,0.020623,0.072248,0.000000],[0.147943,0.353754,0.000000,0.020124,0.478180,0.000000],[0.146372,0.351498,0.000000,0.021143,0.480987,0.000000],[0.356913,0.455687,0.000000,0.027813,0.159587,0.000000],[0.538173,0.368716,0.000000,0.020448,0.072663,0.000000],[0.753590,0.193571,0.000000,0.012494,0.040345,0.000000],[0.074971,0.179774,0.000000,0.011428,0.733826,0.000000],[0.764816,0.186458,0.000000,0.011661,0.037065,0.000000],[0.074260,0.176949,0.000000,0.011058,0.737732,0.000000],[0.758087,0.194259,0.000000,0.012211,0.035443,0.000000],[0.752735,0.191945,0.000000,0.011670,0.043651,0.000000],[0.757768,0.192106,0.000000,0.011910,0.038216,0.000000],[0.773343,0.177776,0.000000,0.010969,0.037912,0.000000],[0.801620,0.096699,0.066235,0.007183,0.028263,0.000000],[0.827754,0.069590,0.069306,0.007624,0.025726,0.000000],[0.915395,0.026379,0.033509,0.002204,0.022513,0.000000],[0.919775,0.025315,0.031674,0.002303,0.020934,0.000000],[1.000000,0.000000,0.000000,0.000000,0.000000,0.000000],[0.568956,0.134738,0.224562,0.014258,0.057486,0.000000],[0.418629,0.171745,0.195042,0.026005,0.188579,0.000000],[0.560718,0.127000,0.239326,0.014159,0.058798,0.000000],[0.562628,0.128146,0.238960,0.013914,0.056351,0.000000],[0.546455,0.141048,0.243482,0.013960,0.055054,0.000000],[0.570494,0.132651,0.226660,0.014837,0.055359,0.000000],[1.000000,0.000000,0.000000,0.000000,0.000000,0.000000],[0.920871,0.026131,0.032059,0.001981,0.018958,0.000000],[0.931205,0.021867,0.029195,0.001634,0.016099,0.000000],[0.942941,0.015503,0.024433,0.001485,0.015638,0.000000],[1.000000,0.000000,0.000000,0.000000,0.000000,0.000000]],
  [[1.000000,0.000000,0.000000,0.000000,0.000000,0.000000],[0.556679,0.138751,0.237573,0.013796,0.053201,0.000000],[0.549937,0.358516,0.000000,0.018690,0.072857,0.000000],[0.546196,0.365125,0.000000,0.020371,0.068308,0.000000],[0.815387,0.066003,0.078286,0.007223,0.033101,0.000000],[1.000000,0.000000,0.000000,0.000000,0.000000,0.000000],[0.822084,0.063350,0.072180,0.006793,0.035593,0.000000],[0.137550,0.166543,0.218124,0.015791,0.461992,0.000000],[0.542589,0.360435,0.000000,0.020769,0.076208,0.000000],[0.153290,0.356040,0.000000,0.019520,0.471150,0.000000],[0.745033,0.199589,0.000000,0.011282,0.044097,0.000000],[0.742234,0.199192,0.000000,0.011928,0.046647,0.000000],[0.539929,0.364730,0.000000,0.020791,0.074550,0.000000],[0.441646,0.444275,0.000000,0.025516,0.088564,0.000000],[0.163064,0.443772,0.000000,0.022777,0.370386,0.000000],[0.151745,0.359719,0.000000,0.022485,0.466051,0.000000],[0.755431,0.196782,0.000000,0.011290,0.036498,0.000000],[0.758382,0.187535,0.000000,0.011954,0.042130,0.000000],[0.517151,0.389316,0.000000,0.021059,0.072474,0.000000],[0.520186,0.384746,0.000000,0.021935,0.073133,0.000000],[0.511577,0.396656,0.000000,0.021874,0.069893,0.000000],[0.084673,0.187563,0.000000,0.011819,0.715945,0.000000],[0.529184,0.379150,0.000000,0.020457,0.071209,0.000000],[0.547613,0.228565,0.149478,0.016667,0.057677,0.000000],[0.129129,0.154707,0.250643,0.015179,0.450342,0.000000],[1.000000,0.000000,0.000000,0.000000,0.000000,0.000000],[1.000000,0.000000,0.000000,0.000000,0.000000,0.000000],[1.000000,0.000000,0.000000,0.000000,0.000000,0.000000],[1.000000,0.000000,0.000000,0.000000,0.000000,0.000000],[0.552980,0.157589,0.219097,0.016038,0.054296,0.000000],[0.549819,0.364674,0.000000,0.019385,0.066121,0.000000],[0.560885,0.351124,0.000000,0.019616,0.068375,0.000000],[0.563744,0.348992,0.000000,0.018792,0.068471,0.000000],[0.359829,0.451752,0.000000,0.028176,0.160243,0.000000],[0.558980,0.220764,0.145664,0.016817,0.057775,0.000000],[0.812701,0.090642,0.059700,0.007457,0.029499,0.000000],[0.048858,0.032720,0.033187,0.002324,0.882911,0.000000],[0.061668,0.075794,0.000000,0.002801,0.859737,0.000000],[0.931964,0.019283,0.029852,0.001625,0.017277,0.000000],[1.000000,0.000000,0.000000,0.000000,0.000000,0.000000]],
  [[1.000000,0.000000,0.000000,0.000000,0.000000,0.000000],[0.139227,0.142276,0.233213,0.015171,0.470113,0.000000],[0.378641,0.429211,0.000000,0.029974,0.162175,0.000000],[0.571858,0.339406,0.000000,0.020500,0.068236,0.000000],[0.811948,0.068550,0.079004,0.007481,0.033017,0.000000],[1.000000,0.000000,0.000000,0.000000,0.000000,0.000000],[1.000000,0.000000,0.000000,0.000000,0.000000,0.000000],[0.554909,0.220022,0.153679,0.016337,0.055053,0.000000],[0.346785,0.463884,0.000000,0.028707,0.160624,0.000000],[0.517002,0.388223,0.000000,0.021775,0.072999,0.000000],[0.755164,0.194799,0.000000,0.011036,0.039001,0.000000],[0.750601,0.196927,0.000000,0.011767,0.040705,0.000000],[0.152908,0.356567,0.000000,0.023417,0.467107,0.000000],[0.353574,0.448931,0.000000,0.031106,0.166389,0.000000],[0.536617,0.367335,0.000000,0.021350,0.074699,0.000000],[0.749214,0.197608,0.000000,0.012785,0.040393,0.000000],[0.755913,0.192757,0.000000,0.012057,0.039273,0.000000],[0.756268,0.191834,0.000000,0.011620,0.040278,0.000000],[0.151358,0.367760,0.000000,0.021177,0.459705,0.000000],[0.353763,0.447697,0.000000,0.031470,0.167070,0.000000],[0.526739,0.377408,0.000000,0.021116,0.074737,0.000000],[0.741031,0.203132,0.000000,0.012503,0.043334,0.000000],[0.545799,0.211792,0.166093,0.016969,0.059347,0.000000],[0.415841,0.170697,0.204244,0.024832,0.184385,0.000000],[1.000000,0.000000,0.000000,0.000000,0.000000,0.000000],[1.000000,0.000000,0.000000,0.000000,0.000000,0.000000],[0.056671,0.019879,0.026116,0.001883,0.895451,0.000000],[0.913116,0.026679,0.033535,0.002901,0.023770,0.000000],[0.811885,0.077673,0.072907,0.007759,0.029775,0.000000],[0.797642,0.100776,0.065857,0.007564,0.028161,0.000000],[0.762264,0.187228,0.000000,0.010753,0.039756,0.000000],[0.755394,0.189291,0.000000,0.011814,0.043502,0.000000],[0.543788,0.365759,0.000000,0.021776,0.068678,0.000000],[0.527965,0.378709,0.000000,0.021362,0.071963,0.000000],[0.530086,0.376410,0.000000,0.022255,0.071249,0.000000],[0.078069,0.172737,0.000000,0.011296,0.737898,0.000000],[0.878273,0.092002,0.000000,0.004072,0.025653,0.000000],[0.896358,0.075530,0.000000,0.003036,0.025076,0.000000],[0.049216,0.022266,0.029495,0.001840,0.897183,0.000000],[1.000000,0.000000,0.000000,0.000000,0.000000,0.000000]],
  [[1.000000,0.000000,0.000000,0.000000,0.000000,0.000000],[0.582441,0.123399,0.227013,0.013524,0.053623,0.000000],[0.450545,0.440491,0.000000,0.023183,0.085781,0.000000],[0.168029,0.432284,0.000000,0.022412,0.377275,0.000000],[0.555807,0.132174,0.243589,0.014359,0.054071,0.000000],[1.000000,0.000000,0.000000,0.000000,0.000000,0.000000],[0.826378,0.065426,0.069018,0.006477,0.032701,0.000000],[0.549575,0.226770,0.150437,0.014773,0.058444,0.000000],[0.148729,0.377069,0.000000,0.021199,0.453004,0.000000],[0.522121,0.385409,0.000000,0.021774,0.070696,0.000000],[0.756145,0.192169,0.000000,0.013657,0.038029,0.000000],[0.751197,0.199830,0.000000,0.012073,0.036901,0.000000],[0.513778,0.387328,0.000000,0.021451,0.077444,0.000000],[0.514053,0.389293,0.000000,0.023429,0.073225,0.000000],[0.520799,0.384495,0.000000,0.021699,0.073007,0.000000],[0.754787,0.190316,0.000000,0.012087,0.042810,0.000000],[0.865951,0.097196,0.000000,0.004803,0.032050,0.000000],[0.077962,0.176463,0.000000,0.011671,0.733904,0.000000],[0.511534,0.397107,0.000000,0.022644,0.068715,0.000000],[0.539849,0.366927,0.000000,0.021521,0.071703,0.000000],[0.164434,0.448199,0.000000,0.022370,0.364998,0.000000],[0.541296,0.361701,0.000000,0.023757,0.073246,0.000000],[0.154580,0.276982,0.170702,0.019455,0.378280,0.000000],[1.000000,0.000000,0.000000,0.000000,0.000000,0.000000],[1.000000,0.000000,0.000000,0.000000,0.000000,0.000000],[1.000000,0.000000,0.000000,0.000000,0.000000,0.000000],[0.826817,0.071012,0.067796,0.007027,0.027348,0.000000],[0.777559,0.173157,0.000000,0.011441,0.037842,0.000000],[0.082263,0.173003,0.000000,0.012658,0.732076,0.000000],[0.768798,0.185679,0.000000,0.011559,0.033964,0.000000],[0.760409,0.191202,0.000000,0.011923,0.036465,0.000000],[0.756832,0.191148,0.000000,0.011707,0.040314,0.000000],[0.757285,0.190853,0.000000,0.011274,0.040588,0.000000],[0.758959,0.187475,0.000000,0.012169,0.041397,0.000000],[0.076918,0.174200,0.000000,0.010459,0.738423,0.000000],[0.764129,0.186366,0.000000,0.011870,0.037634,0.000000],[0.874016,0.093324,0.000000,0.004776,0.027885,0.000000],[0.883866,0.083925,0.000000,0.003558,0.028651,0.000000],[0.921217,0.024614,0.032322,0.002376,0.019471,0.000000],[1.000000,0.000000,0.000000,0.000000,0.000000,0.000000]],
  [[1.000000,0.000000,0.000000,0.000000,0.000000,0.000000],[0.828170,0.063983,0.072696,0.007040,0.028111,0.000000],[0.568603,0.343202,0.000000,0.020090,0.068105,0.000000],[0.371295,0.432199,0.000000,0.028616,0.167890,0.000000],[0.134733,0.141928,0.246943,0.014856,0.461539,0.000000],[1.000000,0.000000,0.000000,0.000000,0.000000,0.000000],[0.828946,0.064714,0.072086,0.006074,0.028180,0.000000],[0.773481,0.179355,0.000000,0.009943,0.037221,0.000000],[0.083628,0.183380,0.000000,0.011896,0.721095,0.000000],[0.746281,0.195183,0.000000,0.012264,0.046272,0.000000],[0.749224,0.197389,0.000000,0.012655,0.040732,0.000000],[0.750256,0.194572,0.000000,0.012709,0.042463,0.000000],[0.742958,0.202852,0.000000,0.010739,0.043451,0.000000],[0.742148,0.200061,0.000000,0.013278,0.044514,0.000000],[0.081921,0.191881,0.000000,0.011276,0.714922,0.000000],[0.749648,0.194436,0.000000,0.012880,0.043036,0.000000],[0.753800,0.195103,0.000000,0.012435,0.038662,0.000000],[0.076945,0.176713,0.000000,0.011390,0.734953,0.000000],[0.756620,0.190334,0.000000,0.011543,0.041504,0.000000],[0.746084,0.198761,0.000000,0.013543,0.041612,0.000000],[0.150550,0.362991,0.000000,0.020689,0.465771,0.000000],[0.370208,0.437260,0.000000,0.031297,0.161235,0.000000],[0.550134,0.214258,0.161167,0.017438,0.057003,0.000000],[0.800349,0.080228,0.079864,0.008031,0.031529,0.000000],[0.064929,0.068183,0.070297,0.006961,0.789631,0.000000],[0.818823,0.074313,0.071302,0.008026,0.027536,0.000000],[0.803381,0.095978,0.064192,0.008176,0.028272,0.000000],[0.531704,0.377212,0.000000,0.020455,0.070628,0.000000],[0.530215,0.376674,0.000000,0.021030,0.072081,0.000000],[0.527674,0.380908,0.000000,0.020213,0.071206,0.000000],[0.754746,0.187393,0.000000,0.013263,0.044598,0.000000],[0.866403,0.099938,0.000000,0.005272,0.028387,0.000000],[0.861677,0.100335,0.000000,0.004273,0.033715,0.000000],[0.871365,0.096407,0.000000,0.004018,0.028210,0.000000],[0.079370,0.172210,0.000000,0.011715,0.736704,0.000000],[0.764810,0.188739,0.000000,0.010738,0.035713,0.000000],[0.075028,0.174307,0.000000,0.011597,0.739069,0.000000],[0.079802,0.169235,0.000000,0.011486,0.739477,0.000000],[0.067568,0.065878,0.069000,0.007674,0.789880,0.000000],[1.000000,0.000000,0.000000,0.000000,0.000000,0.000000]],
  [[1.000000,0.000000,0.000000,0.000000,0.000000,0.000000],[0.075935,0.066182,0.073450,0.007567,0.776867,0.000000],[0.565215,0.348098,0.000000,0.019855,0.066832,0.000000],[0.564868,0.346916,0.000000,0.018865,0.069350,0.000000],[0.550412,0.133165,0.245717,0.014999,0.055706,0.000000],[1.000000,0.000000,0.000000,0.000000,0.000000,0.000000],[0.050989,0.024939,0.032089,0.002664,0.889320,0.000000],[0.078060,0.172584,0.000000,0.011566,0.737790,0.000000],[0.516604,0.389288,0.000000,0.021472,0.072636,0.000000],[0.522992,0.384265,0.000000,0.020946,0.071798,0.000000],[0.525492,0.378263,0.000000,0.021535,0.074710,0.000000],[0.751404,0.195779,0.000000,0.012959,0.039858,0.000000],[0.752907,0.196788,0.000000,0.011236,0.039070,0.000000],[0.515123,0.388925,0.000000,0.023691,0.072261,0.000000],[0.515095,0.392326,0.000000,0.021135,0.071444,0.000000],[0.523705,0.383200,0.000000,0.021121,0.071973,0.000000],[0.745529,0.202729,0.000000,0.012167,0.039575,0.000000],[0.074511,0.176909,0.000000,0.011390,0.737189,0.000000],[0.755868,0.194718,0.000000,0.012064,0.037350,0.000000],[0.744014,0.198168,0.000000,0.012584,0.045233,0.000000],[0.149105,0.363191,0.000000,0.020230,0.467474,0.000000],[0.154680,0.376412,0.000000,0.020390,0.448518,0.000000],[0.148865,0.379065,0.000000,0.020881,0.451189,0.000000],[0.768547,0.186206,0.000000,0.009947,0.035300,0.000000],[0.876264,0.093413,0.000000,0.004414,0.025910,0.000000],[0.876962,0.090261,0.000000,0.003958,0.028819,0.000000],[0.761669,0.189398,0.000000,0.010192,0.038741,0.000000],[0.553308,0.355761,0.000000,0.020771,0.070159,0.000000],[0.366777,0.436567,0.000000,0.029240,0.167416,0.000000],[0.536930,0.364442,0.000000,0.020857,0.077771,0.000000],[0.752751,0.193235,0.000000,0.011765,0.042248,0.000000],[0.754014,0.193521,0.000000,0.012971,0.039494,0.000000],[0.056068,0.086150,0.000000,0.004367,0.853414,0.000000],[0.874261,0.094342,0.000000,0.004448,0.026948,0.000000],[0.077616,0.175645,0.000000,0.011655,0.735083,0.000000],[0.520485,0.389586,0.000000,0.020399,0.069530,0.000000],[0.529975,0.382366,0.000000,0.020396,0.067263,0.000000],[0.547299,0.365086,0.000000,0.019878,0.067736,0.000000],[0.840194,0.058355,0.068077,0.006025,0.027349,0.000000],[1.000000,0.000000,0.000000,0.000000,0.000000,0.000000]],
  [[1.000000,0.000000,0.000000,0.000000,0.000000,0.000000],[0.138998,0.139531,0.244501,0.014743,0.462226,0.000000],[0.564504,0.346452,0.000000,0.019114,0.069931,0.000000],[0.152837,0.349393,0.000000,0.022054,0.475716,0.000000],[0.073382,0.073209,0.075473,0.007247,0.770690,0.000000],[1.000000,0.000000,0.000000,0.000000,0.000000,0.000000],[0.913675,0.027528,0.035570,0.002001,0.021226,0.000000],[0.774416,0.180286,0.000000,0.010764,0.034533,0.000000],[0.145472,0.375990,0.000000,0.021463,0.457075,0.000000],[0.351935,0.460497,0.000000,0.029006,0.158562,0.000000],[0.522383,0.385479,0.000000,0.021291,0.070847,0.000000],[0.752588,0.195784,0.000000,0.011571,0.040057,0.000000],[0.751058,0.196391,0.000000,0.014725,0.037825,0.000000],[0.516052,0.391243,0.000000,0.021699,0.071006,0.000000],[0.344612,0.461912,0.000000,0.030933,0.162542,0.000000],[0.519419,0.386428,0.000000,0.022530,0.071623,0.000000],[0.745783,0.196673,0.000000,0.013111,0.044433,0.000000],[0.519017,0.390825,0.000000,0.021867,0.068291,0.000000],[0.151169,0.378841,0.000000,0.020508,0.449483,0.000000],[0.143537,0.359144,0.000000,0.021880,0.475439,0.000000],[0.081772,0.189400,0.000000,0.012034,0.716795,0.000000],[0.754299,0.195238,0.000000,0.011060,0.039404,0.000000],[0.758862,0.191182,0.000000,0.012479,0.037477,0.000000],[0.752333,0.196832,0.000000,0.011074,0.039762,0.000000],[0.056545,0.088171,0.000000,0.004124,0.851161,0.000000],[0.866765,0.096270,0.000000,0.004797,0.032167,0.000000],[0.753555,0.191880,0.000000,0.011593,0.042971,0.000000],[0.543215,0.358499,0.000000,0.021921,0.076366,0.000000],[0.420964,0.460834,0.000000,0.026011,0.092191,0.000000],[0.422861,0.458227,0.000000,0.025338,0.093574,0.000000],[0.546018,0.358690,0.000000,0.021925,0.073368,0.000000],[0.753497,0.195473,0.000000,0.012578,0.038452,0.000000],[0.868336,0.098935,0.000000,0.004628,0.028101,0.000000],[0.869846,0.095419,0.000000,0.004527,0.030208,0.000000],[0.072829,0.176194,0.000000,0.010329,0.740648,0.000000],[0.154459,0.369784,0.000000,0.020407,0.455350,0.000000],[0.354148,0.454007,0.000000,0.030828,0.161017,0.000000],[0.558430,0.353048,0.000000,0.020272,0.068249,0.000000],[0.838024,0.061885,0.068966,0.006144,0.024981,0.000000],[1.000000,0.000000,0.000000,0.000000,0.000000,0.000000]],
  [[1.000000,0.000000,0.000000,0.000000,0.000000,0.000000],[0.133346,0.152362,0.251378,0.015192,0.447722,0.000000],[0.352320,0.460377,0.000000,0.028006,0.159297,0.000000],[0.553300,0.363021,0.000000,0.017964,0.065715,0.000000],[0.827495,0.067117,0.071008,0.007685,0.026695,0.000000],[1.000000,0.000000,0.000000,0.000000,0.000000,0.000000],[0.913077,0.028686,0.036097,0.002631,0.019509,0.000000],[0.081070,0.171190,0.000000,0.011649,0.736090,0.000000],[0.524463,0.383760,0.000000,0.022351,0.069426,0.000000],[0.524849,0.385405,0.000000,0.020126,0.069621,0.000000],[0.150627,0.372380,0.000000,0.021027,0.455966,0.000000],[0.755460,0.192835,0.000000,0.012061,0.039645,0.000000],[0.075082,0.178594,0.000000,0.010070,0.736253,0.000000],[0.517494,0.387899,0.000000,0.020726,0.073882,0.000000],[0.149028,0.372999,0.000000,0.020248,0.457725,0.000000],[0.515877,0.389099,0.000000,0.021801,0.073223,0.000000],[0.745463,0.196477,0.000000,0.013182,0.044878,0.000000],[0.524641,0.380442,0.000000,0.022603,0.072314,0.000000],[0.339738,0.468444,0.000000,0.029264,0.162555,0.000000],[0.519992,0.387308,0.000000,0.021387,0.071313,0.000000],[0.749501,0.197487,0.000000,0.011368,0.041643,0.000000],[0.865024,0.101109,0.000000,0.004425,0.029442,0.000000],[0.755792,0.191213,0.000000,0.013074,0.039921,0.000000],[0.759714,0.191364,0.000000,0.012337,0.036585,0.000000],[0.754505,0.198267,0.000000,0.010509,0.036719,0.000000],[0.083339,0.173532,0.000000,0.012218,0.730911,0.000000],[0.745718,0.200870,0.000000,0.013067,0.040345,0.000000],[0.745897,0.196554,0.000000,0.014239,0.043310,0.000000],[0.535284,0.369736,0.000000,0.022515,0.072465,0.000000],[0.359980,0.444319,0.000000,0.030538,0.165163,0.000000],[0.538277,0.367829,0.000000,0.020121,0.073773,0.000000],[0.757190,0.188623,0.000000,0.012436,0.041751,0.000000],[0.055299,0.085194,0.000000,0.003613,0.855894,0.000000],[0.870267,0.098090,0.000000,0.005364,0.026279,0.000000],[0.762112,0.190399,0.000000,0.010755,0.036734,0.000000],[0.529246,0.379539,0.000000,0.020801,0.070414,0.000000],[0.531506,0.376529,0.000000,0.020301,0.071664,0.000000],[0.554111,0.355621,0.000000,0.020180,0.070088,0.000000],[0.838044,0.061459,0.066541,0.006400,0.027556,0.000000],[1.000000,0.000000,0.000000,0.000000,0.000000,0.000000]],
  [[1.000000,0.000000,0.000000,0.000000,0.000000,0.000000],[0.138495,0.151680,0.249466,0.014786,0.445574,0.000000],[0.568797,0.216846,0.142307,0.015809,0.056242,0.000000],[0.579332,0.210164,0.139090,0.015481,0.055933,0.000000],[0.843410,0.055956,0.066353,0.006644,0.027637,0.000000],[1.000000,0.000000,0.000000,0.000000,0.000000,0.000000],[0.917048,0.026390,0.034538,0.002210,0.019814,0.000000],[0.780963,0.170841,0.000000,0.011828,0.036367,0.000000],[0.759890,0.189682,0.000000,0.010936,0.039492,0.000000],[0.763100,0.186040,0.000000,0.012421,0.038440,0.000000],[0.756401,0.188810,0.000000,0.012251,0.042538,0.000000],[0.076206,0.173616,0.000000,0.011150,0.739028,0.000000],[0.762190,0.186964,0.000000,0.010728,0.040118,0.000000],[0.762274,0.189150,0.000000,0.012310,0.036266,0.000000],[0.072957,0.178510,0.000000,0.011793,0.736740,0.000000],[0.074244,0.179564,0.000000,0.010891,0.735300,0.000000],[0.751479,0.194258,0.000000,0.010749,0.043514,0.000000],[0.530606,0.375513,0.000000,0.020791,0.073090,0.000000],[0.516957,0.383344,0.000000,0.021692,0.078007,0.000000],[0.149171,0.374676,0.000000,0.022702,0.453451,0.000000],[0.760495,0.187929,0.000000,0.011813,0.039763,0.000000],[0.862031,0.100752,0.000000,0.004682,0.032535,0.000000],[0.756930,0.190832,0.000000,0.011516,0.040722,0.000000],[0.524741,0.381517,0.000000,0.021201,0.072541,0.000000],[0.145984,0.377323,0.000000,0.020469,0.456224,0.000000],[0.521756,0.383934,0.000000,0.022373,0.071937,0.000000],[0.755461,0.193336,0.000000,0.013358,0.037845,0.000000],[0.752442,0.195844,0.000000,0.013374,0.038339,0.000000],[0.513682,0.394770,0.000000,0.020714,0.070835,0.000000],[0.148322,0.377665,0.000000,0.021038,0.452975,0.000000],[0.526117,0.379094,0.000000,0.021939,0.072850,0.000000],[0.757251,0.190950,0.000000,0.012091,0.039708,0.000000],[0.865488,0.097112,0.000000,0.004698,0.032701,0.000000],[0.867204,0.098928,0.000000,0.004783,0.029085,0.000000],[0.763308,0.186781,0.000000,0.010920,0.038991,0.000000],[0.083241,0.172993,0.000000,0.010956,0.732810,0.000000],[0.768368,0.179824,0.000000,0.011126,0.040682,0.000000],[0.079373,0.165907,0.000000,0.009235,0.745485,0.000000],[0.844137,0.059050,0.065010,0.007612,0.024192,0.000000],[1.000000,0.000000,0.000000,0.000000,0.000000,0.000000]],
  [[1.000000,0.000000,0.000000,0.000000,0.000000,0.000000],[0.859528,0.051793,0.058736,0.005737,0.024206,0.000000],[0.071918,0.061191,0.067424,0.006595,0.792872,0.000000],[1.000000,0.000000,0.000000,0.000000,0.000000,0.000000],[0.854670,0.054373,0.056879,0.005103,0.028976,0.000000],[1.000000,0.000000,0.000000,0.000000,0.000000,0.000000],[0.911109,0.027868,0.036019,0.002296,0.022708,0.000000],[0.879947,0.086731,0.000000,0.003693,0.029629,0.000000],[0.867994,0.098067,0.000000,0.003598,0.030341,0.000000],[0.869839,0.097961,0.000000,0.004408,0.027792,0.000000],[0.864441,0.098419,0.000000,0.004067,0.033073,0.000000],[0.051020,0.085888,0.000000,0.004326,0.858766,0.000000],[0.868104,0.097501,0.000000,0.004542,0.029853,0.000000],[0.053390,0.087622,0.000000,0.004154,0.854834,0.000000],[0.054269,0.087244,0.000000,0.004222,0.854266,0.000000],[0.056993,0.084255,0.000000,0.004099,0.854653,0.000000],[0.762438,0.186419,0.000000,0.013738,0.037405,0.000000],[0.755027,0.189425,0.000000,0.012611,0.042937,0.000000],[0.755725,0.191845,0.000000,0.013351,0.039079,0.000000],[0.752771,0.193869,0.000000,0.011416,0.041944,0.000000],[0.760518,0.188413,0.000000,0.011245,0.039824,0.000000],[0.054674,0.087127,0.000000,0.003832,0.854367,0.000000],[0.758367,0.190435,0.000000,0.012403,0.038796,0.000000],[0.529134,0.375269,0.000000,0.023988,0.071609,0.000000],[0.342462,0.465209,0.000000,0.031302,0.161028,0.000000],[0.513587,0.392352,0.000000,0.020320,0.073741,0.000000],[0.078883,0.177485,0.000000,0.011133,0.732499,0.000000],[0.752969,0.195040,0.000000,0.013155,0.038836,0.000000],[0.071552,0.177505,0.000000,0.011888,0.739055,0.000000],[0.760434,0.188094,0.000000,0.011737,0.039735,0.000000],[0.758498,0.192412,0.000000,0.010332,0.038758,0.000000],[0.758748,0.187178,0.000000,0.011399,0.042675,0.000000],[0.759773,0.192617,0.000000,0.011024,0.036585,0.000000],[0.767152,0.183606,0.000000,0.011046,0.038196,0.000000],[0.761119,0.186243,0.000000,0.011158,0.041480,0.000000],[0.772022,0.178560,0.000000,0.011330,0.038088,0.000000],[0.062585,0.076741,0.000000,0.002989,0.857685,0.000000],[0.898494,0.074237,0.000000,0.003258,0.024011,0.000000],[0.929648,0.020697,0.027549,0.001642,0.020465,0.000000],[1.000000,0.000000,0.000000,0.000000,0.000000,0.000000]],
  [[1.000000,0.000000,0.000000,0.000000,0.000000,0.000000],[1.000000,0.000000,0.000000,0.000000,0.000000,0.000000],[1.000000,0.000000,0.000000,0.000000,0.000000,0.000000],[1.000000,0.000000,0.000000,0.000000,0.000000,0.000000],[1.000000,0.000000,0.000000,0.000000,0.000000,0.000000],[1.000000,0.000000,0.000000,0.000000,0.000000,0.000000],[0.065061,0.075040,0.069715,0.007249,0.782935,0.000000],[0.767382,0.182293,0.000000,0.011640,0.038685,0.000000],[0.757818,0.193361,0.000000,0.011917,0.036903,0.000000],[0.081877,0.179963,0.000000,0.013402,0.724759,0.000000],[0.757987,0.192687,0.000000,0.012705,0.036621,0.000000],[0.754422,0.194287,0.000000,0.012112,0.039179,0.000000],[0.752916,0.193642,0.000000,0.013359,0.040082,0.000000],[0.755248,0.190732,0.000000,0.011473,0.042547,0.000000],[0.867155,0.098135,0.000000,0.004463,0.030247,0.000000],[0.074818,0.176262,0.000000,0.010661,0.738258,0.000000],[0.759569,0.190129,0.000000,0.011525,0.038777,0.000000],[0.076356,0.177382,0.000000,0.011172,0.735091,0.000000],[0.075870,0.176005,0.000000,0.011435,0.736690,0.000000],[0.757544,0.193410,0.000000,0.011777,0.037269,0.000000],[0.865035,0.099047,0.000000,0.004476,0.031442,0.000000],[0.052372,0.086565,0.000000,0.004294,0.856769,0.000000],[0.754990,0.192934,0.000000,0.011914,0.040162,0.000000],[0.518288,0.382996,0.000000,0.022010,0.076705,0.000000],[0.150824,0.368817,0.000000,0.022230,0.458128,0.000000],[0.513553,0.393964,0.000000,0.022224,0.070258,0.000000],[0.753578,0.195183,0.000000,0.011901,0.039338,0.000000],[0.868771,0.098233,0.000000,0.004361,0.028635,0.000000],[0.053727,0.087488,0.000000,0.004156,0.854629,0.000000],[0.867182,0.098056,0.000000,0.004321,0.030441,0.000000],[0.059863,0.085094,0.000000,0.003856,0.851187,0.000000],[0.762849,0.185921,0.000000,0.011733,0.039497,0.000000],[0.531603,0.375792,0.000000,0.020852,0.071754,0.000000],[0.156858,0.367147,0.000000,0.019782,0.456213,0.000000],[0.566677,0.341899,0.000000,0.019001,0.072424,0.000000],[0.793436,0.158282,0.000000,0.010459,0.037822,0.000000],[0.897801,0.074598,0.000000,0.003250,0.024351,0.000000],[0.000000,0.000000,0.000000,0.000000,0.000000,1.000000],[0.935641,0.018090,0.026959,0.001641,0.017669,0.000000],[1.000000,0.000000,0.000000,0.000000,0.000000,0.000000]],
