[
  [[1.000000,0.000000,0.000000,0.000000,0.000000,0.000000],[1.000000,0.000000,0.000000,0.000000,0.000000,0.000000],[1.000000,0.000000,0.000000,0.000000,0.000000,0.000000],[1.000000,0.000000,0.000000,0.000000,0.000000,0.000000],[1.000000,0.000000,0.000000,0.000000,0.000000,0.000000],[1.000000,0.000000,0.000000,0.000000,0.000000,0.000000],[1.000000,0.000000,0.000000,0.000000,0.000000,0.000000],[1.000000,0.000000,0.000000,0.000000,0.000000,0.000000],[1.000000,0.000000,0.000000,0.000000,0.000000,0.000000],[1.000000,0.000000,0.000000,0.000000,0.000000,0.000000],[1.000000,0.000000,0.000000,0.000000,0.000000,0.000000],[1.000000,0.000000,0.000000,0.000000,0.000000,0.000000],[1.000000,0.000000,0.000000,0.000000,0.000000,0.000000],[1.000000,0.000000,0.000000,0.000000,0.000000,0.000000],[1.000000,0.000000,0.000000,0.000000,0.000000,0.000000],[1.000000,0.000000,0.000000,0.000000,0.000000,0.000000],[1.000000,0.000000,0.000000,0.000000,0.000000,0.000000],[1.000000,0.000000,0.000000,0.000000,0.000000,0.000000],[1.000000,0.000000,0.000000,0.000000,0.000000,0.000000],[1.000000,0.000000,0.000000,0.000000,0.000000,0.000000],[1.000000,0.000000,0.000000,0.000000,0.000000,0.000000],[1.000000,0.000000,0.000000,0.000000,0.000000,0.000000],[1.000000,0.000000,0.000000,0.000000,0.000000,0.000000],[1.000000,0.000000,0.000000,0.000000,0.000000,0.000000],[1.000000,0.000000,0.000000,0.000000,0.000000,0.000000],[1.000000,0.000000,0.000000,0.000000,0.000000,0.000000],[1.000000,0.000000,0.000000,0.000000,0.000000,0.000000],[1.000000,0.000000,0.000000,0.000000,0.000000,0.000000],[1.000000,0.000000,0.000000,0.000000,0.000000,0.000000],[1.000000,0.000000,0.000000,0.000000,0.000000,0.000000],[1.000000,0.000000,0.000000,0.000000,0.000000,0.000000],[1.000000,0.000000,0.000000,0.000000,0.000000,0.000000],[1.000000,0.000000,0.000000,0.000000,0.000000,0.000000],[1.000000,0.000000,0.000000,0.000000,0.000000,0.000000],[1.000000,0.000000,0.000000,0.000000,0.000000,0.000000],[1.000000,0.000000,0.000000,0.000000,0.000000,0.000000],[1.000000,0.000000,0.000000,0.000000,0.000000,0.000000],[1.000000,0.000000,0.000000,0.000000,0.000000,0.000000],[1.000000,0.000000,0.000000,0.000000,0.000000,0.000000],[1.000000,0.000000,0.000000,0.000000,0.000000,0.000000]],
  [[1.000000,0.000000,0.000000,0.000000,0.000000,0.000000],[0.606712,0.122139,0.205276,0.011729,0.054144,0.000000],[0.133215,0.151332,0.243836,0.014478,0.457139,0.000000],[0.563372,0.133790,0.234500,0.014104,0.054235,0.000000],[0.843362,0.059151,0.064891,0.005349,0.027246,0.000000],[0.048548,0.024668,0.031956,0.002191,0.892638,0.000000],[0.929014,0.021277,0.031580,0.001353,0.016775,0.000000],[0.928335,0.023514,0.031188,0.001646,0.015318,0.000000],[0.046919,0.020910,0.029441,0.001837,0.900893,0.000000],[0.049729,0.022283,0.031552,0.001636,0.894800,0.000000],[0.922468,0.025143,0.031592,0.001681,0.019116,0.000000],[0.920384,0.025247,0.029830,0.001996,0.022544,0.000000],[0.926308,0.023101,0.031029,0.001997,0.017565,0.000000],[0.920871,0.027284,0.031184,0.002226,0.018435,0.000000],[0.923659,0.026434,0.030103,0.002035,0.017768,0.000000],[0.922522,0.024834,0.031408,0.001641,0.019595,0.000000],[0.929700,0.022128,0.029484,0.001949,0.016738,0.000000],[0.935397,0.019604,0.025535,0.001758,0.017706,0.000000],[1.000000,0.000000,0.000000,0.000000,0.000000,0.000000],[0.860975,0.052231,0.054432,0.005515,0.026847,0.000000],[0.849367,0.056088,0.063852,0.006199,0.024494,0.000000],[0.848893,0.056605,0.066683,0.005557,0.022262,0.000000],[0.072386,0.055099,0.065180,0.006890,0.800444,0.000000],[0.938711,0.018207,0.023802,0.001477,0.017803,0.000000],[1.000000,0.000000,0.000000,0.000000,0.000000,0.000000],[0.937541,0.016580,0.025208,0.001663,0.019008,0.000000],[0.046628,0.021420,0.030138,0.001912,0.899902,0.000000],[0.932164,0.021415,0.029358,0.001561,0.015502,0.000000],[0.929582,0.021700,0.030902,0.001785,0.016032,0.000000],[0.929798,0.024036,0.029735,0.001604,0.014828,0.000000],[0.930620,0.020797,0.031146,0.001561,0.015876,0.000000],[0.932822,0.020204,0.030044,0.001580,0.015348,0.000000],[0.050920,0.021217,0.028458,0.002344,0.897061,0.000000],[0.928903,0.022064,0.029684,0.001759,0.017591,0.000000],[0.932518,0.019461,0.028823,0.001284,0.017914,0.000000],[0.046981,0.017864,0.028307,0.001660,0.905189,0.000000],[0.934011,0.018432,0.030265,0.001826,0.015466,0.000000],[0.934143,0.018866,0.027856,0.001850,0.017286,0.000000],[0.946377,0.014549,0.023362,0.001501,0.014212,0.000000],[1.000000,0.000000,0.000000,0.000000,0.000000,0.000000]],
  [[1.000000,0.000000,0.000000,0.000000,0.000000,0.000000],[0.566973,0.135680,0.230897,0.014495,0.051955,0.000000],[0.364240,0.448271,0.000000,0.028618,0.158870,0.000000],[0.553775,0.358497,0.000000,0.021403,0.066326,0.000000],[0.782857,0.170455,0.000000,0.009626,0.037062,0.000000],[0.891401,0.082238,0.000000,0.003478,0.022883,0.000000],[0.889081,0.081942,0.000000,0.003229,0.025748,0.000000],[0.885455,0.084336,0.000000,0.003744,0.026465,0.000000],[0.058951,0.079849,0.000000,0.003047,0.858153,0.000000],[0.056978,0.080474,0.000000,0.003933,0.858615,0.000000],[0.881678,0.085109,0.000000,0.003567,0.029646,0.000000],[0.783752,0.171255,0.000000,0.010749,0.034244,0.000000],[0.079211,0.168213,0.000000,0.010129,0.742447,0.000000],[0.789811,0.168348,0.000000,0.010262,0.031579,0.000000],[0.781601,0.174157,0.000000,0.009227,0.035015,0.000000],[0.786364,0.172713,0.000000,0.009506,0.031418,0.000000],[0.898096,0.078802,0.000000,0.003145,0.019957,0.000000],[0.924332,0.024181,0.030957,0.002036,0.018495,0.000000],[1.000000,0.000000,0.000000,0.000000,0.000000,0.000000],[0.574014,0.127097,0.232997,0.013850,0.052042,0.000000],[0.582458,0.338701,0.000000,0.017604,0.061236,0.000000],[0.134964,0.250132,0.144578,0.015705,0.454621,0.000000],[0.841630,0.059714,0.066512,0.006129,0.026015,0.000000],[1.000000,0.000000,0.000000,0.000000,0.000000,0.000000],[1.000000,0.000000,0.000000,0.000000,0.000000,0.000000],[0.052639,0.026012,0.033746,0.002312,0.885291,0.000000],[0.895339,0.076723,0.000000,0.003530,0.024408,0.000000],[0.886815,0.085282,0.000000,0.003069,0.024835,0.000000],[0.886215,0.082434,0.000000,0.004218,0.027134,0.000000],[0.896811,0.075121,0.000000,0.003397,0.024671,0.000000],[0.897692,0.075894,0.000000,0.002899,0.023514,0.000000],[0.898658,0.076198,0.000000,0.003531,0.021613,0.000000],[0.897133,0.075639,0.000000,0.002597,0.024631,0.000000],[0.057764,0.073499,0.000000,0.002927,0.865810,0.000000],[0.901185,0.072298,0.000000,0.003263,0.023253,0.000000],[0.903529,0.071823,0.000000,0.002620,0.022027,0.000000],[0.899282,0.073456,0.000000,0.002978,0.024285,0.000000],[0.057066,0.066912,0.000000,0.002996,0.873026,0.000000],[0.936068,0.018080,0.026449,0.001344,0.018058,0.000000],[1.000000,0.000000,0.000000,0.000000,0.000000,0.000000]],
  [[1.000000,0.000000,0.000000,0.000000,0.000000,0.000000],[0.132348,0.152313,0.252754,0.015519,0.447066,0.000000],[0.544448,0.369357,0.000000,0.019770,0.066424,0.000000],[0.149364,0.368814,0.000000,0.020388,0.461434,0.000000],[0.080710,0.168072,0.000000,0.009898,0.741320,0.000000],[0.058827,0.078657,0.000000,0.003998,0.858519,0.000000],[0.771265,0.182239,0.000000,0.011451,0.035045,0.000000],[0.768832,0.181805,0.000000,0.011376,0.037987,0.000000],[0.764123,0.182872,0.000000,0.010337,0.042667,0.000000],[0.764813,0.183774,0.000000,0.011772,0.039641,0.000000],[0.774608,0.178397,0.000000,0.010716,0.036279,0.000000],[0.767110,0.182476,0.000000,0.011666,0.038749,0.000000],[0.531159,0.376858,0.000000,0.020408,0.071574,0.000000],[0.153258,0.372346,0.000000,0.021909,0.452487,0.000000],[0.151462,0.367804,0.000000,0.019715,0.461019,0.000000],[0.084248,0.169312,0.000000,0.009995,0.736446,0.000000],[0.884342,0.085708,0.000000,0.003461,0.026489,0.000000],[0.047231,0.024212,0.030310,0.001790,0.896458,0.000000],[1.000000,0.000000,0.000000,0.000000,0.000000,0.000000],[0.139167,0.142178,0.225117,0.015060,0.478478,0.000000],[0.410883,0.179557,0.207140,0.024768,0.177653,0.000000],[0.132640,0.153664,0.255979,0.014440,0.443277,0.000000],[1.000000,0.000000,0.000000,0.000000,0.000000,0.000000],[1.000000,0.000000,0.000000,0.000000,0.000000,0.000000],[0.827164,0.067589,0.073770,0.006680,0.024797,0.000000],[0.810552,0.092227,0.064433,0.007415,0.025373,0.000000],[0.770304,0.183463,0.000000,0.010627,0.035606,0.000000],[0.770885,0.181887,0.000000,0.010475,0.036753,0.000000],[0.878315,0.089346,0.000000,0.004540,0.027799,0.000000],[0.884569,0.084779,0.000000,0.003872,0.026781,0.000000],[0.883842,0.085263,0.000000,0.003768,0.027128,0.000000],[0.051101,0.074020,0.000000,0.003269,0.871610,0.000000],[0.884828,0.083545,0.000000,0.004086,0.027540,0.000000],[0.891899,0.077561,0.000000,0.003949,0.026592,0.000000],[0.886866,0.081610,0.000000,0.003497,0.028026,0.000000],[0.052439,0.071982,0.000000,0.003594,0.871986,0.000000],[0.891114,0.082716,0.000000,0.003084,0.023085,0.000000],[0.056578,0.072371,0.000000,0.003056,0.867995,0.000000],[0.048639,0.019650,0.028942,0.001809,0.900960,0.000000],[1.000000,0.000000,0.000000,0.000000,0.000000,0.000000]],
  [[1.000000,0.000000,0.000000,0.000000,0.000000,0.000000],[0.833404,0.063125,0.069718,0.006379,0.027374,0.000000],[0.081320,0.169076,0.000000,0.010434,0.739170,0.000000],[0.076638,0.173884,0.000000,0.010249,0.739230,0.000000],[0.764718,0.188397,0.000000,0.010966,0.035918,0.000000],[0.872016,0.094132,0.000000,0.004219,0.029633,0.000000],[0.754816,0.193790,0.000000,0.011174,0.040220,0.000000],[0.526438,0.377763,0.000000,0.022139,0.073660,0.000000],[0.525595,0.382484,0.000000,0.021254,0.070667,0.000000],[0.534593,0.376090,0.000000,0.022901,0.066416,0.000000],[0.759884,0.190318,0.000000,0.012071,0.037727,0.000000],[0.759927,0.190998,0.000000,0.011097,0.037979,0.000000],[0.522857,0.381989,0.000000,0.020412,0.074743,0.000000],[0.343709,0.469353,0.000000,0.029596,0.157342,0.000000],[0.522192,0.385798,0.000000,0.021436,0.070574,0.000000],[0.761023,0.189725,0.000000,0.011088,0.038164,0.000000],[0.878481,0.088595,0.000000,0.004164,0.028760,0.000000],[0.910342,0.031033,0.037378,0.001899,0.019348,0.000000],[1.000000,0.000000,0.000000,0.000000,0.000000,0.000000],[1.000000,0.000000,0.000000,0.000000,0.000000,0.000000],[1.000000,0.000000,0.000000,0.000000,0.000000,0.000000],[1.000000,0.000000,0.000000,0.000000,0.000000,0.000000],[0.066963,0.064772,0.073390,0.007189,0.787687,0.000000],[0.820284,0.072377,0.072707,0.006690,0.027941,0.000000],[0.548287,0.222363,0.155481,0.015727,0.058143,0.000000],[0.536935,0.372098,0.000000,0.020251,0.070716,0.000000],[0.151885,0.377316,0.000000,0.020894,0.449905,0.000000],[0.769666,0.183596,0.000000,0.010912,0.035827,0.000000],[0.055320,0.083877,0.000000,0.004132,0.856670,0.000000],[0.880847,0.090580,0.000000,0.004008,0.024565,0.000000],[0.885627,0.083890,0.000000,0.004593,0.025890,0.000000],[0.054960,0.077122,0.000000,0.003658,0.864260,0.000000],[0.885772,0.084884,0.000000,0.003361,0.025983,0.000000],[0.883028,0.084943,0.000000,0.004166,0.027863,0.000000],[0.886202,0.086134,0.000000,0.003372,0.024292,0.000000],[0.888155,0.083813,0.000000,0.003673,0.024359,0.000000],[0.054750,0.075275,0.000000,0.003111,0.866864,0.000000],[0.900970,0.072475,0.000000,0.003157,0.023398,0.000000],[0.929335,0.022682,0.030141,0.001550,0.016291,0.000000],[1.000000,0.000000,0.000000,0.000000,0.000000,0.000000]],
  [[1.000000,0.000000,0.000000,0.000000,0.000000,0.000000],[0.064145,0.065632,0.071905,0.006752,0.791567,0.000000],[0.079358,0.173980,0.000000,0.010179,0.736483,0.000000],[0.074456,0.176950,0.000000,0.011233,0.737361,0.000000],[0.077909,0.172003,0.000000,0.011012,0.739076,0.000000],[0.055250,0.085326,0.000000,0.004170,0.855253,0.000000],[0.077110,0.177902,0.000000,0.012126,0.732862,0.000000],[0.151575,0.381263,0.000000,0.020879,0.446283,0.000000],[0.348905,0.455890,0.000000,0.030774,0.164432,0.000000],[0.526573,0.382506,0.000000,0.021255,0.069665,0.000000],[0.080007,0.178250,0.000000,0.012806,0.728937,0.000000],[0.751846,0.193599,0.000000,0.011182,0.043374,0.000000],[0.152821,0.353785,0.000000,0.021433,0.471961,0.000000],[0.540726,0.366957,0.000000,0.021491,0.070826,0.000000],[0.150385,0.364169,0.000000,0.021003,0.464443,0.000000],[0.750239,0.194420,0.000000,0.012847,0.042494,0.000000],[0.765256,0.188185,0.000000,0.010697,0.035863,0.000000],[0.800330,0.096540,0.065263,0.007971,0.029897,0.000000],[0.808995,0.071185,0.079189,0.008198,0.032433,0.000000],[1.000000,0.000000,0.000000,0.000000,0.000000,0.000000],[1.000000,0.000000,0.000000,0.000000,0.000000,0.000000],[0.830723,0.061601,0.071061,0.007443,0.029172,0.000000],[0.825020,0.072181,0.071432,0.006973,0.024394,0.000000],[0.079532,0.169972,0.000000,0.011473,0.739023,0.000000],[0.532600,0.378050,0.000000,0.021003,0.068347,0.000000],[0.346719,0.458824,0.000000,0.030045,0.164412,0.000000],[0.524202,0.384535,0.000000,0.021328,0.069935,0.000000],[0.760295,0.187152,0.000000,0.010707,0.041846,0.000000],[0.052601,0.087882,0.000000,0.003581,0.855936,0.000000],[0.868980,0.095964,0.000000,0.004088,0.030969,0.000000],[0.867546,0.095084,0.000000,0.004300,0.033069,0.000000],[0.060661,0.079413,0.000000,0.003964,0.855962,0.000000],[0.873190,0.094173,0.000000,0.003749,0.028888,0.000000],[0.884372,0.088769,0.000000,0.003709,0.023151,0.000000],[0.884752,0.086296,0.000000,0.003736,0.025216,0.000000],[0.883129,0.083189,0.000000,0.003794,0.029888,0.000000],[0.891921,0.080917,0.000000,0.003747,0.023414,0.000000],[0.899255,0.075380,0.000000,0.003040,0.022326,0.000000],[0.925210,0.022287,0.030557,0.001453,0.020494,0.000000],[1.000000,0.000000,0.000000,0.000000,0.000000,0.000000]],
  [[1.000000,0.000000,0.000000,0.000000,0.000000,0.000000],[0.557858,0.136122,0.240012,0.014056,0.051951,0.000000],[0.156150,0.368475,0.000000,0.020655,0.454720,0.000000],[0.148037,0.377949,0.000000,0.020262,0.453751,0.000000],[0.077613,0.174239,0.000000,0.011589,0.736559,0.000000],[0.058260,0.086501,0.000000,0.003605,0.851634,0.000000],[0.076906,0.174695,0.000000,0.011319,0.737080,0.000000],[0.522611,0.384568,0.000000,0.020691,0.072130,0.000000],[0.519017,0.386611,0.000000,0.020844,0.073528,0.000000],[0.520099,0.383767,0.000000,0.021994,0.074140,0.000000],[0.754667,0.197151,0.000000,0.011824,0.036358,0.000000],[0.749474,0.193798,0.000000,0.012694,0.044034,0.000000],[0.742557,0.202924,0.000000,0.012411,0.042109,0.000000],[0.532907,0.374929,0.000000,0.021172,0.070991,0.000000],[0.149785,0.360848,0.000000,0.022205,0.467162,0.000000],[0.530515,0.382194,0.000000,0.018800,0.068491,0.000000],[0.075325,0.176367,0.000000,0.011571,0.736737,0.000000],[0.770080,0.181460,0.000000,0.011614,0.036846,0.000000],[0.547172,0.222080,0.160113,0.015489,0.055146,0.000000],[0.559219,0.157309,0.214029,0.015006,0.054437,0.000000],[0.557819,0.140026,0.234636,0.013752,0.053767,0.000000],[1.000000,0.000000,0.000000,0.000000,0.000000,0.000000],[0.910926,0.031788,0.036810,0.002232,0.018244,0.000000],[0.800744,0.095181,0.068597,0.006427,0.029050,0.000000],[0.535385,0.377198,0.000000,0.020827,0.066590,0.000000],[0.525703,0.379283,0.000000,0.022886,0.072128,0.000000],[0.150764,0.372824,0.000000,0.021018,0.455394,0.000000],[0.756794,0.192157,0.000000,0.012242,0.038807,0.000000],[0.764772,0.187799,0.000000,0.011795,0.035635,0.000000],[0.763866,0.184279,0.000000,0.011845,0.040010,0.000000],[0.073998,0.176004,0.000000,0.011286,0.738711,0.000000],[0.079551,0.176243,0.000000,0.010856,0.733351,0.000000],[0.871314,0.094883,0.000000,0.003533,0.030271,0.000000],[0.877946,0.088123,0.000000,0.003485,0.030446,0.000000],[0.051310,0.077609,0.000000,0.003127,0.867954,0.000000],[0.053412,0.073379,0.000000,0.003712,0.869498,0.000000],[0.053514,0.075197,0.000000,0.002620,0.868670,0.000000],[0.056103,0.076125,0.000000,0.003190,0.864582,0.000000],[0.053075,0.021702,0.030074,0.002128,0.893022,0.000000],[1.000000,0.000000,0.000000,0.000000,0.000000,0.000000]],
  [[1.000000,0.000000,0.000000,0.000000,0.000000,0.000000],[0.557042,0.137718,0.235315,0.015326,0.054599,0.000000],[0.358904,0.453193,0.000000,0.027988,0.159914,0.000000],[0.527047,0.385638,0.000000,0.019543,0.067772,0.000000],[0.764491,0.184354,0.000000,0.011694,0.039462,0.000000],[0.057942,0.085959,0.000000,0.004068,0.852031,0.000000],[0.763654,0.188236,0.000000,0.011924,0.036187,0.000000],[0.757763,0.192470,0.000000,0.011822,0.037945,0.000000],[0.758531,0.190554,0.000000,0.011713,0.039202,0.000000],[0.753824,0.190580,0.000000,0.012406,0.043189,0.000000],[0.748873,0.196114,0.000000,0.013451,0.041563,0.000000],[0.749749,0.197003,0.000000,0.013699,0.039549,0.000000],[0.742385,0.200481,0.000000,0.012512,0.044622,0.000000],[0.546928,0.358393,0.000000,0.020335,0.074343,0.000000],[0.355288,0.443599,0.000000,0.030219,0.170895,0.000000],[0.532690,0.374566,0.000000,0.020765,0.071979,0.000000],[0.083308,0.191678,0.000000,0.012289,0.712725,0.000000],[0.082199,0.189956,0.000000,0.012646,0.715199,0.000000],[0.529408,0.378198,0.000000,0.021070,0.071325,0.000000],[0.354355,0.457330,0.000000,0.029398,0.158918,0.000000],[0.543509,0.228677,0.156122,0.016231,0.055462,0.000000],[0.806742,0.078297,0.077398,0.007579,0.029985,0.000000],[1.000000,0.000000,0.000000,0.000000,0.000000,0.000000],[0.070455,0.080643,0.073242,0.007964,0.767696,0.000000],[0.799153,0.093721,0.068959,0.007280,0.030886,0.000000],[0.799818,0.094052,0.068452,0.007863,0.029815,0.000000],[0.063055,0.093912,0.063353,0.006897,0.772784,0.000000],[0.076431,0.081459,0.071670,0.007790,0.762651,0.000000],[0.137729,0.251320,0.146610,0.016514,0.447827,0.000000],[0.540315,0.228441,0.157272,0.016231,0.057742,0.000000],[0.527133,0.379894,0.000000,0.020659,0.072314,0.000000],[0.763024,0.187734,0.000000,0.011499,0.037744,0.000000],[0.052965,0.084210,0.000000,0.004131,0.858694,0.000000],[0.874496,0.094478,0.000000,0.004114,0.026912,0.000000],[0.874483,0.093555,0.000000,0.004586,0.027375,0.000000],[0.874649,0.094528,0.000000,0.004402,0.026421,0.000000],[0.871019,0.093132,0.000000,0.003702,0.032147,0.000000],[0.889351,0.080984,0.000000,0.004149,0.025517,0.000000],[0.048724,0.021551,0.030517,0.002023,0.897185,0.000000],[1.000000,0.000000,0.000000,0.000000,0.000000,0.000000]],
  [[1.000000,0.000000,0.000000,0.000000,0.000000,0.000000],[0.555332,0.136138,0.242509,0.013605,0.052416,0.000000],[0.150596,0.372286,0.000000,0.019564,0.457554,0.000000],[0.531507,0.377751,0.000000,0.018871,0.071871,0.000000],[0.761042,0.185220,0.000000,0.011278,0.042460,0.000000],[0.866897,0.100603,0.000000,0.004555,0.027944,0.000000],[0.057155,0.082479,0.000000,0.004121,0.856244,0.000000],[0.057761,0.084035,0.000000,0.004202,0.854003,0.000000],[0.868461,0.097479,0.000000,0.004881,0.029178,0.000000],[0.757863,0.189680,0.000000,0.013073,0.039384,0.000000],[0.151146,0.374520,0.000000,0.020724,0.453610,0.000000],[0.520479,0.386259,0.000000,0.021836,0.071426,0.000000],[0.542967,0.364165,0.000000,0.020832,0.072036,0.000000],[0.548209,0.355262,0.000000,0.020687,0.075842,0.000000],[0.419932,0.465357,0.000000,0.025782,0.088929,0.000000],[0.162134,0.447757,0.000000,0.023088,0.367021,0.000000],[0.148965,0.356969,0.000000,0.022435,0.471632,0.000000],[0.748695,0.196347,0.000000,0.013754,0.041204,0.000000],[0.525650,0.381558,0.000000,0.021983,0.070809,0.000000],[0.146982,0.376557,0.000000,0.021965,0.454495,0.000000],[0.532156,0.377431,0.000000,0.019999,0.070415,0.000000],[0.794301,0.098892,0.068198,0.008114,0.030495,0.000000],[0.132775,0.181925,0.224508,0.016283,0.444509,0.000000],[1.000000,0.000000,0.000000,0.000000,0.000000,0.000000],[0.129745,0.154337,0.256665,0.014846,0.444407,0.000000],[0.063920,0.063422,0.067335,0.007524,0.797798,0.000000],[1.000000,0.000000,0.000000,0.000000,0.000000,0.000000],[0.843233,0.057939,0.066253,0.005922,0.026653,0.000000],[1.000000,0.000000,0.000000,0.000000,0.000000,0.000000],[0.385202,0.190345,0.225279,0.027813,0.171360,0.000000],[0.531755,0.376356,0.000000,0.019501,0.072387,0.000000],[0.759820,0.189015,0.000000,0.012232,0.038933,0.000000],[0.073868,0.175575,0.000000,0.011707,0.738849,0.000000],[0.765933,0.185003,0.000000,0.010759,0.038305,0.000000],[0.077418,0.176973,0.000000,0.010990,0.734618,0.000000],[0.077203,0.173622,0.000000,0.009916,0.739259,0.000000],[0.078229,0.170269,0.000000,0.011464,0.740038,0.000000],[0.887306,0.085534,0.000000,0.003999,0.023161,0.000000],[0.053049,0.020450,0.029916,0.001623,0.894963,0.000000],[1.000000,0.000000,0.000000,0.000000,0.000000,0.000000]],
  [[1.000000,0.000000,0.000000,0.000000,0.000000,0.000000],[0.843470,0.059592,0.069370,0.006093,0.021474,0.000000],[0.079921,0.166510,0.000000,0.011302,0.742267,0.000000],[0.080276,0.173777,0.000000,0.010148,0.735799,0.000000],[0.761926,0.184644,0.000000,0.012251,0.041178,0.000000],[0.867685,0.095005,0.000000,0.004050,0.033260,0.000000],[0.054414,0.084492,0.000000,0.004919,0.856176,0.000000],[0.866419,0.097517,0.000000,0.004538,0.031526,0.000000],[0.869829,0.094992,0.000000,0.005192,0.029987,0.000000],[0.763202,0.187239,0.000000,0.010573,0.038985,0.000000],[0.524841,0.383150,0.000000,0.020195,0.071815,0.000000],[0.354993,0.450892,0.000000,0.029668,0.164448,0.000000],[0.566054,0.345244,0.000000,0.020481,0.068222,0.000000],[0.749340,0.191140,0.000000,0.013769,0.045750,0.000000],[0.545832,0.361479,0.000000,0.019008,0.073681,0.000000],[0.363513,0.446077,0.000000,0.029704,0.160706,0.000000],[0.153276,0.357661,0.000000,0.021502,0.467561,0.000000],[0.755840,0.189709,0.000000,0.010922,0.043529,0.000000],[0.759131,0.188514,0.000000,0.012733,0.039622,0.000000],[0.762772,0.187622,0.000000,0.010424,0.039182,0.000000],[0.075510,0.174241,0.000000,0.011619,0.738630,0.000000],[0.754654,0.192297,0.000000,0.012114,0.040936,0.000000],[0.535137,0.231328,0.161336,0.017399,0.054800,0.000000],[0.386615,0.232125,0.173499,0.028861,0.178900,0.000000],[1.000000,0.000000,0.000000,0.000000,0.000000,0.000000],[1.000000,0.000000,0.000000,0.000000,0.000000,0.000000],[1.000000,0.000000,0.000000,0.000000,0.000000,0.000000],[1.000000,0.000000,0.000000,0.000000,0.000000,0.000000],[1.000000,0.000000,0.000000,0.000000,0.000000,0.000000],[0.133511,0.151964,0.245943,0.015041,0.453542,0.000000],[0.136446,0.252901,0.145090,0.017159,0.448404,0.000000],[0.765213,0.188367,0.000000,0.010867,0.035553,0.000000],[0.756742,0.191636,0.000000,0.013257,0.038365,0.000000],[0.146312,0.376754,0.000000,0.022993,0.453941,0.000000],[0.149310,0.372551,0.000000,0.020900,0.457240,0.000000],[0.150113,0.369270,0.000000,0.020247,0.460371,0.000000],[0.767974,0.181893,0.000000,0.011751,0.038382,0.000000],[0.884225,0.087274,0.000000,0.003790,0.024711,0.000000],[0.927246,0.022760,0.031139,0.001897,0.016957,0.000000],[1.000000,0.000000,0.000000,0.000000,0.000000,0.000000]],
  [[1.000000,0.000000,0.000000,0.000000,0.000000,0.000000],[0.922405,0.025673,0.032379,0.001865,0.017677,0.000000],[0.888017,0.082907,0.000000,0.002905,0.026171,0.000000],[0.875226,0.092483,0.000000,0.004473,0.027817,0.000000],[0.871349,0.094711,0.000000,0.005190,0.028750,0.000000],[0.871028,0.094057,0.000000,0.004413,0.030502,0.000000],[0.866689,0.099749,0.000000,0.003964,0.029599,0.000000],[0.752568,0.193973,0.000000,0.011975,0.041483,0.000000],[0.764130,0.190226,0.000000,0.012071,0.033572,0.000000],[0.087277,0.168596,0.000000,0.010349,0.733778,0.000000],[0.159876,0.306961,0.000000,0.018845,0.514318,0.000000],[0.640034,0.276939,0.000000,0.016594,0.066432,0.000000],[0.631265,0.281551,0.000000,0.015263,0.071921,0.000000],[0.795475,0.154921,0.000000,0.010332,0.039271,0.000000],[0.152721,0.349590,0.000000,0.019684,0.478006,0.000000],[0.532440,0.378370,0.000000,0.020686,0.068504,0.000000],[0.521735,0.386825,0.000000,0.021687,0.069753,0.000000],[0.763678,0.189649,0.000000,0.012094,0.034579,0.000000],[0.867802,0.097321,0.000000,0.004363,0.030513,0.000000],[0.059279,0.085098,0.000000,0.003494,0.852129,0.000000],[0.053508,0.084331,0.000000,0.004380,0.857781,0.000000],[0.763467,0.190519,0.000000,0.010861,0.035154,0.000000],[0.529059,0.379178,0.000000,0.021345,0.070419,0.000000],[0.133663,0.256666,0.147061,0.017817,0.444793,0.000000],[0.545765,0.163037,0.222494,0.016065,0.052640,0.000000],[0.067396,0.064129,0.070680,0.007795,0.790000,0.000000],[0.830478,0.063143,0.071415,0.006558,0.028407,0.000000],[0.072135,0.067323,0.070560,0.006797,0.783185,0.000000],[1.000000,0.000000,0.000000,0.000000,0.000000,0.000000],[1.000000,0.000000,0.000000,0.000000,0.000000,0.000000],[0.809771,0.078460,0.076242,0.007006,0.028521,0.000000],[0.802440,0.094972,0.067777,0.007455,0.027356,0.000000],[0.762100,0.188512,0.000000,0.012159,0.037229,0.000000],[0.521312,0.386738,0.000000,0.020942,0.071007,0.000000],[0.345504,0.466851,0.000000,0.029046,0.158599,0.000000],[0.522688,0.380567,0.000000,0.021589,0.075156,0.000000],[0.765788,0.185435,0.000000,0.010850,0.037926,0.000000],[0.064076,0.080549,0.000000,0.003870,0.851505,0.000000],[0.926457,0.023193,0.029614,0.002324,0.018413,0.000000],[1.000000,0.000000,0.000000,0.000000,0.000000,0.000000]],
  [[1.000000,0.000000,0.000000,0.000000,0.000000,0.000000],[0.931015,0.020336,0.029840,0.001957,0.016852,0.000000],[0.895091,0.073763,0.000000,0.003314,0.027832,0.000000],[0.056535,0.077039,0.000000,0.003587,0.862839,0.000000],[0.872966,0.092147,0.000000,0.003890,0.030997,0.000000],[0.760829,0.189536,0.000000,0.012093,0.037542,0.000000],[0.075545,0.177531,0.000000,0.011245,0.735679,0.000000],[0.750885,0.195469,0.000000,0.011601,0.042046,0.000000],[0.551861,0.360018,0.000000,0.019011,0.069110,0.000000],[0.604470,0.302380,0.000000,0.019758,0.073392,0.000000],[0.000000,0.000000,0.000000,0.000000,0.000000,1.000000],[0.000000,0.000000,0.000000,0.000000,0.000000,1.000000],[0.000000,0.000000,0.000000,0.000000,0.000000,1.000000],[0.000000,0.000000,0.000000,0.000000,0.000000,1.000000],[0.829413,0.130607,0.000000,0.008834,0.031146,0.000000],[0.079446,0.156135,0.000000,0.009801,0.754618,0.000000],[0.077642,0.160279,0.000000,0.009841,0.752237,0.000000],[0.773655,0.179185,0.000000,0.010007,0.037152,0.000000],[0.874395,0.091860,0.000000,0.004774,0.028971,0.000000],[0.875827,0.089081,0.000000,0.004255,0.030837,0.000000],[0.057914,0.082080,0.000000,0.003622,0.856384,0.000000],[0.078269,0.174784,0.000000,0.011763,0.735184,0.000000],[0.077442,0.174025,0.000000,0.010431,0.738102,0.000000],[0.766484,0.184900,0.000000,0.011276,0.037340,0.000000],[0.776253,0.179640,0.000000,0.010098,0.034008,0.000000],[0.775021,0.176857,0.000000,0.009523,0.038600,0.000000],[0.784181,0.170272,0.000000,0.011407,0.034139,0.000000],[0.551279,0.224796,0.149371,0.015719,0.058834,0.000000],[0.536941,0.162926,0.231924,0.014797,0.053413,0.000000],[0.127698,0.153818,0.258903,0.015578,0.444003,0.000000],[1.000000,0.000000,0.000000,0.000000,0.000000,0.000000],[0.903327,0.032735,0.040812,0.002484,0.020643,0.000000],[0.063039,0.099703,0.060960,0.007149,0.769148,0.000000],[0.522434,0.385672,0.000000,0.022263,0.069631,0.000000],[0.520258,0.387519,0.000000,0.022845,0.069378,0.000000],[0.151908,0.374892,0.000000,0.021348,0.451852,0.000000],[0.761485,0.190718,0.000000,0.012387,0.035410,0.000000],[0.886284,0.085306,0.000000,0.003683,0.024727,0.000000],[0.931122,0.020613,0.029431,0.001847,0.016986,0.000000],[1.000000,0.000000,0.000000,0.000000,0.000000,0.000000]],
  [[1.000000,0.000000,0.000000,0.000000,0.000000,0.000000],[0.051000,0.020824,0.028102,0.001621,0.898453,0.000000],[0.055981,0.074907,0.000000,0.002776,0.866336,0.000000],[0.882786,0.084499,0.000000,0.003610,0.029104,0.000000],[0.056147,0.083282,0.000000,0.004447,0.856124,0.000000],[0.762524,0.188333,0.000000,0.010866,0.038277,0.000000],[0.525396,0.379659,0.000000,0.023065,0.071881,0.000000],[0.541069,0.364508,0.000000,0.019832,0.074591,0.000000],[0.167651,0.438894,0.000000,0.022619,0.370836,0.000000],[0.404576,0.395483,0.000000,0.027248,0.172693,0.000000],[0.000000,0.000000,0.000000,0.000000,0.000000,1.000000],[0.837975,0.122091,0.000000,0.007608,0.032326,0.000000],[0.909755,0.063845,0.000000,0.002029,0.024371,0.000000],[0.000000,0.000000,0.000000,0.000000,0.000000,1.000000],[0.062342,0.051718,0.000000,0.002104,0.883836,0.000000],[0.000000,0.000000,0.000000,0.000000,0.000000,1.000000],[0.899915,0.072449,0.000000,0.002691,0.024945,0.000000],[0.886506,0.078577,0.000000,0.003307,0.031610,0.000000],[0.878086,0.092820,0.000000,0.003681,0.025413,0.000000],[0.879805,0.087806,0.000000,0.003593,0.028796,0.000000],[0.869425,0.095249,0.000000,0.003905,0.031421,0.000000],[0.869018,0.096606,0.000000,0.004570,0.029806,0.000000],[0.873621,0.091739,0.000000,0.004836,0.029804,0.000000],[0.871129,0.096286,0.000000,0.004200,0.028385,0.000000],[0.056054,0.083568,0.000000,0.003737,0.856641,0.000000],[0.055800,0.085037,0.000000,0.003888,0.855274,0.000000],[0.762357,0.187545,0.000000,0.011696,0.038403,0.000000],[0.532324,0.378290,0.000000,0.020602,0.068784,0.000000],[0.347745,0.464776,0.000000,0.028733,0.158746,0.000000],[0.127793,0.256031,0.152403,0.016854,0.446918,0.000000],[0.058495,0.076495,0.070983,0.008188,0.785839,0.000000],[1.000000,0.000000,0.000000,0.000000,0.000000,0.000000],[0.063374,0.106586,0.058508,0.008038,0.763493,0.000000],[0.752924,0.194411,0.000000,0.012443,0.040222,0.000000],[0.085251,0.190280,0.000000,0.011996,0.712473,0.000000],[0.082482,0.187746,0.000000,0.011921,0.717851,0.000000],[0.755268,0.191628,0.000000,0.011894,0.041211,0.000000],[0.886047,0.084414,0.000000,0.004156,0.025383,0.000000],[0.926288,0.022813,0.031318,0.001861,0.017720,0.000000],[1.000000,0.000000,0.000000,0.000000,0.000000,0.000000]],
  [[1.000000,0.000000,0.000000,0.000000,0.000000,0.000000],[0.928710,0.021872,0.030501,0.001441,0.017477,0.000000],[0.051621,0.071564,0.000000,0.003011,0.873804,0.000000],[0.892026,0.080847,0.000000,0.003776,0.023351,0.000000],[0.060015,0.084919,0.000000,0.003924,0.851143,0.000000],[0.770455,0.180577,0.000000,0.011182,0.037786,0.000000],[0.531162,0.374789,0.000000,0.021819,0.072230,0.000000],[0.362280,0.439818,0.000000,0.030209,0.167693,0.000000],[0.438377,0.451211,0.000000,0.024150,0.086262,0.000000],[0.578514,0.332054,0.000000,0.018520,0.070911,0.000000],[0.568913,0.341357,0.000000,0.020537,0.069192,0.000000],[0.799022,0.158800,0.000000,0.009245,0.032932,0.000000],[0.065072,0.070621,0.000000,0.003281,0.861026,0.000000],[0.911443,0.065298,0.000000,0.002378,0.020882,0.000000],[0.000000,0.000000,0.000000,0.000000,0.000000,1.000000],[0.000000,0.000000,0.000000,0.000000,0.000000,1.000000],[0.000000,0.000000,0.000000,0.000000,0.000000,1.000000],[0.898366,0.072801,0.000000,0.003550,0.025283,0.000000],[0.056192,0.076636,0.000000,0.002414,0.864759,0.000000],[0.880786,0.086613,0.000000,0.003551,0.029050,0.000000],[0.876944,0.089442,0.000000,0.003823,0.029792,0.000000],[0.881246,0.089498,0.000000,0.004520,0.024736,0.000000],[0.882646,0.087786,0.000000,0.004729,0.024840,0.000000],[0.053486,0.077781,0.000000,0.004162,0.864570,0.000000],[0.875990,0.092494,0.000000,0.005058,0.026458,0.000000],[0.756789,0.190100,0.000000,0.010946,0.042165,0.000000],[0.750713,0.195849,0.000000,0.012656,0.040782,0.000000],[0.538423,0.371319,0.000000,0.021175,0.069083,0.000000],[0.539159,0.366255,0.000000,0.021070,0.073516,0.000000],[0.151257,0.361292,0.000000,0.020702,0.466749,0.000000],[0.793369,0.098245,0.072254,0.006891,0.029241,0.000000],[0.893887,0.040369,0.041804,0.002532,0.021408,0.000000],[0.791047,0.101496,0.071392,0.007566,0.028499,0.000000],[0.150220,0.374626,0.000000,0.021131,0.454023,0.000000],[0.522678,0.384234,0.000000,0.021515,0.071572,0.000000],[0.148946,0.371716,0.000000,0.020448,0.458890,0.000000],[0.762720,0.181347,0.000000,0.012615,0.043318,0.000000],[0.884230,0.084625,0.000000,0.003397,0.027749,0.000000],[0.924817,0.023963,0.030464,0.001715,0.019042,0.000000],[1.000000,0.000000,0.000000,0.000000,0.000000,0.000000]],
  [[1.000000,0.000000,0.000000,0.000000,0.000000,0.000000],[0.934132,0.019054,0.027416,0.001531,0.017867,0.000000],[0.905415,0.071263,0.000000,0.002598,0.020725,0.000000],[0.893587,0.077196,0.000000,0.003187,0.026030,0.000000],[0.885773,0.083363,0.000000,0.003638,0.027226,0.000000],[0.792729,0.162819,0.000000,0.009828,0.034624,0.000000],[0.571555,0.335351,0.000000,0.019287,0.073807,0.000000],[0.156227,0.332883,0.000000,0.019209,0.491681,0.000000],[0.548848,0.354270,0.000000,0.021545,0.075336,0.000000],[0.755581,0.189372,0.000000,0.012355,0.042691,0.000000],[0.763452,0.186757,0.000000,0.012722,0.037069,0.000000],[0.777346,0.175575,0.000000,0.010727,0.036353,0.000000],[0.880755,0.087693,0.000000,0.003905,0.027647,0.000000],[0.894833,0.077334,0.000000,0.002874,0.024959,0.000000],[0.905287,0.069147,0.000000,0.003175,0.022391,0.000000],[0.000000,0.000000,0.000000,0.000000,0.000000,1.000000],[0.055581,0.064573,0.000000,0.002801,0.877046,0.000000],[0.890474,0.081714,0.000000,0.003779,0.024032,0.000000],[0.055612,0.081735,0.000000,0.003869,0.858784,0.000000],[0.870456,0.095971,0.000000,0.004158,0.029415,0.000000],[0.869864,0.094807,0.000000,0.004019,0.031309,0.000000],[0.868042,0.097098,0.000000,0.004738,0.030123,0.000000],[0.878834,0.090487,0.000000,0.003863,0.026817,0.000000],[0.882462,0.089568,0.000000,0.003893,0.024077,0.000000],[0.056776,0.086327,0.000000,0.004861,0.852036,0.000000],[0.754376,0.196639,0.000000,0.010885,0.038100,0.000000],[0.540992,0.365559,0.000000,0.021245,0.072204,0.000000],[0.533994,0.372135,0.000000,0.022575,0.071295,0.000000],[0.537686,0.368716,0.000000,0.021493,0.072105,0.000000],[0.754407,0.195876,0.000000,0.012224,0.037494,0.000000],[0.759216,0.190098,0.000000,0.011809,0.038877,0.000000],[0.865193,0.100154,0.000000,0.004816,0.029836,0.000000],[0.076373,0.176649,0.000000,0.010364,0.736615,0.000000],[0.525699,0.378077,0.000000,0.022081,0.074144,0.000000],[0.347116,0.460286,0.000000,0.030868,0.161731,0.000000],[0.524532,0.385548,0.000000,0.020175,0.069745,0.000000],[0.761693,0.185455,0.000000,0.011110,0.041742,0.000000],[0.883992,0.084620,0.000000,0.003903,0.027485,0.000000],[0.927782,0.022295,0.029274,0.001706,0.018943,0.000000],[1.000000,0.000000,0.000000,0.000000,0.000000,0.000000]],
  [[1.000000,0.000000,0.000000,0.000000,0.000000,0.000000],[0.052126,0.019189,0.027410,0.001702,0.899573,0.000000],[0.906325,0.069777,0.000000,0.002487,0.021411,0.000000],[0.902000,0.074268,0.000000,0.002702,0.021031,0.000000],[0.899079,0.071567,0.000000,0.002880,0.026474,0.000000],[0.840964,0.120314,0.000000,0.006988,0.031734,0.000000],[0.000000,0.000000,0.000000,0.000000,0.000000,1.000000],[0.804019,0.152851,0.000000,0.007913,0.035217,0.000000],[0.765988,0.184574,0.000000,0.012135,0.037304,0.000000],[0.074366,0.172013,0.000000,0.012189,0.741432,0.000000],[0.054647,0.086212,0.000000,0.004715,0.854426,0.000000],[0.758462,0.191553,0.000000,0.012825,0.037160,0.000000],[0.769186,0.180374,0.000000,0.011752,0.038688,0.000000],[0.083693,0.174482,0.000000,0.010595,0.731230,0.000000],[0.791018,0.162422,0.000000,0.009897,0.036663,0.000000],[0.797377,0.158274,0.000000,0.010934,0.033415,0.000000],[0.792844,0.158150,0.000000,0.009664,0.039343,0.000000],[0.779340,0.173426,0.000000,0.010288,0.036947,0.000000],[0.074174,0.173486,0.000000,0.011402,0.740937,0.000000],[0.075484,0.174365,0.000000,0.011196,0.738955,0.000000],[0.764721,0.186249,0.000000,0.010141,0.038890,0.000000],[0.873415,0.092676,0.000000,0.004192,0.029717,0.000000],[0.878153,0.089513,0.000000,0.003895,0.028439,0.000000],[0.880340,0.090958,0.000000,0.003422,0.025279,0.000000],[0.870777,0.096181,0.000000,0.004167,0.028875,0.000000],[0.759115,0.195720,0.000000,0.011338,0.033827,0.000000],[0.520738,0.383150,0.000000,0.023069,0.073043,0.000000],[0.339313,0.466662,0.000000,0.029601,0.164424,0.000000],[0.522192,0.386036,0.000000,0.020115,0.071657,0.000000],[0.758487,0.186693,0.000000,0.012694,0.042126,0.000000],[0.864654,0.096831,0.000000,0.004243,0.034271,0.000000],[0.058409,0.085250,0.000000,0.004315,0.852026,0.000000],[0.762474,0.187511,0.000000,0.010916,0.039098,0.000000],[0.151952,0.367254,0.000000,0.020325,0.460470,0.000000],[0.148752,0.374042,0.000000,0.019485,0.457720,0.000000],[0.529244,0.378860,0.000000,0.020836,0.071060,0.000000],[0.766925,0.183096,0.000000,0.010785,0.039194,0.000000],[0.888176,0.082295,0.000000,0.003928,0.025602,0.000000],[0.929290,0.022594,0.028783,0.001884,0.017449,0.000000],[1.000000,0.000000,0.000000,0.000000,0.000000,0.000000]],
  [[1.000000,0.000000,0.000000,0.000000,0.000000,0.000000],[0.933810,0.019762,0.028539,0.001860,0.016029,0.000000],[0.908336,0.067783,0.000000,0.002798,0.021082,0.000000],[0.903812,0.068907,0.000000,0.002637,0.024645,0.000000],[0.000000,0.000000,0.000000,0.000000,0.000000,1.000000],[0.000000,0.000000,0.000000,0.000000,0.000000,1.000000],[0.000000,0.000000,0.000000,0.000000,0.000000,1.000000],[0.810179,0.144000,0.000000,0.008992,0.036828,0.000000],[0.767617,0.184145,0.000000,0.010675,0.037563,0.000000],[0.758083,0.188956,0.000000,0.012880,0.040081,0.000000],[0.754776,0.190940,0.000000,0.011014,0.043270,0.000000],[0.080449,0.187875,0.000000,0.013676,0.717999,0.000000],[0.523282,0.384636,0.000000,0.021352,0.070730,0.000000],[0.532845,0.378154,0.000000,0.019437,0.069565,0.000000],[0.536644,0.375314,0.000000,0.018941,0.069101,0.000000],[0.770381,0.181735,0.000000,0.012781,0.035103,0.000000],[0.768331,0.178189,0.000000,0.012426,0.041054,0.000000],[0.527830,0.380688,0.000000,0.018684,0.072798,0.000000],[0.525755,0.382417,0.000000,0.020353,0.071475,0.000000],[0.149450,0.373573,0.000000,0.021612,0.455365,0.000000],[0.760106,0.190076,0.000000,0.011297,0.038521,0.000000],[0.874205,0.092714,0.000000,0.003893,0.029189,0.000000],[0.055186,0.074884,0.000000,0.003223,0.866707,0.000000],[0.881925,0.087909,0.000000,0.003193,0.026974,0.000000],[0.058975,0.083855,0.000000,0.004275,0.852896,0.000000],[0.761405,0.186891,0.000000,0.012506,0.039198,0.000000],[0.154431,0.369897,0.000000,0.020341,0.455332,0.000000],[0.522618,0.381437,0.000000,0.023219,0.072726,0.000000],[0.523848,0.382219,0.000000,0.021156,0.072777,0.000000],[0.758136,0.190950,0.000000,0.011525,0.039389,0.000000],[0.055775,0.087613,0.000000,0.003828,0.852785,0.000000],[0.869501,0.097388,0.000000,0.004796,0.028315,0.000000],[0.077031,0.174897,0.000000,0.010767,0.737305,0.000000],[0.078169,0.174785,0.000000,0.010696,0.736350,0.000000],[0.761384,0.188252,0.000000,0.011000,0.039364,0.000000],[0.764413,0.189298,0.000000,0.010559,0.035730,0.000000],[0.768651,0.183067,0.000000,0.011143,0.037139,0.000000],[0.885018,0.084936,0.000000,0.004050,0.025996,0.000000],[0.928019,0.020505,0.031429,0.001496,0.018551,0.000000],[1.000000,0.000000,0.000000,0.000000,0.000000,0.000000]],
