[
  [[1.000000,0.000000,0.000000,0.000000,0.000000,0.000000],[1.000000,0.000000,0.000000,0.000000,0.000000,0.000000],[1.000000,0.000000,0.000000,0.000000,0.000000,0.000000],[1.000000,0.000000,0.000000,0.000000,0.000000,0.000000],[1.000000,0.000000,0.000000,0.000000,0.000000,0.000000],[1.000000,0.000000,0.000000,0.000000,0.000000,0.000000],[1.000000,0.000000,0.000000,0.000000,0.000000,0.000000],[1.000000,0.000000,0.000000,0.000000,0.000000,0.000000],[1.000000,0.000000,0.000000,0.000000,0.000000,0.000000],[1.000000,0.000000,0.000000,0.000000,0.000000,0.000000],[1.000000,0.000000,0.000000,0.000000,0.000000,0.000000],[1.000000,0.000000,0.000000,0.000000,0.000000,0.000000],[1.000000,0.000000,0.000000,0.000000,0.000000,0.000000],[1.000000,0.000000,0.000000,0.000000,0.000000,0.000000],[1.000000,0.000000,0.000000,0.000000,0.000000,0.000000],[1.000000,0.000000,0.000000,0.000000,0.000000,0.000000],[1.000000,0.000000,0.000000,0.000000,0.000000,0.000000],[1.000000,0.000000,0.000000,0.000000,0.000000,0.000000],[1.000000,0.000000,0.000000,0.000000,0.000000,0.000000],[1.000000,0.000000,0.000000,0.000000,0.000000,0.000000],[1.000000,0.000000,0.000000,0.000000,0.000000,0.000000],[1.000000,0.000000,0.000000,0.000000,0.000000,0.000000],[1.000000,0.000000,0.000000,0.000000,0.000000,0.000000],[1.000000,0.000000,0.000000,0.000000,0.000000,0.000000],[1.000000,0.000000,0.000000,0.000000,0.000000,0.000000],[1.000000,0.000000,0.000000,0.000000,0.000000,0.000000],[1.000000,0.000000,0.000000,0.000000,0.000000,0.000000],[1.000000,0.000000,0.000000,0.000000,0.000000,0.000000],[1.000000,0.000000,0.000000,0.000000,0.000000,0.000000],[1.000000,0.000000,0.000000,0.000000,0.000000,0.000000],[1.000000,0.000000,0.000000,0.000000,0.000000,0.000000],[1.000000,0.000000,0.000000,0.000000,0.000000,0.000000],[1.000000,0.000000,0.000000,0.000000,0.000000,0.000000],[1.000000,0.000000,0.000000,0.000000,0.000000,0.000000],[1.000000,0.000000,0.000000,0.000000,0.000000,0.000000],[1.000000,0.000000,0.000000,0.000000,0.000000,0.000000],[1.000000,0.000000,0.000000,0.000000,0.000000,0.000000],[1.000000,0.000000,0.000000,0.000000,0.000000,0.000000],[1.000000,0.000000,0.000000,0.000000,0.000000,0.000000],[1.000000,0.000000,0.000000,0.000000,0.000000,0.000000]],
  [[1.000000,0.000000,0.000000,0.000000,0.000000,0.000000],[0.893677,0.040876,0.043643,0.003738,0.018066,0.000000],[0.582399,0.135335,0.223679,0.011977,0.046610,0.000000],[0.534122,0.130734,0.248700,0.006263,0.080181,0.000000],[0.608319,0.111117,0.229329,0.006403,0.044832,0.000000],[0.822487,0.118348,0.045652,0.002686,0.010827,0.000000],[0.971229,0.009688,0.011683,0.000735,0.006665,0.000000],[0.970008,0.009081,0.011855,0.000800,0.008256,0.000000],[0.971377,0.008927,0.011873,0.000735,0.007088,0.000000],[0.971819,0.008682,0.011927,0.000813,0.006760,0.000000],[0.028641,0.029134,0.027712,0.002806,0.911707,0.000000],[0.839288,0.099508,0.047600,0.002475,0.011128,0.000000],[0.671707,0.082683,0.231795,0.002505,0.011309,0.000000],[0.027163,0.100777,0.026767,0.002726,0.842567,0.000000],[0.933238,0.025822,0.028058,0.002742,0.010139,0.000000],[0.018986,0.009155,0.011338,0.000681,0.959840,0.000000],[0.973880,0.008015,0.010972,0.000791,0.006342,0.000000],[0.019102,0.007512,0.011037,0.000577,0.961773,0.000000],[0.951552,0.014422,0.020546,0.001207,0.012273,0.000000],[0.953601,0.013938,0.019042,0.001011,0.012407,0.000000],[0.952268,0.015098,0.019690,0.001276,0.011667,0.000000],[0.030441,0.012528,0.018692,0.001133,0.937205,0.000000],[0.952114,0.014201,0.019962,0.000983,0.012740,0.000000],[0.955135,0.013730,0.020354,0.001269,0.009512,0.000000],[0.032895,0.013013,0.020645,0.001049,0.932398,0.000000],[0.951991,0.013900,0.020778,0.000961,0.012370,0.000000],[0.954084,0.014629,0.019250,0.000982,0.011055,0.000000],[0.955289,0.014149,0.018603,0.001027,0.010932,0.000000],[0.031148,0.013450,0.020079,0.001212,0.934111,0.000000],[0.951265,0.015133,0.020461,0.001160,0.011980,0.000000],[0.035398,0.017368,0.021213,0.001329,0.924692,0.000000],[0.873953,0.050907,0.051741,0.004789,0.018609,0.000000],[0.581700,0.140147,0.216900,0.012064,0.049189,0.000000],[0.579675,0.136517,0.219477,0.012569,0.051762,0.000000],[0.586063,0.138099,0.214296,0.012172,0.049370,0.000000],[0.876504,0.049145,0.051231,0.004761,0.018360,0.000000],[0.948177,0.016890,0.021281,0.001366,0.012287,0.000000],[0.958248,0.012136,0.016958,0.001121,0.011536,0.000000],[0.963327,0.009144,0.015296,0.001079,0.011154,0.000000],[1.000000,0.000000,0.000000,0.000000,0.000000,0.000000]],
  [[1.000000,0.000000,0.000000,0.000000,0.000000,0.000000],[0.878506,0.048451,0.050585,0.003922,0.018536,0.000000],[0.149289,0.364244,0.000000,0.018869,0.467599,0.000000],[0.385767,0.435389,0.000000,0.014125,0.164719,0.000000],[0.512159,0.442010,0.000000,0.009643,0.036187,0.000000],[0.685738,0.294761,0.000000,0.004248,0.015253,0.000000],[0.817274,0.145835,0.000000,0.021946,0.014945,0.000000],[0.034101,0.072037,0.000000,0.004551,0.889311,0.000000],[0.908785,0.073129,0.000000,0.003831,0.014255,0.000000],[0.030243,0.072461,0.000000,0.004457,0.892839,0.000000],[0.793777,0.186459,0.000000,0.004848,0.014916,0.000000],[0.079500,0.497639,0.000000,0.010301,0.412560,0.000000],[0.459922,0.477136,0.000000,0.009842,0.053100,0.000000],[0.618128,0.319812,0.000000,0.010025,0.052035,0.000000],[0.908635,0.073588,0.000000,0.003909,0.013867,0.000000],[0.022358,0.030583,0.000000,0.001431,0.945629,0.000000],[0.919975,0.050537,0.000000,0.019306,0.010182,0.000000],[0.024462,0.031352,0.000000,0.001272,0.942914,0.000000],[0.924088,0.056298,0.000000,0.002655,0.016960,0.000000],[0.925936,0.054331,0.000000,0.002412,0.017321,0.000000],[0.037222,0.049244,0.000000,0.002507,0.911027,0.000000],[0.929705,0.051678,0.000000,0.002215,0.016402,0.000000],[0.932593,0.049436,0.000000,0.001736,0.016235,0.000000],[0.037661,0.051711,0.000000,0.002301,0.908328,0.000000],[0.930683,0.050007,0.000000,0.002278,0.017032,0.000000],[0.038093,0.049143,0.000000,0.002177,0.910588,0.000000],[0.932128,0.049367,0.000000,0.002160,0.016345,0.000000],[0.931083,0.050063,0.000000,0.001899,0.016955,0.000000],[0.038347,0.049823,0.000000,0.002105,0.909725,0.000000],[0.038352,0.051117,0.000000,0.001901,0.908630,0.000000],[0.925310,0.056203,0.000000,0.002608,0.015879,0.000000],[0.831195,0.133995,0.000000,0.007340,0.027470,0.000000],[0.569337,0.351100,0.000000,0.017967,0.061596,0.000000],[0.364567,0.449701,0.000000,0.026094,0.159638,0.000000],[0.570875,0.349064,0.000000,0.017516,0.062544,0.000000],[0.834586,0.132184,0.000000,0.006963,0.026267,0.000000],[0.924825,0.054025,0.000000,0.002488,0.018662,0.000000],[0.940736,0.044017,0.000000,0.001819,0.013428,0.000000],[0.958580,0.012311,0.016706,0.001160,0.011242,0.000000],[1.000000,0.000000,0.000000,0.000000,0.000000,0.000000]],
  [[1.000000,0.000000,0.000000,0.000000,0.000000,0.000000],[0.859799,0.055626,0.057680,0.005217,0.021678,0.000000],[0.144284,0.343120,0.000000,0.019001,0.493595,0.000000],[0.153602,0.456912,0.000000,0.028341,0.361145,0.000000],[0.436452,0.506417,0.000000,0.011960,0.045171,0.000000],[0.138661,0.422156,0.000000,0.010206,0.428977,0.000000],[0.597500,0.321988,0.000000,0.028010,0.052503,0.000000],[0.030941,0.093389,0.000000,0.004715,0.870955,0.000000],[0.903985,0.075613,0.000000,0.004474,0.015928,0.000000],[0.074303,0.257578,0.000000,0.027966,0.640153,0.000000],[0.097063,0.464445,0.000000,0.009827,0.428665,0.000000],[0.144668,0.490347,0.000000,0.011656,0.353328,0.000000],[0.420323,0.441535,0.000000,0.014356,0.123786,0.000000],[0.604777,0.275442,0.000000,0.028246,0.091534,0.000000],[0.895188,0.083004,0.000000,0.005277,0.016531,0.000000],[0.828186,0.151678,0.000000,0.004701,0.015435,0.000000],[0.756428,0.187987,0.000000,0.022806,0.032779,0.000000],[0.814032,0.148204,0.000000,0.004987,0.032777,0.000000],[0.054247,0.134190,0.000000,0.008374,0.803190,0.000000],[0.914355,0.062761,0.000000,0.002698,0.020186,0.000000],[0.916683,0.062931,0.000000,0.002870,0.017517,0.000000],[0.916208,0.060265,0.000000,0.003147,0.020379,0.000000],[0.914034,0.063136,0.000000,0.002798,0.020031,0.000000],[0.916403,0.061016,0.000000,0.002644,0.019938,0.000000],[0.037782,0.057836,0.000000,0.002726,0.901656,0.000000],[0.040392,0.056953,0.000000,0.002843,0.899812,0.000000],[0.923813,0.056200,0.000000,0.002130,0.017857,0.000000],[0.037813,0.049548,0.000000,0.002532,0.910108,0.000000],[0.921349,0.056444,0.000000,0.002730,0.019477,0.000000],[0.920790,0.056738,0.000000,0.002875,0.019597,0.000000],[0.913027,0.062241,0.000000,0.002796,0.021936,0.000000],[0.824486,0.140354,0.000000,0.008462,0.026699,0.000000],[0.147246,0.375185,0.000000,0.017814,0.459756,0.000000],[0.549787,0.366033,0.000000,0.019052,0.065128,0.000000],[0.559993,0.357323,0.000000,0.017749,0.064935,0.000000],[0.823529,0.138211,0.000000,0.007841,0.030419,0.000000],[0.923338,0.055496,0.000000,0.002659,0.018507,0.000000],[0.936447,0.046458,0.000000,0.002154,0.014941,0.000000],[0.958863,0.012575,0.018603,0.000907,0.009052,0.000000],[1.000000,0.000000,0.000000,0.000000,0.000000,0.000000]],
  [[1.000000,0.000000,0.000000,0.000000,0.000000,0.000000],[0.046195,0.049581,0.048706,0.005312,0.850205,0.000000],[0.592086,0.339972,0.000000,0.014284,0.053658,0.000000],[0.090601,0.453212,0.000000,0.025966,0.430222,0.000000],[0.431741,0.514824,0.000000,0.010874,0.042562,0.000000],[0.408645,0.425704,0.000000,0.013895,0.151756,0.000000],[0.153601,0.372176,0.000000,0.009720,0.464504,0.000000],[0.043471,0.185945,0.000000,0.004406,0.766178,0.000000],[0.046696,0.101815,0.000000,0.004467,0.847022,0.000000],[0.089552,0.311111,0.000000,0.042146,0.557190,0.000000],[0.444971,0.427645,0.000000,0.029861,0.097523,0.000000],[0.167817,0.493970,0.000000,0.026827,0.311386,0.000000],[0.255659,0.287666,0.000000,0.009839,0.446836,0.000000],[0.122759,0.225715,0.000000,0.009459,0.642068,0.000000],[0.046422,0.107937,0.000000,0.004503,0.841139,0.000000],[0.173577,0.400665,0.000000,0.010040,0.415717,0.000000],[0.461482,0.455006,0.000000,0.047062,0.036450,0.000000],[0.406286,0.492168,0.000000,0.028954,0.072592,0.000000],[0.818573,0.143242,0.000000,0.008459,0.029726,0.000000],[0.034746,0.059443,0.000000,0.002734,0.903077,0.000000],[0.058387,0.133294,0.000000,0.009029,0.799290,0.000000],[0.824264,0.141850,0.000000,0.008025,0.025861,0.000000],[0.056312,0.135475,0.000000,0.008473,0.799740,0.000000],[0.056885,0.135529,0.000000,0.008379,0.799207,0.000000],[0.825471,0.139906,0.000000,0.008455,0.026168,0.000000],[0.039191,0.055519,0.000000,0.003048,0.902242,0.000000],[0.914417,0.062060,0.000000,0.003224,0.020299,0.000000],[0.913591,0.062732,0.000000,0.003282,0.020395,0.000000],[0.915284,0.062192,0.000000,0.002988,0.019535,0.000000],[0.922995,0.056058,0.000000,0.002467,0.018480,0.000000],[0.914579,0.063785,0.000000,0.002682,0.018954,0.000000],[0.055878,0.133051,0.000000,0.008791,0.802281,0.000000],[0.819630,0.141432,0.000000,0.008944,0.029994,0.000000],[0.820124,0.141282,0.000000,0.007940,0.030655,0.000000],[0.823101,0.138993,0.000000,0.007978,0.029929,0.000000],[0.841305,0.123123,0.000000,0.007995,0.027577,0.000000],[0.926037,0.052538,0.000000,0.002369,0.019056,0.000000],[0.937766,0.045237,0.000000,0.001648,0.015349,0.000000],[0.956324,0.014331,0.018552,0.000940,0.009853,0.000000],[1.000000,0.000000,0.000000,0.000000,0.000000,0.000000]],
  [[1.000000,0.000000,0.000000,0.000000,0.000000,0.000000],[0.041289,0.046122,0.044063,0.004334,0.864192,0.000000],[0.564481,0.364404,0.000000,0.015090,0.056025,0.000000],[0.394136,0.393078,0.000000,0.012988,0.199797,0.000000],[0.466851,0.463059,0.000000,0.011095,0.058994,0.000000],[0.568488,0.355337,0.000000,0.026490,0.049684,0.000000],[0.575593,0.314412,0.000000,0.009389,0.100606,0.000000],[0.866317,0.113621,0.000000,0.004631,0.015430,0.000000],[0.903787,0.076011,0.000000,0.004223,0.015979,0.000000],[0.726758,0.229484,0.000000,0.009150,0.034609,0.000000],[0.514628,0.364623,0.000000,0.061607,0.059141,0.000000],[0.166566,0.426043,0.000000,0.010497,0.396894,0.000000],[0.123610,0.256297,0.000000,0.042525,0.577568,0.000000],[0.902716,0.077136,0.000000,0.004335,0.015813,0.000000],[0.131032,0.175596,0.000000,0.004367,0.689005,0.000000],[0.453203,0.460535,0.000000,0.008730,0.077532,0.000000],[0.210451,0.609114,0.000000,0.063528,0.116908,0.000000],[0.387631,0.570616,0.000000,0.009137,0.032616,0.000000],[0.050839,0.230368,0.000000,0.007408,0.711385,0.000000],[0.926125,0.054437,0.000000,0.002504,0.016934,0.000000],[0.843632,0.124168,0.000000,0.007179,0.025021,0.000000],[0.117093,0.316536,0.000000,0.015085,0.551285,0.000000],[0.122146,0.317771,0.000000,0.015479,0.544605,0.000000],[0.123273,0.299272,0.000000,0.016328,0.561127,0.000000],[0.775609,0.190007,0.000000,0.007690,0.026694,0.000000],[0.048388,0.257089,0.000000,0.006958,0.687565,0.000000],[0.786599,0.181353,0.000000,0.007218,0.024830,0.000000],[0.847462,0.122571,0.000000,0.007054,0.022913,0.000000],[0.923360,0.054212,0.000000,0.002318,0.020110,0.000000],[0.030140,0.043155,0.000000,0.002198,0.924508,0.000000],[0.913994,0.063283,0.000000,0.002628,0.020095,0.000000],[0.915615,0.063460,0.000000,0.003066,0.017859,0.000000],[0.913058,0.063325,0.000000,0.003116,0.020502,0.000000],[0.917320,0.060794,0.000000,0.003154,0.018732,0.000000],[0.040097,0.056022,0.000000,0.002786,0.901095,0.000000],[0.039997,0.046756,0.000000,0.002075,0.911171,0.000000],[0.000000,0.000000,0.000000,0.000000,0.000000,1.000000],[0.938566,0.045516,0.000000,0.001584,0.014334,0.000000],[0.950765,0.015349,0.018341,0.001493,0.014051,0.000000],[1.000000,0.000000,0.000000,0.000000,0.000000,0.000000]],
  [[1.000000,0.000000,0.000000,0.000000,0.000000,0.000000],[0.893834,0.041705,0.044551,0.004330,0.015580,0.000000],[0.124845,0.344045,0.000000,0.014902,0.516208,0.000000],[0.637516,0.318453,0.000000,0.009566,0.034466,0.000000],[0.616870,0.331129,0.000000,0.010032,0.041969,0.000000],[0.573719,0.317329,0.000000,0.042076,0.066876,0.000000],[0.602856,0.354583,0.000000,0.009588,0.032972,0.000000],[0.067014,0.097960,0.000000,0.022601,0.812424,0.000000],[0.899305,0.078481,0.000000,0.004821,0.017394,0.000000],[0.828651,0.149446,0.000000,0.004625,0.017278,0.000000],[0.629327,0.310615,0.000000,0.026096,0.033961,0.000000],[0.346421,0.390332,0.000000,0.030194,0.233053,0.000000],[0.269077,0.260263,0.000000,0.009305,0.461355,0.000000],[0.028079,0.070944,0.000000,0.020864,0.880113,0.000000],[0.871659,0.075205,0.000000,0.004413,0.048723,0.000000],[0.129353,0.418428,0.000000,0.024335,0.427884,0.000000],[0.386321,0.488561,0.000000,0.042173,0.082945,0.000000],[0.421469,0.503020,0.000000,0.042794,0.032717,0.000000],[0.814590,0.153462,0.000000,0.007883,0.024065,0.000000],[0.926243,0.054491,0.000000,0.002632,0.016634,0.000000],[0.843262,0.125506,0.000000,0.006075,0.025157,0.000000],[0.120724,0.323094,0.000000,0.016712,0.539471,0.000000],[0.358034,0.399195,0.000000,0.022481,0.220290,0.000000],[0.537424,0.391150,0.000000,0.015615,0.055810,0.000000],[0.476859,0.448504,0.000000,0.016287,0.058350,0.000000],[0.488089,0.408217,0.000000,0.016192,0.087501,0.000000],[0.517909,0.408729,0.000000,0.016290,0.057072,0.000000],[0.049700,0.145575,0.000000,0.007974,0.796751,0.000000],[0.924459,0.055354,0.000000,0.002319,0.017868,0.000000],[0.031323,0.044538,0.000000,0.001920,0.922220,0.000000],[0.032315,0.054193,0.000000,0.002100,0.911392,0.000000],[0.924504,0.059443,0.000000,0.002164,0.013889,0.000000],[0.920791,0.058672,0.000000,0.002307,0.018231,0.000000],[0.918199,0.059357,0.000000,0.003265,0.019179,0.000000],[0.845672,0.122959,0.000000,0.007361,0.024008,0.000000],[0.055592,0.088253,0.000000,0.005671,0.850483,0.000000],[0.000000,0.000000,0.000000,0.000000,0.000000,1.000000],[0.880430,0.089308,0.000000,0.005066,0.025195,0.000000],[0.880698,0.048690,0.047216,0.004323,0.019073,0.000000],[1.000000,0.000000,0.000000,0.000000,0.000000,0.000000]],
  [[1.000000,0.000000,0.000000,0.000000,0.000000,0.000000],[0.044288,0.044683,0.043895,0.004617,0.862517,0.000000],[0.855926,0.117432,0.000000,0.005808,0.020834,0.000000],[0.097279,0.142155,0.000000,0.004624,0.755942,0.000000],[0.627326,0.278625,0.000000,0.026236,0.067814,0.000000],[0.490560,0.327214,0.000000,0.013357,0.168869,0.000000],[0.487039,0.460257,0.000000,0.010885,0.041819,0.000000],[0.596141,0.327969,0.000000,0.009251,0.066639,0.000000],[0.698463,0.258062,0.000000,0.009615,0.033861,0.000000],[0.831259,0.114681,0.000000,0.037944,0.016116,0.000000],[0.716741,0.238893,0.000000,0.010060,0.034306,0.000000],[0.587820,0.301882,0.000000,0.009546,0.100752,0.000000],[0.070711,0.268145,0.000000,0.008912,0.652233,0.000000],[0.028821,0.069093,0.000000,0.004325,0.897760,0.000000],[0.906410,0.073393,0.000000,0.004337,0.015860,0.000000],[0.883865,0.098287,0.000000,0.004009,0.013840,0.000000],[0.759101,0.187858,0.000000,0.004864,0.048178,0.000000],[0.891456,0.089963,0.000000,0.004228,0.014352,0.000000],[0.844667,0.121113,0.000000,0.007309,0.026911,0.000000],[0.924715,0.055324,0.000000,0.002431,0.017530,0.000000],[0.841819,0.125192,0.000000,0.007973,0.025016,0.000000],[0.127972,0.324522,0.000000,0.016399,0.531107,0.000000],[0.602749,0.322917,0.000000,0.016628,0.057705,0.000000],[0.510593,0.416177,0.000000,0.015448,0.057782,0.000000],[0.514182,0.412216,0.000000,0.016792,0.056810,0.000000],[0.359706,0.478092,0.000000,0.023378,0.138824,0.000000],[0.152278,0.441953,0.000000,0.015884,0.389885,0.000000],[0.757230,0.210504,0.000000,0.007603,0.024663,0.000000],[0.925848,0.055403,0.000000,0.002817,0.015932,0.000000],[0.030808,0.044741,0.000000,0.002506,0.921945,0.000000],[0.922783,0.059071,0.000000,0.002858,0.015288,0.000000],[0.038523,0.050896,0.000000,0.002676,0.907905,0.000000],[0.035722,0.050177,0.000000,0.002767,0.911334,0.000000],[0.919652,0.057970,0.000000,0.002684,0.019694,0.000000],[0.848088,0.119518,0.000000,0.006876,0.025518,0.000000],[0.000000,0.000000,0.000000,0.000000,0.000000,1.000000],[0.000000,0.000000,0.000000,0.000000,0.000000,1.000000],[0.157250,0.320086,0.000000,0.016436,0.506228,0.000000],[0.884957,0.046766,0.046526,0.004411,0.017340,0.000000],[1.000000,0.000000,0.000000,0.000000,0.000000,0.000000]],
  [[1.000000,0.000000,0.000000,0.000000,0.000000,0.000000],[0.953941,0.013861,0.018010,0.001210,0.012978,0.000000],[0.037506,0.047150,0.000000,0.002027,0.913317,0.000000],[0.028103,0.083489,0.000000,0.004327,0.884081,0.000000],[0.730432,0.229593,0.000000,0.008714,0.031262,0.000000],[0.190023,0.366137,0.000000,0.042703,0.401137,0.000000],[0.520079,0.410872,0.000000,0.010661,0.058388,0.000000],[0.460273,0.308264,0.000000,0.013394,0.218070,0.000000],[0.613489,0.311327,0.000000,0.009183,0.066001,0.000000],[0.776467,0.150588,0.000000,0.005362,0.067583,0.000000],[0.032395,0.157868,0.000000,0.004957,0.804779,0.000000],[0.834957,0.143916,0.000000,0.005122,0.016005,0.000000],[0.027334,0.067036,0.000000,0.004517,0.901113,0.000000],[0.908852,0.072826,0.000000,0.004598,0.013723,0.000000],[0.956501,0.032184,0.000000,0.001630,0.009685,0.000000],[0.017921,0.027918,0.000000,0.001202,0.952959,0.000000],[0.957198,0.033055,0.000000,0.001298,0.008450,0.000000],[0.952916,0.033967,0.000000,0.001832,0.011284,0.000000],[0.923130,0.055815,0.000000,0.002639,0.018417,0.000000],[0.924556,0.056576,0.000000,0.002187,0.016682,0.000000],[0.844301,0.123012,0.000000,0.007383,0.025305,0.000000],[0.843313,0.125109,0.000000,0.007104,0.024475,0.000000],[0.842816,0.125014,0.000000,0.007267,0.024903,0.000000],[0.803784,0.161639,0.000000,0.007240,0.027336,0.000000],[0.156163,0.363203,0.000000,0.044474,0.436160,0.000000],[0.487028,0.439164,0.000000,0.016146,0.057661,0.000000],[0.543451,0.381505,0.000000,0.016581,0.058464,0.000000],[0.811870,0.153537,0.000000,0.007308,0.027285,0.000000],[0.923882,0.056985,0.000000,0.002537,0.016597,0.000000],[0.924659,0.056966,0.000000,0.002640,0.015735,0.000000],[0.909916,0.063597,0.000000,0.002897,0.023590,0.000000],[0.914894,0.063374,0.000000,0.003088,0.018645,0.000000],[0.039237,0.055449,0.000000,0.002650,0.902664,0.000000],[0.040629,0.051451,0.000000,0.002309,0.905611,0.000000],[0.875050,0.096840,0.000000,0.005215,0.022895,0.000000],[0.157219,0.269240,0.000000,0.015088,0.558453,0.000000],[0.411137,0.386250,0.000000,0.023270,0.179342,0.000000],[0.591516,0.327177,0.000000,0.017574,0.063732,0.000000],[0.878316,0.049319,0.050720,0.004489,0.017157,0.000000],[1.000000,0.000000,0.000000,0.000000,0.000000,0.000000]],
  [[1.000000,0.000000,0.000000,0.000000,0.000000,0.000000],[0.954044,0.014815,0.017786,0.001375,0.011981,0.000000],[0.934388,0.047260,0.000000,0.002213,0.016139,0.000000],[0.030375,0.066889,0.000000,0.004232,0.898503,0.000000],[0.893812,0.087897,0.000000,0.004861,0.013430,0.000000],[0.048243,0.123373,0.000000,0.004573,0.823811,0.000000],[0.677540,0.260824,0.000000,0.026600,0.035036,0.000000],[0.654638,0.303758,0.000000,0.009386,0.032219,0.000000],[0.507051,0.423552,0.000000,0.011461,0.057936,0.000000],[0.459467,0.414209,0.000000,0.042567,0.083758,0.000000],[0.088045,0.421186,0.000000,0.025971,0.464798,0.000000],[0.028257,0.200570,0.000000,0.003810,0.767363,0.000000],[0.956592,0.031409,0.000000,0.001643,0.010356,0.000000],[0.956923,0.030881,0.000000,0.001509,0.010687,0.000000],[0.030898,0.066461,0.000000,0.004137,0.898504,0.000000],[0.025016,0.064378,0.000000,0.004156,0.906450,0.000000],[0.826317,0.136860,0.000000,0.021490,0.015333,0.000000],[0.908990,0.072974,0.000000,0.004195,0.013841,0.000000],[0.844833,0.123666,0.000000,0.007960,0.023541,0.000000],[0.924842,0.056507,0.000000,0.002228,0.016423,0.000000],[0.924390,0.057266,0.000000,0.002416,0.015928,0.000000],[0.925566,0.055082,0.000000,0.003008,0.016343,0.000000],[0.924269,0.055194,0.000000,0.002758,0.017779,0.000000],[0.845084,0.122386,0.000000,0.006883,0.025647,0.000000],[0.757798,0.212136,0.000000,0.007311,0.022755,0.000000],[0.048087,0.172960,0.000000,0.035776,0.743177,0.000000],[0.843249,0.124683,0.000000,0.008251,0.023816,0.000000],[0.843687,0.124009,0.000000,0.008305,0.023999,0.000000],[0.842533,0.126805,0.000000,0.007685,0.022977,0.000000],[0.845775,0.122612,0.000000,0.007832,0.023781,0.000000],[0.818636,0.145146,0.000000,0.008569,0.027649,0.000000],[0.820094,0.143275,0.000000,0.008322,0.028310,0.000000],[0.823941,0.140445,0.000000,0.007826,0.027788,0.000000],[0.923840,0.056156,0.000000,0.002589,0.017415,0.000000],[0.000000,0.000000,0.000000,0.000000,0.000000,1.000000],[0.000000,0.000000,0.000000,0.000000,0.000000,1.000000],[0.149737,0.341929,0.000000,0.016392,0.491942,0.000000],[0.578076,0.339687,0.000000,0.016827,0.065411,0.000000],[0.883793,0.047133,0.045682,0.004194,0.019198,0.000000],[1.000000,0.000000,0.000000,0.000000,0.000000,0.000000]],
  [[1.000000,0.000000,0.000000,0.000000,0.000000,0.000000],[0.954281,0.013756,0.018448,0.001253,0.012261,0.000000],[0.855963,0.113886,0.000000,0.006500,0.023652,0.000000],[0.028831,0.101712,0.000000,0.004774,0.864683,0.000000],[0.777124,0.138226,0.000000,0.038131,0.046518,0.000000],[0.031556,0.074865,0.000000,0.005199,0.888379,0.000000],[0.852124,0.127425,0.000000,0.005113,0.015337,0.000000],[0.765163,0.162671,0.000000,0.021730,0.050436,0.000000],[0.462215,0.429595,0.000000,0.009615,0.098574,0.000000],[0.335454,0.468004,0.000000,0.063082,0.133461,0.000000],[0.451484,0.439506,0.000000,0.009566,0.099444,0.000000],[0.791511,0.189255,0.000000,0.004239,0.014995,0.000000],[0.941033,0.048195,0.000000,0.001331,0.009442,0.000000],[0.957421,0.031472,0.000000,0.001389,0.009719,0.000000],[0.027150,0.068716,0.000000,0.003976,0.900158,0.000000],[0.561780,0.383902,0.000000,0.008628,0.045690,0.000000],[0.485083,0.404461,0.000000,0.009256,0.101200,0.000000],[0.104536,0.455331,0.000000,0.043177,0.396955,0.000000],[0.840926,0.124142,0.000000,0.007476,0.027456,0.000000],[0.923758,0.056472,0.000000,0.002659,0.017111,0.000000],[0.930017,0.051411,0.000000,0.002539,0.016033,0.000000],[0.931856,0.051115,0.000000,0.002372,0.014656,0.000000],[0.924535,0.055129,0.000000,0.002342,0.017994,0.000000],[0.033233,0.047364,0.000000,0.002216,0.917187,0.000000],[0.033430,0.047548,0.000000,0.002457,0.916565,0.000000],[0.897734,0.084269,0.000000,0.002572,0.015426,0.000000],[0.923432,0.056326,0.000000,0.002700,0.017542,0.000000],[0.924596,0.056853,0.000000,0.002456,0.016095,0.000000],[0.843236,0.124959,0.000000,0.007070,0.024736,0.000000],[0.153434,0.354152,0.000000,0.016210,0.476205,0.000000],[0.537572,0.377287,0.000000,0.018009,0.067131,0.000000],[0.554238,0.361082,0.000000,0.018709,0.065970,0.000000],[0.823291,0.139361,0.000000,0.008401,0.028948,0.000000],[0.039150,0.054986,0.000000,0.002353,0.903511,0.000000],[0.857913,0.109942,0.000000,0.006949,0.025196,0.000000],[0.055601,0.093063,0.000000,0.005505,0.845831,0.000000],[0.863425,0.105228,0.000000,0.006230,0.025117,0.000000],[0.854517,0.115031,0.000000,0.006317,0.024135,0.000000],[0.881923,0.048085,0.047104,0.004541,0.018349,0.000000],[1.000000,0.000000,0.000000,0.000000,0.000000,0.000000]],
  [[1.000000,0.000000,0.000000,0.000000,0.000000,0.000000],[0.953366,0.014241,0.019604,0.001278,0.011512,0.000000],[0.855902,0.115994,0.000000,0.007024,0.021080,0.000000],[0.470010,0.487352,0.000000,0.008977,0.033660,0.000000],[0.486260,0.437045,0.000000,0.042944,0.033751,0.000000],[0.636461,0.319927,0.000000,0.009472,0.034140,0.000000],[0.906593,0.073501,0.000000,0.004463,0.015444,0.000000],[0.028692,0.086370,0.000000,0.004398,0.880540,0.000000],[0.566190,0.322447,0.000000,0.043207,0.068156,0.000000],[0.434926,0.471624,0.000000,0.026285,0.067165,0.000000],[0.487586,0.454460,0.000000,0.025827,0.032128,0.000000],[0.859033,0.121445,0.000000,0.004100,0.015422,0.000000],[0.017513,0.030188,0.000000,0.001360,0.950939,0.000000],[0.956468,0.031676,0.000000,0.001511,0.010346,0.000000],[0.078877,0.267888,0.000000,0.037273,0.615962,0.000000],[0.509330,0.434585,0.000000,0.024464,0.031622,0.000000],[0.258735,0.596349,0.000000,0.030444,0.114472,0.000000],[0.222113,0.422785,0.000000,0.042760,0.312343,0.000000],[0.757289,0.181462,0.000000,0.036250,0.025000,0.000000],[0.923857,0.057094,0.000000,0.002289,0.016760,0.000000],[0.028693,0.046013,0.000000,0.001851,0.923443,0.000000],[0.934824,0.050308,0.000000,0.002020,0.012847,0.000000],[0.029648,0.044467,0.000000,0.002163,0.923721,0.000000],[0.932904,0.050323,0.000000,0.002390,0.014383,0.000000],[0.928901,0.054064,0.000000,0.002523,0.014511,0.000000],[0.924949,0.055063,0.000000,0.002177,0.017811,0.000000],[0.923038,0.054527,0.000000,0.002199,0.020236,0.000000],[0.923743,0.057374,0.000000,0.002787,0.016097,0.000000],[0.841294,0.124819,0.000000,0.007015,0.026872,0.000000],[0.179724,0.352571,0.000000,0.016088,0.451617,0.000000],[0.348356,0.462235,0.000000,0.027037,0.162372,0.000000],[0.541758,0.372072,0.000000,0.018493,0.067677,0.000000],[0.822013,0.142537,0.000000,0.008136,0.027314,0.000000],[0.919186,0.058694,0.000000,0.002784,0.019337,0.000000],[0.925185,0.056613,0.000000,0.002441,0.015761,0.000000],[0.931107,0.049522,0.000000,0.002287,0.017084,0.000000],[0.000000,0.000000,0.000000,0.000000,0.000000,1.000000],[0.934788,0.047567,0.000000,0.001978,0.015668,0.000000],[0.950130,0.015603,0.019107,0.001591,0.013568,0.000000],[1.000000,0.000000,0.000000,0.000000,0.000000,0.000000]],
  [[1.000000,0.000000,0.000000,0.000000,0.000000,0.000000],[0.028501,0.014198,0.018765,0.001285,0.937252,0.000000],[0.827106,0.144943,0.000000,0.006537,0.021414,0.000000],[0.189222,0.420813,0.000000,0.042495,0.347470,0.000000],[0.295418,0.560984,0.000000,0.030155,0.113442,0.000000],[0.518148,0.354842,0.000000,0.043349,0.083661,0.000000],[0.757884,0.139496,0.000000,0.037816,0.064804,0.000000],[0.909794,0.071969,0.000000,0.005073,0.013164,0.000000],[0.045450,0.086319,0.000000,0.004208,0.864022,0.000000],[0.709132,0.239330,0.000000,0.004151,0.047388,0.000000],[0.028965,0.119576,0.000000,0.004541,0.846917,0.000000],[0.910627,0.071220,0.000000,0.004171,0.013982,0.000000],[0.956311,0.031915,0.000000,0.001357,0.010417,0.000000],[0.956598,0.032140,0.000000,0.001849,0.009413,0.000000],[0.907352,0.073284,0.000000,0.004816,0.014548,0.000000],[0.374102,0.586798,0.000000,0.008638,0.030462,0.000000],[0.521476,0.353075,0.000000,0.042682,0.082767,0.000000],[0.483819,0.439377,0.000000,0.042980,0.033824,0.000000],[0.844003,0.124583,0.000000,0.007273,0.024140,0.000000],[0.925884,0.055583,0.000000,0.002757,0.015777,0.000000],[0.931894,0.050722,0.000000,0.002227,0.015157,0.000000],[0.932632,0.049245,0.000000,0.002466,0.015657,0.000000],[0.933680,0.049111,0.000000,0.002322,0.014887,0.000000],[0.932150,0.050684,0.000000,0.002268,0.014898,0.000000],[0.927378,0.055177,0.000000,0.002384,0.015061,0.000000],[0.047343,0.117074,0.000000,0.007447,0.828136,0.000000],[0.786125,0.124851,0.000000,0.064618,0.024406,0.000000],[0.754591,0.182503,0.000000,0.008221,0.054685,0.000000],[0.058414,0.128570,0.000000,0.008681,0.804335,0.000000],[0.624420,0.300961,0.000000,0.016042,0.058577,0.000000],[0.541520,0.372874,0.000000,0.018849,0.066756,0.000000],[0.143975,0.376681,0.000000,0.018642,0.460701,0.000000],[0.818278,0.142805,0.000000,0.008615,0.030302,0.000000],[0.829074,0.135546,0.000000,0.007393,0.027986,0.000000],[0.060161,0.117371,0.000000,0.007633,0.814834,0.000000],[0.872234,0.098050,0.000000,0.005740,0.023976,0.000000],[0.875220,0.095063,0.000000,0.005488,0.024230,0.000000],[0.060472,0.100230,0.000000,0.006253,0.833045,0.000000],[0.953784,0.013600,0.019935,0.001047,0.011635,0.000000],[1.000000,0.000000,0.000000,0.000000,0.000000,0.000000]],
  [[1.000000,0.000000,0.000000,0.000000,0.000000,0.000000],[0.031491,0.015006,0.018946,0.001231,0.933326,0.000000],[0.855117,0.116070,0.000000,0.006374,0.022439,0.000000],[0.469702,0.453262,0.000000,0.009227,0.067809,0.000000],[0.203989,0.419737,0.000000,0.025527,0.350748,0.000000],[0.500046,0.404935,0.000000,0.027103,0.067916,0.000000],[0.028005,0.102616,0.000000,0.004279,0.865100,0.000000],[0.955875,0.032275,0.000000,0.001692,0.010158,0.000000],[0.956799,0.032553,0.000000,0.001452,0.009195,0.000000],[0.921866,0.066510,0.000000,0.001476,0.010148,0.000000],[0.955584,0.031901,0.000000,0.001404,0.011112,0.000000],[0.956010,0.032994,0.000000,0.001371,0.009625,0.000000],[0.956358,0.032279,0.000000,0.001576,0.009787,0.000000],[0.956504,0.032085,0.000000,0.001575,0.009835,0.000000],[0.910928,0.070355,0.000000,0.004532,0.014185,0.000000],[0.915768,0.067018,0.000000,0.004070,0.013144,0.000000],[0.708849,0.223220,0.000000,0.020828,0.047103,0.000000],[0.908838,0.072842,0.000000,0.004072,0.014249,0.000000],[0.048601,0.119017,0.000000,0.006644,0.825738,0.000000],[0.925843,0.055429,0.000000,0.002346,0.016382,0.000000],[0.929539,0.051270,0.000000,0.002559,0.016631,0.000000],[0.933527,0.051381,0.000000,0.002292,0.012800,0.000000],[0.931174,0.051027,0.000000,0.002208,0.015591,0.000000],[0.934084,0.049177,0.000000,0.002449,0.014289,0.000000],[0.033492,0.047993,0.000000,0.002468,0.916048,0.000000],[0.787798,0.152540,0.000000,0.036019,0.023643,0.000000],[0.151604,0.407621,0.000000,0.016534,0.424241,0.000000],[0.512544,0.412330,0.000000,0.016195,0.058930,0.000000],[0.566683,0.301843,0.000000,0.016573,0.114900,0.000000],[0.833911,0.129910,0.000000,0.008724,0.027455,0.000000],[0.818321,0.145600,0.000000,0.008428,0.027652,0.000000],[0.819718,0.142903,0.000000,0.009238,0.028141,0.000000],[0.060404,0.131667,0.000000,0.008316,0.799612,0.000000],[0.840749,0.126105,0.000000,0.006569,0.026577,0.000000],[0.603879,0.311774,0.000000,0.016960,0.067388,0.000000],[0.000000,0.000000,0.000000,0.000000,0.000000,1.000000],[0.000000,0.000000,0.000000,0.000000,0.000000,1.000000],[0.062390,0.114377,0.000000,0.006649,0.816584,0.000000],[0.952286,0.014761,0.020633,0.001430,0.010890,0.000000],[1.000000,0.000000,0.000000,0.000000,0.000000,0.000000]],
  [[1.000000,0.000000,0.000000,0.000000,0.000000,0.000000],[0.027998,0.015207,0.019540,0.001006,0.936248,0.000000],[0.846884,0.121210,0.000000,0.007211,0.024695,0.000000],[0.033628,0.140367,0.000000,0.004983,0.821022,0.000000],[0.684322,0.260861,0.000000,0.021157,0.033660,0.000000],[0.031546,0.124274,0.000000,0.021099,0.823081,0.000000],[0.901807,0.077963,0.000000,0.004420,0.015810,0.000000],[0.955517,0.032756,0.000000,0.001754,0.009974,0.000000],[0.018902,0.030367,0.000000,0.001579,0.949152,0.000000],[0.018964,0.029336,0.000000,0.001446,0.950253,0.000000],[0.960588,0.029735,0.000000,0.001362,0.008315,0.000000],[0.960068,0.030490,0.000000,0.001364,0.008078,0.000000],[0.959277,0.030683,0.000000,0.001364,0.008676,0.000000],[0.957032,0.032308,0.000000,0.001431,0.009228,0.000000],[0.956175,0.032692,0.000000,0.001396,0.009737,0.000000],[0.959335,0.030480,0.000000,0.001299,0.008886,0.000000],[0.019623,0.031020,0.000000,0.001516,0.947842,0.000000],[0.021236,0.028894,0.000000,0.001396,0.948475,0.000000],[0.924744,0.055973,0.000000,0.002819,0.016464,0.000000],[0.923486,0.057561,0.000000,0.002767,0.016186,0.000000],[0.925680,0.055457,0.000000,0.002534,0.016329,0.000000],[0.925129,0.056714,0.000000,0.002745,0.015412,0.000000],[0.925384,0.055767,0.000000,0.002350,0.016499,0.000000],[0.925048,0.054395,0.000000,0.002301,0.018255,0.000000],[0.922145,0.056172,0.000000,0.002449,0.019234,0.000000],[0.818497,0.151833,0.000000,0.007709,0.021962,0.000000],[0.516465,0.408100,0.000000,0.016915,0.058521,0.000000],[0.324434,0.485574,0.000000,0.022210,0.167782,0.000000],[0.126155,0.411779,0.000000,0.044039,0.418027,0.000000],[0.728191,0.182402,0.000000,0.008043,0.081364,0.000000],[0.912547,0.065368,0.000000,0.002976,0.019109,0.000000],[0.911236,0.064682,0.000000,0.002707,0.021375,0.000000],[0.915636,0.060967,0.000000,0.003102,0.020295,0.000000],[0.055554,0.119202,0.000000,0.008210,0.817035,0.000000],[0.000000,0.000000,0.000000,0.000000,0.000000,1.000000],[0.409587,0.380265,0.000000,0.021847,0.188301,0.000000],[0.597211,0.315952,0.000000,0.017342,0.069494,0.000000],[0.850066,0.117066,0.000000,0.006841,0.026027,0.000000],[0.950557,0.014878,0.020674,0.001478,0.012413,0.000000],[1.000000,0.000000,0.000000,0.000000,0.000000,0.000000]],
  [[1.000000,0.000000,0.000000,0.000000,0.000000,0.000000],[0.955492,0.015172,0.017983,0.001172,0.010181,0.000000],[0.855268,0.114657,0.000000,0.006747,0.023329,0.000000],[0.655912,0.284809,0.000000,0.026075,0.033204,0.000000],[0.664123,0.275752,0.000000,0.025963,0.034163,0.000000],[0.665589,0.291779,0.000000,0.009696,0.032936,0.000000],[0.718065,0.227438,0.000000,0.021708,0.032789,0.000000],[0.857785,0.123709,0.000000,0.004555,0.013951,0.000000],[0.909600,0.072455,0.000000,0.004055,0.013890,0.000000],[0.956593,0.031357,0.000000,0.001547,0.010503,0.000000],[0.960561,0.029981,0.000000,0.001242,0.008216,0.000000],[0.960430,0.029372,0.000000,0.001431,0.008767,0.000000],[0.959720,0.030384,0.000000,0.001423,0.008473,0.000000],[0.959553,0.030266,0.000000,0.001315,0.008866,0.000000],[0.957445,0.031624,0.000000,0.001631,0.009299,0.000000],[0.959100,0.029981,0.000000,0.001441,0.009478,0.000000],[0.955011,0.032644,0.000000,0.001423,0.010923,0.000000],[0.029187,0.134193,0.000000,0.020815,0.815805,0.000000],[0.812022,0.151797,0.000000,0.008774,0.027408,0.000000],[0.813339,0.154521,0.000000,0.007558,0.024582,0.000000],[0.841383,0.125931,0.000000,0.008092,0.024594,0.000000],[0.833629,0.130150,0.000000,0.008465,0.027756,0.000000],[0.838206,0.128383,0.000000,0.007336,0.026075,0.000000],[0.813176,0.152797,0.000000,0.007428,0.026598,0.000000],[0.842701,0.125153,0.000000,0.007234,0.024912,0.000000],[0.054678,0.183522,0.000000,0.007688,0.754112,0.000000],[0.179297,0.357505,0.000000,0.015788,0.447411,0.000000],[0.488134,0.410553,0.000000,0.044880,0.056433,0.000000],[0.517060,0.407645,0.000000,0.017399,0.057896,0.000000],[0.048111,0.115053,0.000000,0.007490,0.829346,0.000000],[0.037358,0.058140,0.000000,0.003029,0.901473,0.000000],[0.919401,0.058042,0.000000,0.003024,0.019533,0.000000],[0.040025,0.057831,0.000000,0.002981,0.899163,0.000000],[0.836871,0.130071,0.000000,0.007293,0.025765,0.000000],[0.565375,0.348924,0.000000,0.017764,0.067937,0.000000],[0.575658,0.340352,0.000000,0.017121,0.066869,0.000000],[0.559615,0.358203,0.000000,0.016791,0.065391,0.000000],[0.840046,0.128088,0.000000,0.006655,0.025210,0.000000],[0.950899,0.016154,0.021184,0.001339,0.010423,0.000000],[1.000000,0.000000,0.000000,0.000000,0.000000,0.000000]],
  [[1.000000,0.000000,0.000000,0.000000,0.000000,0.000000],[0.954253,0.014899,0.018369,0.001091,0.011390,0.000000],[0.857408,0.113836,0.000000,0.006540,0.022215,0.000000],[0.610415,0.315318,0.000000,0.016220,0.058047,0.000000],[0.431548,0.373891,0.000000,0.023197,0.171365,0.000000],[0.470213,0.409269,0.000000,0.047820,0.072698,0.000000],[0.600564,0.327204,0.000000,0.016196,0.056035,0.000000],[0.583703,0.346595,0.000000,0.015940,0.053762,0.000000],[0.840405,0.126932,0.000000,0.007290,0.025373,0.000000],[0.924832,0.054814,0.000000,0.002757,0.017598,0.000000],[0.932106,0.050166,0.000000,0.002328,0.015400,0.000000],[0.934661,0.048877,0.000000,0.002260,0.014202,0.000000],[0.933300,0.049442,0.000000,0.002282,0.014975,0.000000],[0.031860,0.044553,0.000000,0.001982,0.921605,0.000000],[0.926241,0.052939,0.000000,0.002376,0.018445,0.000000],[0.043986,0.099607,0.000000,0.006765,0.849642,0.000000],[0.843550,0.124735,0.000000,0.007220,0.024495,0.000000],[0.072390,0.187483,0.000000,0.007070,0.733057,0.000000],[0.543921,0.389461,0.000000,0.014703,0.051915,0.000000],[0.570056,0.365470,0.000000,0.013848,0.050626,0.000000],[0.108631,0.358074,0.000000,0.014285,0.519009,0.000000],[0.851991,0.117673,0.000000,0.007178,0.023158,0.000000],[0.578785,0.358702,0.000000,0.013940,0.048573,0.000000],[0.579310,0.330727,0.000000,0.039262,0.050701,0.000000],[0.133492,0.311292,0.000000,0.038633,0.516583,0.000000],[0.850817,0.118174,0.000000,0.007289,0.023720,0.000000],[0.856712,0.112990,0.000000,0.007170,0.023129,0.000000],[0.835766,0.136482,0.000000,0.006374,0.021379,0.000000],[0.836621,0.134835,0.000000,0.006584,0.021961,0.000000],[0.862517,0.108417,0.000000,0.006641,0.022425,0.000000],[0.032601,0.048570,0.000000,0.001938,0.916891,0.000000],[0.932664,0.051391,0.000000,0.002228,0.013717,0.000000],[0.915746,0.062277,0.000000,0.003422,0.018555,0.000000],[0.059500,0.131515,0.000000,0.009160,0.799825,0.000000],[0.822838,0.142214,0.000000,0.008231,0.026718,0.000000],[0.823031,0.141508,0.000000,0.008267,0.027194,0.000000],[0.827753,0.136364,0.000000,0.008048,0.027835,0.000000],[0.061498,0.127646,0.000000,0.007970,0.802886,0.000000],[0.034187,0.016547,0.021428,0.001333,0.926505,0.000000],[1.000000,0.000000,0.000000,0.000000,0.000000,0.000000]],
