[
  [[1.000000,0.000000,0.000000,0.000000,0.000000,0.000000],[1.000000,0.000000,0.000000,0.000000,0.000000,0.000000],[1.000000,0.000000,0.000000,0.000000,0.000000,0.000000],[1.000000,0.000000,0.000000,0.000000,0.000000,0.000000],[1.000000,0.000000,0.000000,0.000000,0.000000,0.000000],[1.000000,0.000000,0.000000,0.000000,0.000000,0.000000],[1.000000,0.000000,0.000000,0.000000,0.000000,0.000000],[1.000000,0.000000,0.000000,0.000000,0.000000,0.000000],[1.000000,0.000000,0.000000,0.000000,0.000000,0.000000],[1.000000,0.000000,0.000000,0.000000,0.000000,0.000000],[1.000000,0.000000,0.000000,0.000000,0.000000,0.000000],[1.000000,0.000000,0.000000,0.000000,0.000000,0.000000],[1.000000,0.000000,0.000000,0.000000,0.000000,0.000000],[1.000000,0.000000,0.000000,0.000000,0.000000,0.000000],[1.000000,0.000000,0.000000,0.000000,0.000000,0.000000],[1.000000,0.000000,0.000000,0.000000,0.000000,0.000000],[1.000000,0.000000,0.000000,0.000000,0.000000,0.000000],[1.000000,0.000000,0.000000,0.000000,0.000000,0.000000],[1.000000,0.000000,0.000000,0.000000,0.000000,0.000000],[1.000000,0.000000,0.000000,0.000000,0.000000,0.000000],[1.000000,0.000000,0.000000,0.000000,0.000000,0.000000],[1.000000,0.000000,0.000000,0.000000,0.000000,0.000000],[1.000000,0.000000,0.000000,0.000000,0.000000,0.000000],[1.000000,0.000000,0.000000,0.000000,0.000000,0.000000],[1.000000,0.000000,0.000000,0.000000,0.000000,0.000000],[1.000000,0.000000,0.000000,0.000000,0.000000,0.000000],[1.000000,0.000000,0.000000,0.000000,0.000000,0.000000],[1.000000,0.000000,0.000000,0.000000,0.000000,0.000000],[1.000000,0.000000,0.000000,0.000000,0.000000,0.000000],[1.000000,0.000000,0.000000,0.000000,0.000000,0.000000],[1.000000,0.000000,0.000000,0.000000,0.000000,0.000000],[1.000000,0.000000,0.000000,0.000000,0.000000,0.000000],[1.000000,0.000000,0.000000,0.000000,0.000000,0.000000],[1.000000,0.000000,0.000000,0.000000,0.000000,0.000000],[1.000000,0.000000,0.000000,0.000000,0.000000,0.000000],[1.000000,0.000000,0.000000,0.000000,0.000000,0.000000],[1.000000,0.000000,0.000000,0.000000,0.000000,0.000000],[1.000000,0.000000,0.000000,0.000000,0.000000,0.000000],[1.000000,0.000000,0.000000,0.000000,0.000000,0.000000],[1.000000,0.000000,0.000000,0.000000,0.000000,0.000000]],
  [[1.000000,0.000000,0.000000,0.000000,0.000000,0.000000],[0.059478,0.016579,0.024940,0.002051,0.896952,0.000000],[0.933404,0.021229,0.028061,0.002122,0.015185,0.000000],[0.928806,0.021479,0.029587,0.001771,0.018357,0.000000],[0.930638,0.020630,0.029903,0.002095,0.016734,0.000000],[0.051881,0.020014,0.030086,0.002197,0.895822,0.000000],[0.048223,0.019460,0.028878,0.001336,0.902102,0.000000],[0.928987,0.022732,0.029686,0.001414,0.017183,0.000000],[0.932541,0.020552,0.028984,0.001694,0.016229,0.000000],[0.929370,0.020225,0.030484,0.001582,0.018339,0.000000],[0.931300,0.019942,0.029913,0.001579,0.017266,0.000000],[0.931413,0.020110,0.028733,0.001217,0.018527,0.000000],[0.045566,0.021058,0.030793,0.001649,0.900934,0.000000],[0.932067,0.020824,0.028531,0.001790,0.016787,0.000000],[0.930135,0.021205,0.028805,0.001577,0.018279,0.000000],[0.930246,0.019883,0.029806,0.001758,0.018307,0.000000],[0.927606,0.020960,0.030033,0.001582,0.019819,0.000000],[0.927248,0.020807,0.030410,0.001835,0.019700,0.000000],[0.927879,0.019956,0.031133,0.001765,0.019267,0.000000],[0.048970,0.021550,0.029946,0.001665,0.897869,0.000000],[0.048967,0.023140,0.030815,0.001985,0.895092,0.000000],[0.919344,0.024893,0.032418,0.002247,0.021099,0.000000],[0.837575,0.060286,0.067723,0.006709,0.027708,0.000000],[0.841043,0.059791,0.065170,0.006685,0.027311,0.000000],[0.837440,0.060191,0.069673,0.005851,0.026845,0.000000],[0.064697,0.062055,0.070676,0.006840,0.795732,0.000000],[0.838954,0.059781,0.068969,0.005685,0.026612,0.000000],[0.054288,0.023322,0.032363,0.002130,0.887897,0.000000],[0.921787,0.024776,0.030713,0.002018,0.020705,0.000000],[0.920534,0.026361,0.032390,0.001703,0.019012,0.000000],[0.923150,0.024800,0.030743,0.002089,0.019216,0.000000],[0.919452,0.025381,0.032669,0.002102,0.020396,0.000000],[0.921601,0.023587,0.032294,0.001770,0.020747,0.000000],[0.049892,0.024776,0.031661,0.002059,0.891612,0.000000],[0.917720,0.027229,0.032981,0.001965,0.020105,0.000000],[0.068651,0.062693,0.069913,0.006980,0.791763,0.000000],[0.560510,0.134617,0.238869,0.013987,0.052017,0.000000],[0.580671,0.129799,0.223905,0.012785,0.052840,0.000000],[0.609099,0.120927,0.202347,0.012574,0.055054,0.000000],[1.000000,0.000000,0.000000,0.000000,0.000000,0.000000]],
  [[1.000000,0.000000,0.000000,0.000000,0.000000,0.000000],[0.053854,0.019994,0.028808,0.001825,0.895519,0.000000],[0.058991,0.074846,0.000000,0.003143,0.863020,0.000000],[0.898864,0.075307,0.000000,0.003390,0.022439,0.000000],[0.896382,0.075601,0.000000,0.003499,0.024518,0.000000],[0.897274,0.074248,0.000000,0.003563,0.024915,0.000000],[0.896110,0.074998,0.000000,0.003386,0.025506,0.000000],[0.890826,0.078097,0.000000,0.003256,0.027821,0.000000],[0.900359,0.075064,0.000000,0.002859,0.021718,0.000000],[0.899809,0.075032,0.000000,0.002881,0.022279,0.000000],[0.898368,0.074554,0.000000,0.003286,0.023791,0.000000],[0.058025,0.070773,0.000000,0.003077,0.868125,0.000000],[0.905062,0.070290,0.000000,0.002771,0.021877,0.000000],[0.906468,0.068032,0.000000,0.003082,0.022418,0.000000],[0.901259,0.072256,0.000000,0.003206,0.023279,0.000000],[0.906263,0.070366,0.000000,0.002807,0.020565,0.000000],[0.056172,0.072599,0.000000,0.003226,0.868003,0.000000],[0.895895,0.077670,0.000000,0.003012,0.023424,0.000000],[0.900719,0.073872,0.000000,0.003534,0.021874,0.000000],[0.053209,0.074127,0.000000,0.002948,0.869716,0.000000],[0.897524,0.075472,0.000000,0.003675,0.023329,0.000000],[0.886945,0.083465,0.000000,0.003602,0.025988,0.000000],[0.082972,0.164143,0.000000,0.009721,0.743163,0.000000],[0.555947,0.358337,0.000000,0.018451,0.067265,0.000000],[0.548120,0.365337,0.000000,0.020283,0.066260,0.000000],[0.547905,0.360322,0.000000,0.019598,0.072176,0.000000],[0.780427,0.174464,0.000000,0.010372,0.034737,0.000000],[0.885258,0.085371,0.000000,0.004045,0.025325,0.000000],[0.783107,0.174359,0.000000,0.010869,0.031664,0.000000],[0.782968,0.168069,0.000000,0.010419,0.038544,0.000000],[0.780919,0.173228,0.000000,0.009659,0.036194,0.000000],[0.780488,0.172720,0.000000,0.010980,0.035812,0.000000],[0.781548,0.171967,0.000000,0.010575,0.035909,0.000000],[0.776542,0.174555,0.000000,0.010808,0.038095,0.000000],[0.779506,0.177161,0.000000,0.009462,0.033871,0.000000],[0.768695,0.185266,0.000000,0.010885,0.035154,0.000000],[0.561730,0.348150,0.000000,0.018790,0.071329,0.000000],[0.384155,0.420064,0.000000,0.027502,0.168278,0.000000],[0.578068,0.132458,0.222047,0.012865,0.054562,0.000000],[1.000000,0.000000,0.000000,0.000000,0.000000,0.000000]],
  [[1.000000,0.000000,0.000000,0.000000,0.000000,0.000000],[0.928248,0.023110,0.031122,0.001874,0.015646,0.000000],[0.885279,0.084626,0.000000,0.003641,0.026455,0.000000],[0.882079,0.086413,0.000000,0.004596,0.026912,0.000000],[0.877876,0.090087,0.000000,0.004335,0.027702,0.000000],[0.878225,0.090060,0.000000,0.003430,0.028286,0.000000],[0.876796,0.089598,0.000000,0.005100,0.028505,0.000000],[0.055482,0.075865,0.000000,0.003113,0.865539,0.000000],[0.885741,0.083256,0.000000,0.003793,0.027210,0.000000],[0.051374,0.071961,0.000000,0.003238,0.873426,0.000000],[0.889427,0.081319,0.000000,0.003748,0.025506,0.000000],[0.892402,0.075984,0.000000,0.003282,0.028331,0.000000],[0.897916,0.072963,0.000000,0.003547,0.025574,0.000000],[0.896599,0.079085,0.000000,0.002889,0.021427,0.000000],[0.057588,0.070263,0.000000,0.003183,0.868966,0.000000],[0.892839,0.079224,0.000000,0.003476,0.024461,0.000000],[0.886345,0.082087,0.000000,0.003853,0.027715,0.000000],[0.889458,0.084536,0.000000,0.003175,0.022831,0.000000],[0.886828,0.083010,0.000000,0.003493,0.026668,0.000000],[0.889122,0.080908,0.000000,0.003664,0.026307,0.000000],[0.887542,0.080869,0.000000,0.002689,0.028900,0.000000],[0.879584,0.087752,0.000000,0.003657,0.029007,0.000000],[0.073982,0.169508,0.000000,0.010589,0.745921,0.000000],[0.532408,0.375373,0.000000,0.021596,0.070623,0.000000],[0.351008,0.451292,0.000000,0.029105,0.168594,0.000000],[0.535270,0.375560,0.000000,0.019881,0.069289,0.000000],[0.081774,0.168820,0.000000,0.011650,0.737756,0.000000],[0.872758,0.093073,0.000000,0.004450,0.029719,0.000000],[0.079292,0.165972,0.000000,0.011051,0.743685,0.000000],[0.152560,0.372681,0.000000,0.020769,0.453990,0.000000],[0.536623,0.368848,0.000000,0.020938,0.073592,0.000000],[0.531187,0.376432,0.000000,0.021446,0.070935,0.000000],[0.759312,0.187478,0.000000,0.011230,0.041981,0.000000],[0.764233,0.187220,0.000000,0.010376,0.038171,0.000000],[0.148464,0.378676,0.000000,0.020402,0.452459,0.000000],[0.542030,0.368831,0.000000,0.021040,0.068099,0.000000],[0.169649,0.432285,0.000000,0.021452,0.376614,0.000000],[0.569195,0.340643,0.000000,0.019273,0.070889,0.000000],[0.562013,0.133090,0.234449,0.013729,0.056719,0.000000],[1.000000,0.000000,0.000000,0.000000,0.000000,0.000000]],
  [[1.000000,0.000000,0.000000,0.000000,0.000000,0.000000],[0.846503,0.058226,0.064473,0.005952,0.024847,0.000000],[0.077878,0.165975,0.000000,0.011061,0.745086,0.000000],[0.081905,0.175026,0.000000,0.010199,0.732870,0.000000],[0.767217,0.181637,0.000000,0.011418,0.039727,0.000000],[0.768077,0.184185,0.000000,0.011218,0.036519,0.000000],[0.873460,0.092866,0.000000,0.004706,0.028968,0.000000],[0.881811,0.084698,0.000000,0.003900,0.029590,0.000000],[0.887458,0.083711,0.000000,0.003143,0.025689,0.000000],[0.888059,0.083801,0.000000,0.003637,0.024504,0.000000],[0.056204,0.071733,0.000000,0.003824,0.868239,0.000000],[0.892286,0.079946,0.000000,0.003012,0.024756,0.000000],[0.058576,0.066605,0.000000,0.003915,0.870904,0.000000],[0.000000,0.000000,0.000000,0.000000,0.000000,1.000000],[0.055368,0.069994,0.000000,0.003027,0.871611,0.000000],[0.880642,0.082787,0.000000,0.003783,0.032788,0.000000],[0.880965,0.085551,0.000000,0.003954,0.029530,0.000000],[0.888825,0.083489,0.000000,0.003721,0.023965,0.000000],[0.884223,0.081663,0.000000,0.003369,0.030746,0.000000],[0.058322,0.071434,0.000000,0.002833,0.867411,0.000000],[0.057886,0.069502,0.000000,0.002722,0.869889,0.000000],[0.885321,0.084296,0.000000,0.003895,0.026489,0.000000],[0.774703,0.178363,0.000000,0.009264,0.037670,0.000000],[0.526972,0.378330,0.000000,0.020307,0.074392,0.000000],[0.530509,0.376922,0.000000,0.021102,0.071466,0.000000],[0.521555,0.387570,0.000000,0.020984,0.069892,0.000000],[0.759523,0.191961,0.000000,0.011262,0.037255,0.000000],[0.871952,0.092566,0.000000,0.004411,0.031071,0.000000],[0.074235,0.172292,0.000000,0.010937,0.742536,0.000000],[0.522099,0.387671,0.000000,0.021893,0.068337,0.000000],[0.342857,0.463041,0.000000,0.028651,0.165451,0.000000],[0.519588,0.384026,0.000000,0.020049,0.076338,0.000000],[0.072899,0.176204,0.000000,0.011694,0.739204,0.000000],[0.761937,0.191095,0.000000,0.011176,0.035792,0.000000],[0.525844,0.233639,0.165755,0.016756,0.058005,0.000000],[0.372092,0.205234,0.225112,0.026812,0.170749,0.000000],[0.547503,0.208779,0.168915,0.016474,0.058329,0.000000],[0.773475,0.178792,0.000000,0.010093,0.037640,0.000000],[0.073535,0.062897,0.068456,0.007049,0.788063,0.000000],[1.000000,0.000000,0.000000,0.000000,0.000000,0.000000]],
  [[1.000000,0.000000,0.000000,0.000000,0.000000,0.000000],[0.841860,0.059151,0.064364,0.006893,0.027731,0.000000],[0.551937,0.360650,0.000000,0.019521,0.067893,0.000000],[0.532843,0.372478,0.000000,0.020681,0.073998,0.000000],[0.523813,0.387263,0.000000,0.019254,0.069670,0.000000],[0.073433,0.170983,0.000000,0.010437,0.745147,0.000000],[0.056797,0.085787,0.000000,0.003929,0.853488,0.000000],[0.883714,0.086519,0.000000,0.003436,0.026331,0.000000],[0.888293,0.083178,0.000000,0.004266,0.024263,0.000000],[0.886240,0.082917,0.000000,0.003959,0.026884,0.000000],[0.891240,0.078914,0.000000,0.003954,0.025893,0.000000],[0.894618,0.075923,0.000000,0.002950,0.026509,0.000000],[0.895996,0.072341,0.000000,0.003170,0.028493,0.000000],[0.000000,0.000000,0.000000,0.000000,0.000000,1.000000],[0.804999,0.150624,0.000000,0.009747,0.034631,0.000000],[0.784040,0.172473,0.000000,0.010507,0.032980,0.000000],[0.785165,0.172881,0.000000,0.009562,0.032392,0.000000],[0.799189,0.157862,0.000000,0.008624,0.034325,0.000000],[0.061325,0.065472,0.000000,0.002785,0.870419,0.000000],[0.000000,0.000000,0.000000,0.000000,0.000000,1.000000],[0.908657,0.066868,0.000000,0.003111,0.021364,0.000000],[0.890913,0.079351,0.000000,0.003032,0.026703,0.000000],[0.080799,0.168050,0.000000,0.010793,0.740357,0.000000],[0.768876,0.182370,0.000000,0.010484,0.038270,0.000000],[0.074191,0.176607,0.000000,0.011687,0.737516,0.000000],[0.073545,0.174702,0.000000,0.011877,0.739876,0.000000],[0.765734,0.189266,0.000000,0.010306,0.034694,0.000000],[0.867918,0.096540,0.000000,0.004469,0.031073,0.000000],[0.759063,0.190354,0.000000,0.011673,0.038910,0.000000],[0.151458,0.356335,0.000000,0.020498,0.471709,0.000000],[0.536281,0.367595,0.000000,0.021862,0.074263,0.000000],[0.536464,0.366648,0.000000,0.021777,0.075111,0.000000],[0.743786,0.198850,0.000000,0.011650,0.045714,0.000000],[0.738623,0.204065,0.000000,0.013663,0.043649,0.000000],[0.128053,0.265225,0.153909,0.017513,0.435299,0.000000],[1.000000,0.000000,0.000000,0.000000,0.000000,0.000000],[0.133387,0.181367,0.218381,0.016540,0.450324,0.000000],[0.818826,0.088078,0.061724,0.006135,0.025238,0.000000],[0.056974,0.024523,0.031800,0.001777,0.884926,0.000000],[1.000000,0.000000,0.000000,0.000000,0.000000,0.000000]],
  [[1.000000,0.000000,0.000000,0.000000,0.000000,0.000000],[0.837074,0.061921,0.066690,0.007360,0.026956,0.000000],[0.555537,0.355727,0.000000,0.018869,0.069867,0.000000],[0.358273,0.448679,0.000000,0.029096,0.163952,0.000000],[0.527430,0.380301,0.000000,0.020118,0.072151,0.000000],[0.074814,0.169584,0.000000,0.010500,0.745102,0.000000],[0.058934,0.084118,0.000000,0.003530,0.853419,0.000000],[0.887231,0.084109,0.000000,0.004007,0.024653,0.000000],[0.881239,0.089718,0.000000,0.003021,0.026022,0.000000],[0.889738,0.081489,0.000000,0.003735,0.025038,0.000000],[0.897420,0.074617,0.000000,0.003428,0.024535,0.000000],[0.903262,0.068783,0.000000,0.002596,0.025359,0.000000],[0.000000,0.000000,0.000000,0.000000,0.000000,1.000000],[0.813980,0.142404,0.000000,0.007893,0.035723,0.000000],[0.577444,0.335174,0.000000,0.018592,0.068789,0.000000],[0.559485,0.349261,0.000000,0.019938,0.071316,0.000000],[0.580546,0.331065,0.000000,0.018092,0.070296,0.000000],[0.832809,0.130111,0.000000,0.007557,0.029523,0.000000],[0.000000,0.000000,0.000000,0.000000,0.000000,1.000000],[0.000000,0.000000,0.000000,0.000000,0.000000,1.000000],[0.000000,0.000000,0.000000,0.000000,0.000000,1.000000],[0.887999,0.082211,0.000000,0.003836,0.025955,0.000000],[0.063717,0.079517,0.000000,0.003969,0.852798,0.000000],[0.872771,0.094809,0.000000,0.004641,0.027779,0.000000],[0.872879,0.093457,0.000000,0.003829,0.029835,0.000000],[0.874694,0.093823,0.000000,0.004344,0.027138,0.000000],[0.058053,0.084747,0.000000,0.004710,0.852490,0.000000],[0.056706,0.084376,0.000000,0.004352,0.854565,0.000000],[0.755705,0.192932,0.000000,0.011986,0.039377,0.000000],[0.751152,0.195213,0.000000,0.013721,0.039914,0.000000],[0.536219,0.367578,0.000000,0.020289,0.075915,0.000000],[0.533850,0.369532,0.000000,0.021369,0.075249,0.000000],[0.541500,0.363158,0.000000,0.021304,0.074038,0.000000],[0.089907,0.195897,0.000000,0.012527,0.701669,0.000000],[0.787228,0.100403,0.076441,0.007554,0.028373,0.000000],[0.801987,0.079057,0.084789,0.007783,0.026384,0.000000],[1.000000,0.000000,0.000000,0.000000,0.000000,0.000000],[0.829177,0.064122,0.072442,0.006586,0.027673,0.000000],[0.935590,0.019758,0.025222,0.001674,0.017756,0.000000],[1.000000,0.000000,0.000000,0.000000,0.000000,0.000000]],
  [[1.000000,0.000000,0.000000,0.000000,0.000000,0.000000],[0.075879,0.069735,0.075922,0.008196,0.770267,0.000000],[0.570042,0.340766,0.000000,0.020267,0.068925,0.000000],[0.547460,0.359286,0.000000,0.020540,0.072714,0.000000],[0.549053,0.360278,0.000000,0.018729,0.071940,0.000000],[0.759523,0.189764,0.000000,0.010809,0.039903,0.000000],[0.875489,0.094041,0.000000,0.004416,0.026054,0.000000],[0.883294,0.085827,0.000000,0.003250,0.027629,0.000000],[0.886160,0.083768,0.000000,0.004160,0.025913,0.000000],[0.890478,0.079608,0.000000,0.003994,0.025919,0.000000],[0.904808,0.068755,0.000000,0.003401,0.023037,0.000000],[0.000000,0.000000,0.000000,0.000000,0.000000,1.000000],[0.901561,0.070549,0.000000,0.003163,0.024727,0.000000],[0.080404,0.148969,0.000000,0.008733,0.761894,0.000000],[0.558863,0.353127,0.000000,0.019277,0.068733,0.000000],[0.371224,0.440908,0.000000,0.028436,0.159432,0.000000],[0.584316,0.328684,0.000000,0.017847,0.069153,0.000000],[0.000000,0.000000,0.000000,0.000000,0.000000,1.000000],[0.000000,0.000000,0.000000,0.000000,0.000000,1.000000],[0.917049,0.059236,0.000000,0.001947,0.021769,0.000000],[0.907793,0.067038,0.000000,0.003051,0.022119,0.000000],[0.061845,0.067896,0.000000,0.003243,0.867016,0.000000],[0.885147,0.083561,0.000000,0.003567,0.027726,0.000000],[0.055635,0.077056,0.000000,0.003651,0.863658,0.000000],[0.882967,0.088539,0.000000,0.004140,0.024354,0.000000],[0.881243,0.088547,0.000000,0.003921,0.026290,0.000000],[0.880250,0.088419,0.000000,0.003588,0.027743,0.000000],[0.870976,0.093275,0.000000,0.005221,0.030528,0.000000],[0.870130,0.095628,0.000000,0.004314,0.029927,0.000000],[0.756673,0.191085,0.000000,0.013260,0.038982,0.000000],[0.149172,0.377160,0.000000,0.020776,0.452892,0.000000],[0.338940,0.463129,0.000000,0.033044,0.164888,0.000000],[0.534728,0.375348,0.000000,0.020645,0.069278,0.000000],[0.153781,0.359581,0.000000,0.022072,0.464566,0.000000],[0.146506,0.375938,0.000000,0.021846,0.455710,0.000000],[0.541219,0.230552,0.156094,0.016125,0.056010,0.000000],[0.063623,0.063753,0.071076,0.007591,0.793956,0.000000],[1.000000,0.000000,0.000000,0.000000,0.000000,0.000000],[1.000000,0.000000,0.000000,0.000000,0.000000,0.000000],[1.000000,0.000000,0.000000,0.000000,0.000000,0.000000]],
  [[1.000000,0.000000,0.000000,0.000000,0.000000,0.000000],[0.580712,0.124271,0.229003,0.013225,0.052788,0.000000],[0.563041,0.347900,0.000000,0.019290,0.069769,0.000000],[0.550826,0.356620,0.000000,0.020702,0.071852,0.000000],[0.748127,0.197311,0.000000,0.011659,0.042903,0.000000],[0.756522,0.193591,0.000000,0.011624,0.038263,0.000000],[0.056694,0.085147,0.000000,0.003928,0.854231,0.000000],[0.047973,0.076718,0.000000,0.004005,0.871305,0.000000],[0.885691,0.086527,0.000000,0.003336,0.024446,0.000000],[0.889869,0.081270,0.000000,0.004074,0.024787,0.000000],[0.900931,0.071898,0.000000,0.003141,0.024030,0.000000],[0.000000,0.000000,0.000000,0.000000,0.000000,1.000000],[0.898978,0.068969,0.000000,0.003120,0.028933,0.000000],[0.805624,0.153111,0.000000,0.008309,0.032957,0.000000],[0.550260,0.358898,0.000000,0.020120,0.070721,0.000000],[0.573096,0.336085,0.000000,0.017333,0.073486,0.000000],[0.164043,0.292802,0.000000,0.015879,0.527276,0.000000],[0.850816,0.115990,0.000000,0.005449,0.027745,0.000000],[0.000000,0.000000,0.000000,0.000000,0.000000,1.000000],[0.904658,0.071166,0.000000,0.002610,0.021566,0.000000],[0.060846,0.076629,0.000000,0.003496,0.859028,0.000000],[0.877844,0.089955,0.000000,0.003883,0.028318,0.000000],[0.884127,0.085301,0.000000,0.003682,0.026890,0.000000],[0.885427,0.084117,0.000000,0.003398,0.027059,0.000000],[0.880119,0.091769,0.000000,0.003357,0.024755,0.000000],[0.880874,0.090576,0.000000,0.003097,0.025453,0.000000],[0.877491,0.089553,0.000000,0.002829,0.030127,0.000000],[0.054577,0.080041,0.000000,0.004022,0.861359,0.000000],[0.058387,0.084175,0.000000,0.004350,0.853088,0.000000],[0.076735,0.174182,0.000000,0.010676,0.738407,0.000000],[0.521562,0.385799,0.000000,0.021310,0.071329,0.000000],[0.150031,0.373299,0.000000,0.020256,0.456414,0.000000],[0.532456,0.375507,0.000000,0.021459,0.070578,0.000000],[0.534896,0.369650,0.000000,0.021199,0.074255,0.000000],[0.340293,0.472415,0.000000,0.028916,0.158376,0.000000],[0.150382,0.379477,0.000000,0.019610,0.450531,0.000000],[0.065474,0.073386,0.070755,0.007793,0.782591,0.000000],[1.000000,0.000000,0.000000,0.000000,0.000000,0.000000],[0.942115,0.016029,0.022620,0.001819,0.017417,0.000000],[1.000000,0.000000,0.000000,0.000000,0.000000,0.000000]],
  [[1.000000,0.000000,0.000000,0.000000,0.000000,0.000000],[0.554317,0.142105,0.235379,0.013740,0.054459,0.000000],[0.356229,0.452139,0.000000,0.030372,0.161260,0.000000],[0.525127,0.383936,0.000000,0.020715,0.070222,0.000000],[0.751681,0.195496,0.000000,0.010961,0.041862,0.000000],[0.867630,0.099133,0.000000,0.004636,0.028601,0.000000],[0.869077,0.097396,0.000000,0.003995,0.029532,0.000000],[0.883509,0.085307,0.000000,0.003973,0.027210,0.000000],[0.053585,0.076635,0.000000,0.003349,0.866432,0.000000],[0.887520,0.082783,0.000000,0.003284,0.026413,0.000000],[0.892983,0.080217,0.000000,0.002679,0.024121,0.000000],[0.895490,0.075554,0.000000,0.002767,0.026189,0.000000],[0.000000,0.000000,0.000000,0.000000,0.000000,1.000000],[0.080795,0.148093,0.000000,0.008798,0.762313,0.000000],[0.796341,0.161782,0.000000,0.009046,0.032831,0.000000],[0.084263,0.149255,0.000000,0.009551,0.756931,0.000000],[0.000000,0.000000,0.000000,0.000000,0.000000,1.000000],[0.000000,0.000000,0.000000,0.000000,0.000000,1.000000],[0.817858,0.141978,0.000000,0.007252,0.032912,0.000000],[0.800113,0.155977,0.000000,0.009211,0.034699,0.000000],[0.079541,0.169693,0.000000,0.010441,0.740325,0.000000],[0.877015,0.090596,0.000000,0.004178,0.028211,0.000000],[0.047235,0.080349,0.000000,0.003379,0.869037,0.000000],[0.054643,0.077248,0.000000,0.003387,0.864722,0.000000],[0.881633,0.090242,0.000000,0.004037,0.024088,0.000000],[0.877060,0.091291,0.000000,0.003786,0.027863,0.000000],[0.056003,0.080978,0.000000,0.003417,0.859601,0.000000],[0.877274,0.090976,0.000000,0.004738,0.027012,0.000000],[0.871900,0.095922,0.000000,0.004095,0.028082,0.000000],[0.761106,0.188653,0.000000,0.010946,0.039294,0.000000],[0.757588,0.190277,0.000000,0.011314,0.040822,0.000000],[0.755768,0.193816,0.000000,0.011200,0.039217,0.000000],[0.748952,0.199034,0.000000,0.011679,0.040334,0.000000],[0.542416,0.364722,0.000000,0.021452,0.071410,0.000000],[0.521599,0.388389,0.000000,0.020231,0.069781,0.000000],[0.145728,0.378235,0.000000,0.018710,0.457327,0.000000],[0.810003,0.090766,0.066512,0.007392,0.025326,0.000000],[0.914315,0.029428,0.035871,0.002111,0.018275,0.000000],[0.937206,0.019194,0.027332,0.001645,0.014623,0.000000],[1.000000,0.000000,0.000000,0.000000,0.000000,0.000000]],
  [[1.000000,0.000000,0.000000,0.000000,0.000000,0.000000],[0.553367,0.136588,0.245067,0.013368,0.051611,0.000000],[0.152127,0.369119,0.000000,0.021082,0.457672,0.000000],[0.526318,0.377775,0.000000,0.020193,0.075714,0.000000],[0.764129,0.186607,0.000000,0.011128,0.038135,0.000000],[0.869910,0.099429,0.000000,0.003905,0.026756,0.000000],[0.051896,0.079736,0.000000,0.003522,0.864847,0.000000],[0.880203,0.088647,0.000000,0.004102,0.027048,0.000000],[0.882454,0.087869,0.000000,0.003669,0.026008,0.000000],[0.885055,0.082214,0.000000,0.003498,0.029233,0.000000],[0.054528,0.073703,0.000000,0.003706,0.868063,0.000000],[0.885510,0.082191,0.000000,0.003511,0.028788,0.000000],[0.810618,0.146317,0.000000,0.009152,0.033914,0.000000],[0.829612,0.135786,0.000000,0.007579,0.027022,0.000000],[0.817593,0.138150,0.000000,0.007376,0.036881,0.000000],[0.818434,0.137414,0.000000,0.008776,0.035376,0.000000],[0.821329,0.133774,0.000000,0.008415,0.036482,0.000000],[0.621973,0.292856,0.000000,0.015950,0.069220,0.000000],[0.158631,0.333126,0.000000,0.017842,0.490401,0.000000],[0.151724,0.374611,0.000000,0.020878,0.452787,0.000000],[0.766292,0.184421,0.000000,0.009915,0.039371,0.000000],[0.871863,0.091022,0.000000,0.004729,0.032386,0.000000],[0.053916,0.077528,0.000000,0.003758,0.864798,0.000000],[0.879545,0.091295,0.000000,0.003858,0.025302,0.000000],[0.879832,0.089527,0.000000,0.003741,0.026900,0.000000],[0.054577,0.083482,0.000000,0.005097,0.856844,0.000000],[0.871725,0.094881,0.000000,0.004207,0.029186,0.000000],[0.868543,0.096160,0.000000,0.004183,0.031114,0.000000],[0.868657,0.096665,0.000000,0.004443,0.030235,0.000000],[0.054085,0.088775,0.000000,0.004812,0.852329,0.000000],[0.869245,0.095378,0.000000,0.004467,0.030910,0.000000],[0.868833,0.096333,0.000000,0.004247,0.030587,0.000000],[0.077905,0.175269,0.000000,0.010532,0.736294,0.000000],[0.076755,0.176284,0.000000,0.010035,0.736927,0.000000],[0.076979,0.172357,0.000000,0.011280,0.739384,0.000000],[0.075766,0.172387,0.000000,0.010365,0.741482,0.000000],[0.078087,0.167796,0.000000,0.011132,0.742985,0.000000],[0.892113,0.080629,0.000000,0.003019,0.024239,0.000000],[0.930751,0.021461,0.029327,0.001773,0.016687,0.000000],[1.000000,0.000000,0.000000,0.000000,0.000000,0.000000]],
  [[1.000000,0.000000,0.000000,0.000000,0.000000,0.000000],[0.067826,0.063100,0.070986,0.006647,0.791441,0.000000],[0.079872,0.173488,0.000000,0.009118,0.737523,0.000000],[0.762327,0.188327,0.000000,0.011375,0.037971,0.000000],[0.764137,0.185437,0.000000,0.010796,0.039631,0.000000],[0.867422,0.096944,0.000000,0.004398,0.031236,0.000000],[0.878748,0.089900,0.000000,0.004401,0.026952,0.000000],[0.880403,0.089611,0.000000,0.004189,0.025797,0.000000],[0.878380,0.090809,0.000000,0.003939,0.026872,0.000000],[0.883491,0.088683,0.000000,0.003600,0.024227,0.000000],[0.053857,0.077008,0.000000,0.003507,0.865628,0.000000],[0.059666,0.079685,0.000000,0.003863,0.856786,0.000000],[0.796948,0.157692,0.000000,0.010650,0.034711,0.000000],[0.000000,0.000000,0.000000,0.000000,0.000000,1.000000],[0.000000,0.000000,0.000000,0.000000,0.000000,1.000000],[0.582886,0.328823,0.000000,0.018418,0.069874,0.000000],[0.792452,0.159923,0.000000,0.009922,0.037704,0.000000],[0.000000,0.000000,0.000000,0.000000,0.000000,1.000000],[0.370577,0.436331,0.000000,0.029188,0.163904,0.000000],[0.151307,0.371310,0.000000,0.018853,0.458530,0.000000],[0.764694,0.186658,0.000000,0.010776,0.037871,0.000000],[0.057730,0.084873,0.000000,0.003818,0.853580,0.000000],[0.868715,0.096458,0.000000,0.003954,0.030873,0.000000],[0.873514,0.094345,0.000000,0.004725,0.027416,0.000000],[0.870438,0.095136,0.000000,0.004546,0.029880,0.000000],[0.872793,0.092203,0.000000,0.004896,0.030108,0.000000],[0.764528,0.188236,0.000000,0.011306,0.035929,0.000000],[0.761140,0.188075,0.000000,0.012284,0.038501,0.000000],[0.763719,0.188230,0.000000,0.011808,0.036243,0.000000],[0.755815,0.195804,0.000000,0.011709,0.036672,0.000000],[0.757221,0.194470,0.000000,0.011410,0.036899,0.000000],[0.054984,0.084711,0.000000,0.003995,0.856310,0.000000],[0.056890,0.084900,0.000000,0.004494,0.853716,0.000000],[0.873623,0.095348,0.000000,0.003974,0.027055,0.000000],[0.056651,0.084638,0.000000,0.004028,0.854682,0.000000],[0.874839,0.094371,0.000000,0.004158,0.026632,0.000000],[0.878029,0.092115,0.000000,0.003135,0.026722,0.000000],[0.892806,0.079703,0.000000,0.003123,0.024368,0.000000],[0.047191,0.020259,0.029871,0.001686,0.900993,0.000000],[1.000000,0.000000,0.000000,0.000000,0.000000,0.000000]],
  [[1.000000,0.000000,0.000000,0.000000,0.000000,0.000000],[0.919792,0.026770,0.033292,0.001748,0.018398,0.000000],[0.885513,0.081889,0.000000,0.003953,0.028646,0.000000],[0.050204,0.086529,0.000000,0.004040,0.859227,0.000000],[0.865176,0.097785,0.000000,0.004923,0.032115,0.000000],[0.060845,0.084078,0.000000,0.003459,0.851618,0.000000],[0.044898,0.078629,0.000000,0.004157,0.872316,0.000000],[0.879477,0.087001,0.000000,0.004907,0.028614,0.000000],[0.050181,0.080653,0.000000,0.003096,0.866070,0.000000],[0.882942,0.086323,0.000000,0.004428,0.026308,0.000000],[0.880036,0.089468,0.000000,0.003337,0.027159,0.000000],[0.880877,0.087645,0.000000,0.004530,0.026948,0.000000],[0.075864,0.152092,0.000000,0.009070,0.762974,0.000000],[0.588653,0.322763,0.000000,0.018896,0.069688,0.000000],[0.390044,0.407009,0.000000,0.027473,0.175474,0.000000],[0.573068,0.339716,0.000000,0.018022,0.069194,0.000000],[0.807478,0.148702,0.000000,0.008777,0.035043,0.000000],[0.622198,0.288343,0.000000,0.016536,0.072924,0.000000],[0.615839,0.296767,0.000000,0.016671,0.070723,0.000000],[0.583321,0.329778,0.000000,0.019263,0.067638,0.000000],[0.082750,0.189208,0.000000,0.010638,0.717404,0.000000],[0.073516,0.174382,0.000000,0.011855,0.740247,0.000000],[0.759011,0.191737,0.000000,0.012320,0.036932,0.000000],[0.766449,0.186866,0.000000,0.010655,0.036031,0.000000],[0.870473,0.098048,0.000000,0.004236,0.027243,0.000000],[0.865476,0.099584,0.000000,0.003691,0.031249,0.000000],[0.765395,0.183058,0.000000,0.011849,0.039698,0.000000],[0.534195,0.372684,0.000000,0.020120,0.073000,0.000000],[0.519521,0.384384,0.000000,0.020614,0.075481,0.000000],[0.531611,0.379138,0.000000,0.020628,0.068623,0.000000],[0.759592,0.190087,0.000000,0.011376,0.038944,0.000000],[0.057605,0.087329,0.000000,0.003972,0.851094,0.000000],[0.885930,0.086867,0.000000,0.004418,0.022786,0.000000],[0.053477,0.079881,0.000000,0.003733,0.862909,0.000000],[0.054352,0.078338,0.000000,0.004265,0.863044,0.000000],[0.883789,0.087772,0.000000,0.003696,0.024742,0.000000],[0.879064,0.085463,0.000000,0.004308,0.031164,0.000000],[0.895025,0.078007,0.000000,0.003148,0.023820,0.000000],[0.928168,0.023565,0.030563,0.001531,0.016174,0.000000],[1.000000,0.000000,0.000000,0.000000,0.000000,0.000000]],
  [[1.000000,0.000000,0.000000,0.000000,0.000000,0.000000],[0.838745,0.060319,0.067641,0.006548,0.026746,0.000000],[0.080665,0.169745,0.000000,0.010161,0.739429,0.000000],[0.763293,0.187409,0.000000,0.012384,0.036914,0.000000],[0.754963,0.192495,0.000000,0.012415,0.040127,0.000000],[0.870073,0.093997,0.000000,0.004492,0.031438,0.000000],[0.052285,0.076196,0.000000,0.004109,0.867410,0.000000],[0.052463,0.076384,0.000000,0.003739,0.867415,0.000000],[0.049774,0.080839,0.000000,0.004263,0.865124,0.000000],[0.049916,0.075703,0.000000,0.003416,0.870966,0.000000],[0.881781,0.087340,0.000000,0.004169,0.026710,0.000000],[0.874484,0.093291,0.000000,0.004309,0.027916,0.000000],[0.769319,0.183770,0.000000,0.010769,0.036142,0.000000],[0.152658,0.369893,0.000000,0.019254,0.458195,0.000000],[0.559815,0.352939,0.000000,0.020114,0.067132,0.000000],[0.569565,0.342123,0.000000,0.018873,0.069439,0.000000],[0.787883,0.161082,0.000000,0.009449,0.041586,0.000000],[0.000000,0.000000,0.000000,0.000000,0.000000,1.000000],[0.000000,0.000000,0.000000,0.000000,0.000000,1.000000],[0.086449,0.158698,0.000000,0.010315,0.744538,0.000000],[0.548485,0.359736,0.000000,0.021119,0.070660,0.000000],[0.147540,0.376028,0.000000,0.020231,0.456201,0.000000],[0.148109,0.371030,0.000000,0.019388,0.461472,0.000000],[0.763423,0.187217,0.000000,0.011946,0.037414,0.000000],[0.867060,0.094508,0.000000,0.004548,0.033884,0.000000],[0.869956,0.093939,0.000000,0.005245,0.030860,0.000000],[0.766606,0.182380,0.000000,0.010993,0.040021,0.000000],[0.148527,0.370246,0.000000,0.019198,0.462029,0.000000],[0.348043,0.462917,0.000000,0.028598,0.160442,0.000000],[0.149726,0.373280,0.000000,0.021143,0.455851,0.000000],[0.761348,0.187146,0.000000,0.011718,0.039788,0.000000],[0.056767,0.085763,0.000000,0.003999,0.853471,0.000000],[0.064123,0.083852,0.000000,0.003670,0.848355,0.000000],[0.874522,0.090318,0.000000,0.005202,0.029959,0.000000],[0.869098,0.096596,0.000000,0.004175,0.030131,0.000000],[0.881693,0.086338,0.000000,0.003544,0.028425,0.000000],[0.885663,0.083717,0.000000,0.003977,0.026643,0.000000],[0.896003,0.076166,0.000000,0.003257,0.024574,0.000000],[0.049467,0.021324,0.030488,0.001667,0.897055,0.000000],[1.000000,0.000000,0.000000,0.000000,0.000000,0.000000]],
  [[1.000000,0.000000,0.000000,0.000000,0.000000,0.000000],[0.129751,0.155259,0.249039,0.014476,0.451475,0.000000],[0.546213,0.364597,0.000000,0.019471,0.069719,0.000000],[0.522934,0.385205,0.000000,0.020979,0.070882,0.000000],[0.766037,0.185815,0.000000,0.012159,0.035989,0.000000],[0.870834,0.094257,0.000000,0.004498,0.030411,0.000000],[0.877998,0.089137,0.000000,0.004433,0.028432,0.000000],[0.878593,0.087189,0.000000,0.003544,0.030674,0.000000],[0.878929,0.087544,0.000000,0.003872,0.029655,0.000000],[0.055178,0.076764,0.000000,0.003968,0.864090,0.000000],[0.883321,0.087661,0.000000,0.003984,0.025034,0.000000],[0.875235,0.093365,0.000000,0.004709,0.026692,0.000000],[0.076386,0.171796,0.000000,0.009319,0.742499,0.000000],[0.078541,0.175486,0.000000,0.011107,0.734866,0.000000],[0.756443,0.190788,0.000000,0.012970,0.039799,0.000000],[0.557436,0.351942,0.000000,0.019540,0.071082,0.000000],[0.161342,0.301673,0.000000,0.018515,0.518469,0.000000],[0.000000,0.000000,0.000000,0.000000,0.000000,1.000000],[0.813711,0.141752,0.000000,0.007523,0.037015,0.000000],[0.789368,0.165887,0.000000,0.009633,0.035112,0.000000],[0.525045,0.379695,0.000000,0.020720,0.074541,0.000000],[0.344433,0.467704,0.000000,0.028695,0.159168,0.000000],[0.526375,0.379567,0.000000,0.021464,0.072594,0.000000],[0.768789,0.181550,0.000000,0.011483,0.038178,0.000000],[0.874190,0.095206,0.000000,0.004222,0.026382,0.000000],[0.878099,0.090577,0.000000,0.004082,0.027243,0.000000],[0.771665,0.180870,0.000000,0.010690,0.036775,0.000000],[0.154276,0.367984,0.000000,0.019735,0.458005,0.000000],[0.529914,0.377635,0.000000,0.021050,0.071401,0.000000],[0.549592,0.359078,0.000000,0.019058,0.072272,0.000000],[0.082150,0.183100,0.000000,0.012549,0.722201,0.000000],[0.758939,0.189209,0.000000,0.011156,0.040696,0.000000],[0.073177,0.177275,0.000000,0.011530,0.738018,0.000000],[0.764902,0.183794,0.000000,0.011492,0.039811,0.000000],[0.874771,0.093204,0.000000,0.004158,0.027868,0.000000],[0.053986,0.078034,0.000000,0.003799,0.864181,0.000000],[0.880407,0.088837,0.000000,0.003673,0.027084,0.000000],[0.053856,0.077501,0.000000,0.002906,0.865737,0.000000],[0.927170,0.021403,0.031704,0.002024,0.017699,0.000000],[1.000000,0.000000,0.000000,0.000000,0.000000,0.000000]],
  [[1.000000,0.000000,0.000000,0.000000,0.000000,0.000000],[0.552418,0.138383,0.243100,0.013733,0.052367,0.000000],[0.356743,0.459021,0.000000,0.027526,0.156710,0.000000],[0.147453,0.371842,0.000000,0.020140,0.460565,0.000000],[0.073227,0.172276,0.000000,0.010866,0.743631,0.000000],[0.868723,0.094095,0.000000,0.004203,0.032979,0.000000],[0.871547,0.094302,0.000000,0.004645,0.029507,0.000000],[0.058389,0.081421,0.000000,0.004085,0.856105,0.000000],[0.051980,0.083509,0.000000,0.004414,0.860097,0.000000],[0.053314,0.083022,0.000000,0.003842,0.859823,0.000000],[0.053687,0.083977,0.000000,0.003705,0.858630,0.000000],[0.051185,0.084490,0.000000,0.003958,0.860368,0.000000],[0.868471,0.096201,0.000000,0.004283,0.031045,0.000000],[0.867298,0.095385,0.000000,0.004983,0.032334,0.000000],[0.761521,0.189725,0.000000,0.012032,0.036722,0.000000],[0.539404,0.371847,0.000000,0.020042,0.068707,0.000000],[0.365054,0.438450,0.000000,0.029245,0.167252,0.000000],[0.565919,0.347148,0.000000,0.017923,0.069010,0.000000],[0.787970,0.166110,0.000000,0.010341,0.035579,0.000000],[0.078385,0.168140,0.000000,0.010732,0.742743,0.000000],[0.524973,0.381552,0.000000,0.020036,0.073439,0.000000],[0.149485,0.378381,0.000000,0.022505,0.449629,0.000000],[0.529178,0.380670,0.000000,0.022033,0.068119,0.000000],[0.799266,0.096936,0.069409,0.007597,0.026792,0.000000],[0.906658,0.032051,0.037359,0.002697,0.021236,0.000000],[0.911435,0.030589,0.035567,0.002206,0.020203,0.000000],[0.063772,0.071605,0.069810,0.007261,0.787552,0.000000],[0.810267,0.093262,0.062656,0.008730,0.025085,0.000000],[0.077588,0.170415,0.000000,0.010525,0.741472,0.000000],[0.759008,0.190107,0.000000,0.010597,0.040289,0.000000],[0.546612,0.360477,0.000000,0.021691,0.071220,0.000000],[0.517637,0.389987,0.000000,0.020903,0.071473,0.000000],[0.531701,0.379786,0.000000,0.020398,0.068114,0.000000],[0.072341,0.171179,0.000000,0.010940,0.745540,0.000000],[0.868358,0.096140,0.000000,0.004612,0.030890,0.000000],[0.052609,0.077269,0.000000,0.003758,0.866364,0.000000],[0.884377,0.087278,0.000000,0.003848,0.024497,0.000000],[0.057024,0.073800,0.000000,0.003550,0.865627,0.000000],[0.928055,0.021781,0.030704,0.002356,0.017103,0.000000],[1.000000,0.000000,0.000000,0.000000,0.000000,0.000000]],
  [[1.000000,0.000000,0.000000,0.000000,0.000000,0.000000],[0.132094,0.152995,0.242825,0.016030,0.456057,0.000000],[0.552386,0.363252,0.000000,0.018405,0.065957,0.000000],[0.148618,0.372850,0.000000,0.020870,0.457662,0.000000],[0.075075,0.178215,0.000000,0.009491,0.737219,0.000000],[0.868866,0.098366,0.000000,0.004225,0.028543,0.000000],[0.866596,0.096364,0.000000,0.004693,0.032347,0.000000],[0.074837,0.168119,0.000000,0.009651,0.747393,0.000000],[0.075488,0.168994,0.000000,0.012305,0.743213,0.000000],[0.763072,0.189201,0.000000,0.010110,0.037617,0.000000],[0.075663,0.172294,0.000000,0.010988,0.741055,0.000000],[0.761966,0.185413,0.000000,0.012919,0.039702,0.000000],[0.873221,0.096656,0.000000,0.003959,0.026165,0.000000],[0.864853,0.097002,0.000000,0.004697,0.033448,0.000000],[0.764282,0.191005,0.000000,0.011616,0.033097,0.000000],[0.530236,0.381396,0.000000,0.021444,0.066924,0.000000],[0.522691,0.385279,0.000000,0.020319,0.071710,0.000000],[0.147469,0.368883,0.000000,0.019516,0.464132,0.000000],[0.767268,0.180554,0.000000,0.011259,0.040919,0.000000],[0.770168,0.180997,0.000000,0.011265,0.037570,0.000000],[0.760579,0.187749,0.000000,0.011525,0.040148,0.000000],[0.757338,0.190700,0.000000,0.011248,0.040715,0.000000],[0.762246,0.187277,0.000000,0.013310,0.037167,0.000000],[0.800104,0.096032,0.069290,0.006849,0.027725,0.000000],[1.000000,0.000000,0.000000,0.000000,0.000000,0.000000],[1.000000,0.000000,0.000000,0.000000,0.000000,0.000000],[1.000000,0.000000,0.000000,0.000000,0.000000,0.000000],[0.910537,0.029249,0.037854,0.002322,0.020038,0.000000],[0.899240,0.038833,0.039729,0.002687,0.019511,0.000000],[0.761580,0.188517,0.000000,0.010162,0.039741,0.000000],[0.538840,0.372055,0.000000,0.018736,0.070368,0.000000],[0.348607,0.460635,0.000000,0.029744,0.161013,0.000000],[0.146928,0.374762,0.000000,0.019691,0.458618,0.000000],[0.762415,0.187547,0.000000,0.011524,0.038515,0.000000],[0.870745,0.095637,0.000000,0.004280,0.029338,0.000000],[0.048203,0.077634,0.000000,0.004118,0.870045,0.000000],[0.884911,0.086643,0.000000,0.004600,0.023846,0.000000],[0.057565,0.076763,0.000000,0.003363,0.862310,0.000000],[0.047795,0.018743,0.030907,0.001726,0.900830,0.000000],[1.000000,0.000000,0.000000,0.000000,0.000000,0.000000]],
