[
  [[1.000000,0.000000,0.000000,0.000000,0.000000,0.000000],[1.000000,0.000000,0.000000,0.000000,0.000000,0.000000],[1.000000,0.000000,0.000000,0.000000,0.000000,0.000000],[1.000000,0.000000,0.000000,0.000000,0.000000,0.000000],[1.000000,0.000000,0.000000,0.000000,0.000000,0.000000],[1.000000,0.000000,0.000000,0.000000,0.000000,0.000000],[1.000000,0.000000,0.000000,0.000000,0.000000,0.000000],[1.000000,0.000000,0.000000,0.000000,0.000000,0.000000],[1.000000,0.000000,0.000000,0.000000,0.000000,0.000000],[1.000000,0.000000,0.000000,0.000000,0.000000,0.000000],[1.000000,0.000000,0.000000,0.000000,0.000000,0.000000],[1.000000,0.000000,0.000000,0.000000,0.000000,0.000000],[1.000000,0.000000,0.000000,0.000000,0.000000,0.000000],[1.000000,0.000000,0.000000,0.000000,0.000000,0.000000],[1.000000,0.000000,0.000000,0.000000,0.000000,0.000000],[1.000000,0.000000,0.000000,0.000000,0.000000,0.000000],[1.000000,0.000000,0.000000,0.000000,0.000000,0.000000],[1.000000,0.000000,0.000000,0.000000,0.000000,0.000000],[1.000000,0.000000,0.000000,0.000000,0.000000,0.000000],[1.000000,0.000000,0.000000,0.000000,0.000000,0.000000],[1.000000,0.000000,0.000000,0.000000,0.000000,0.000000],[1.000000,0.000000,0.000000,0.000000,0.000000,0.000000],[1.000000,0.000000,0.000000,0.000000,0.000000,0.000000],[1.000000,0.000000,0.000000,0.000000,0.000000,0.000000],[1.000000,0.000000,0.000000,0.000000,0.000000,0.000000],[1.000000,0.000000,0.000000,0.000000,0.000000,0.000000],[1.000000,0.000000,0.000000,0.000000,0.000000,0.000000],[1.000000,0.000000,0.000000,0.000000,0.000000,0.000000],[1.000000,0.000000,0.000000,0.000000,0.000000,0.000000],[1.000000,0.000000,0.000000,0.000000,0.000000,0.000000],[1.000000,0.000000,0.000000,0.000000,0.000000,0.000000],[1.000000,0.000000,0.000000,0.000000,0.000000,0.000000],[1.000000,0.000000,0.000000,0.000000,0.000000,0.000000],[1.000000,0.000000,0.000000,0.000000,0.000000,0.000000],[1.000000,0.000000,0.000000,0.000000,0.000000,0.000000],[1.000000,0.000000,0.000000,0.000000,0.000000,0.000000],[1.000000,0.000000,0.000000,0.000000,0.000000,0.000000],[1.000000,0.000000,0.000000,0.000000,0.000000,0.000000],[1.000000,0.000000,0.000000,0.000000,0.000000,0.000000],[1.000000,0.000000,0.000000,0.000000,0.000000,0.000000]],
  [[1.000000,0.000000,0.000000,0.000000,0.000000,0.000000],[0.944739,0.015497,0.024387,0.001519,0.013858,0.000000],[0.927576,0.023193,0.030718,0.001973,0.016540,0.000000],[0.839951,0.058499,0.068678,0.006912,0.025960,0.000000],[0.835687,0.059465,0.071615,0.006925,0.026308,0.000000],[0.075020,0.072478,0.075744,0.008091,0.768667,0.000000],[0.575411,0.128512,0.228693,0.013870,0.053515,0.000000],[0.569884,0.127401,0.236384,0.014621,0.051709,0.000000],[0.135616,0.148893,0.245252,0.014968,0.455271,0.000000],[0.835400,0.061172,0.070505,0.006249,0.026673,0.000000],[0.051346,0.024727,0.031946,0.001717,0.890263,0.000000],[0.926054,0.022742,0.029941,0.002112,0.019151,0.000000],[0.055015,0.024290,0.033767,0.001936,0.884991,0.000000],[0.838546,0.059846,0.068562,0.006479,0.026567,0.000000],[0.567054,0.130719,0.232601,0.012975,0.056651,0.000000],[0.564520,0.130728,0.235803,0.013967,0.054982,0.000000],[0.573635,0.124676,0.232400,0.014052,0.055236,0.000000],[0.139466,0.139912,0.244454,0.014817,0.461350,0.000000],[0.136621,0.151360,0.254539,0.014234,0.443245,0.000000],[0.556398,0.139863,0.236281,0.013421,0.054037,0.000000],[0.831194,0.064475,0.071244,0.006604,0.026483,0.000000],[0.832497,0.061647,0.073477,0.006174,0.026206,0.000000],[0.565050,0.138033,0.228780,0.013471,0.054667,0.000000],[0.564852,0.133253,0.233181,0.013883,0.054831,0.000000],[0.556568,0.135080,0.239743,0.015783,0.052826,0.000000],[0.069697,0.067099,0.066714,0.007240,0.789250,0.000000],[0.921761,0.024683,0.032218,0.001986,0.019352,0.000000],[0.922252,0.023954,0.033177,0.002241,0.018375,0.000000],[0.832896,0.062972,0.069841,0.006660,0.027631,0.000000],[0.560100,0.134307,0.236477,0.014486,0.054630,0.000000],[0.131687,0.150465,0.247918,0.015136,0.454794,0.000000],[0.566723,0.133472,0.232624,0.015554,0.051626,0.000000],[0.836661,0.061216,0.066426,0.006698,0.028998,0.000000],[0.924826,0.024086,0.030127,0.002586,0.018376,0.000000],[0.928040,0.022551,0.027862,0.001632,0.019915,0.000000],[0.929331,0.023178,0.027152,0.001764,0.018574,0.000000],[0.057317,0.020018,0.028165,0.002347,0.892153,0.000000],[0.930369,0.019032,0.028714,0.001605,0.020279,0.000000],[0.054063,0.015440,0.023912,0.001426,0.905159,0.000000],[1.000000,0.000000,0.000000,0.000000,0.000000,0.000000]],
  [[1.000000,0.000000,0.000000,0.000000,0.000000,0.000000],[0.048422,0.019385,0.029036,0.001835,0.901321,0.000000],[0.898101,0.077104,0.000000,0.003301,0.021494,0.000000],[0.780729,0.173379,0.000000,0.010412,0.035480,0.000000],[0.155771,0.360669,0.000000,0.020178,0.463381,0.000000],[0.564330,0.345821,0.000000,0.019552,0.070298,0.000000],[0.167480,0.435287,0.000000,0.023395,0.373837,0.000000],[0.370391,0.434099,0.000000,0.030213,0.165297,0.000000],[0.550069,0.363704,0.000000,0.018763,0.067464,0.000000],[0.779603,0.171227,0.000000,0.009941,0.039228,0.000000],[0.059569,0.082391,0.000000,0.003471,0.854570,0.000000],[0.057065,0.075387,0.000000,0.002945,0.864603,0.000000],[0.887421,0.083650,0.000000,0.003906,0.025024,0.000000],[0.781590,0.171101,0.000000,0.009434,0.037875,0.000000],[0.547459,0.364568,0.000000,0.019810,0.068164,0.000000],[0.354751,0.454989,0.000000,0.027770,0.162490,0.000000],[0.559869,0.354875,0.000000,0.018664,0.066592,0.000000],[0.560453,0.347789,0.000000,0.020049,0.071709,0.000000],[0.369066,0.444699,0.000000,0.027536,0.158699,0.000000],[0.556578,0.354461,0.000000,0.019890,0.069071,0.000000],[0.752883,0.194763,0.000000,0.011149,0.041205,0.000000],[0.754955,0.191004,0.000000,0.011419,0.042621,0.000000],[0.554947,0.355853,0.000000,0.020797,0.068404,0.000000],[0.375169,0.431030,0.000000,0.027915,0.165887,0.000000],[0.559572,0.353042,0.000000,0.020301,0.067085,0.000000],[0.089816,0.170717,0.000000,0.011038,0.728428,0.000000],[0.880108,0.087772,0.000000,0.003268,0.028853,0.000000],[0.780795,0.176331,0.000000,0.011167,0.031707,0.000000],[0.771910,0.177439,0.000000,0.011152,0.039499,0.000000],[0.562521,0.347132,0.000000,0.020705,0.069642,0.000000],[0.375908,0.428409,0.000000,0.030203,0.165479,0.000000],[0.570952,0.340511,0.000000,0.019954,0.068583,0.000000],[0.780531,0.172779,0.000000,0.011359,0.035331,0.000000],[0.891558,0.083523,0.000000,0.003575,0.021344,0.000000],[0.056300,0.073614,0.000000,0.003259,0.866826,0.000000],[0.898854,0.073799,0.000000,0.003142,0.024204,0.000000],[0.902417,0.071314,0.000000,0.003331,0.022938,0.000000],[0.909428,0.067926,0.000000,0.003033,0.019612,0.000000],[0.937999,0.019220,0.026318,0.001595,0.014869,0.000000],[1.000000,0.000000,0.000000,0.000000,0.000000,0.000000]],
  [[1.000000,0.000000,0.000000,0.000000,0.000000,0.000000],[0.051125,0.020498,0.031617,0.001673,0.895087,0.000000],[0.887169,0.083427,0.000000,0.003572,0.025832,0.000000],[0.768245,0.182774,0.000000,0.011436,0.037545,0.000000],[0.523221,0.385050,0.000000,0.021401,0.070328,0.000000],[0.364809,0.437402,0.000000,0.030586,0.167203,0.000000],[0.418031,0.466999,0.000000,0.025379,0.089591,0.000000],[0.146837,0.357212,0.000000,0.020538,0.475413,0.000000],[0.532381,0.377089,0.000000,0.019681,0.070849,0.000000],[0.080602,0.173010,0.000000,0.010979,0.735409,0.000000],[0.876340,0.091924,0.000000,0.003904,0.027832,0.000000],[0.888742,0.083394,0.000000,0.003540,0.024323,0.000000],[0.877129,0.090203,0.000000,0.004083,0.028585,0.000000],[0.769780,0.175601,0.000000,0.011608,0.043011,0.000000],[0.154017,0.367975,0.000000,0.021376,0.456632,0.000000],[0.148691,0.374848,0.000000,0.020338,0.456123,0.000000],[0.534148,0.372357,0.000000,0.020736,0.072760,0.000000],[0.155893,0.349330,0.000000,0.021715,0.473062,0.000000],[0.160274,0.441309,0.000000,0.022082,0.376335,0.000000],[0.415566,0.466988,0.000000,0.025543,0.091903,0.000000],[0.541289,0.367285,0.000000,0.021608,0.069818,0.000000],[0.151661,0.350886,0.000000,0.022179,0.475275,0.000000],[0.164336,0.442429,0.000000,0.023153,0.370082,0.000000],[0.427898,0.456249,0.000000,0.024777,0.091076,0.000000],[0.544404,0.364974,0.000000,0.020070,0.070552,0.000000],[0.755539,0.190139,0.000000,0.012213,0.042108,0.000000],[0.079741,0.175906,0.000000,0.011278,0.733074,0.000000],[0.755182,0.191437,0.000000,0.011517,0.041864,0.000000],[0.159546,0.341889,0.000000,0.021136,0.477429,0.000000],[0.171788,0.416516,0.000000,0.023438,0.388257,0.000000],[0.431822,0.448963,0.000000,0.026093,0.093122,0.000000],[0.546911,0.361315,0.000000,0.021052,0.070722,0.000000],[0.077992,0.173471,0.000000,0.010760,0.737777,0.000000],[0.057736,0.080020,0.000000,0.003955,0.858290,0.000000],[0.887177,0.085180,0.000000,0.003695,0.023948,0.000000],[0.888315,0.080603,0.000000,0.003530,0.027552,0.000000],[0.893219,0.077025,0.000000,0.003371,0.026385,0.000000],[0.900362,0.072871,0.000000,0.002517,0.024250,0.000000],[0.933583,0.019281,0.028719,0.001534,0.016884,0.000000],[1.000000,0.000000,0.000000,0.000000,0.000000,0.000000]],
  [[1.000000,0.000000,0.000000,0.000000,0.000000,0.000000],[0.048154,0.020758,0.029783,0.001807,0.899498,0.000000],[0.057785,0.080486,0.000000,0.003781,0.857947,0.000000],[0.761724,0.186962,0.000000,0.011440,0.039875,0.000000],[0.153711,0.372392,0.000000,0.020820,0.453077,0.000000],[0.539319,0.366046,0.000000,0.021306,0.073328,0.000000],[0.547434,0.356076,0.000000,0.022032,0.074457,0.000000],[0.751598,0.192394,0.000000,0.012169,0.043839,0.000000],[0.079616,0.175300,0.000000,0.011839,0.733245,0.000000],[0.772621,0.177198,0.000000,0.011527,0.038655,0.000000],[0.879970,0.086205,0.000000,0.004397,0.029428,0.000000],[0.891716,0.077725,0.000000,0.003987,0.026572,0.000000],[0.060835,0.078755,0.000000,0.003920,0.856490,0.000000],[0.786734,0.171209,0.000000,0.010297,0.031760,0.000000],[0.074939,0.173891,0.000000,0.010330,0.740840,0.000000],[0.078204,0.178697,0.000000,0.011475,0.731624,0.000000],[0.753340,0.194165,0.000000,0.011519,0.040976,0.000000],[0.740689,0.202919,0.000000,0.012720,0.043672,0.000000],[0.540652,0.364336,0.000000,0.022153,0.072859,0.000000],[0.362942,0.437763,0.000000,0.030400,0.168895,0.000000],[0.156700,0.354077,0.000000,0.021328,0.467896,0.000000],[0.534425,0.370066,0.000000,0.020484,0.075025,0.000000],[0.370043,0.428214,0.000000,0.030208,0.171535,0.000000],[0.536938,0.368285,0.000000,0.023620,0.071157,0.000000],[0.081910,0.193338,0.000000,0.013337,0.711414,0.000000],[0.082352,0.189879,0.000000,0.011789,0.715980,0.000000],[0.517878,0.388286,0.000000,0.021425,0.072411,0.000000],[0.538205,0.367669,0.000000,0.021223,0.072903,0.000000],[0.445533,0.437869,0.000000,0.024989,0.091609,0.000000],[0.378376,0.420292,0.000000,0.031107,0.170225,0.000000],[0.540899,0.366352,0.000000,0.021550,0.071199,0.000000],[0.081682,0.183569,0.000000,0.013668,0.721080,0.000000],[0.077640,0.170125,0.000000,0.010169,0.742066,0.000000],[0.879117,0.091661,0.000000,0.004010,0.025213,0.000000],[0.886809,0.084532,0.000000,0.003258,0.025400,0.000000],[0.889086,0.081431,0.000000,0.003971,0.025512,0.000000],[0.889949,0.077957,0.000000,0.003591,0.028503,0.000000],[0.056503,0.070643,0.000000,0.002600,0.870254,0.000000],[0.929995,0.020911,0.029772,0.001469,0.017853,0.000000],[1.000000,0.000000,0.000000,0.000000,0.000000,0.000000]],
  [[1.000000,0.000000,0.000000,0.000000,0.000000,0.000000],[0.926429,0.022747,0.028353,0.001922,0.020548,0.000000],[0.888382,0.083849,0.000000,0.003863,0.023906,0.000000],[0.766944,0.181095,0.000000,0.010783,0.041178,0.000000],[0.755987,0.191405,0.000000,0.012204,0.040405,0.000000],[0.753588,0.196064,0.000000,0.011512,0.038836,0.000000],[0.755459,0.189524,0.000000,0.012387,0.042630,0.000000],[0.759322,0.188360,0.000000,0.012237,0.040081,0.000000],[0.870673,0.097905,0.000000,0.004055,0.027367,0.000000],[0.900351,0.038445,0.037117,0.002556,0.021531,0.000000],[0.910897,0.033271,0.034333,0.002308,0.019191,0.000000],[0.920706,0.022709,0.033543,0.001620,0.021422,0.000000],[0.919162,0.027856,0.033824,0.002220,0.016937,0.000000],[0.913577,0.029062,0.033693,0.002299,0.021369,0.000000],[0.062834,0.065223,0.074194,0.007384,0.790365,0.000000],[0.810382,0.074853,0.080733,0.007707,0.026325,0.000000],[0.056636,0.100833,0.065585,0.007739,0.769207,0.000000],[0.742353,0.201004,0.000000,0.014060,0.042583,0.000000],[0.533954,0.365712,0.000000,0.022751,0.077583,0.000000],[0.161273,0.450857,0.000000,0.021727,0.366142,0.000000],[0.167537,0.433058,0.000000,0.025301,0.374104,0.000000],[0.434435,0.449033,0.000000,0.024592,0.091940,0.000000],[0.536785,0.372208,0.000000,0.021653,0.069354,0.000000],[0.511984,0.392159,0.000000,0.021075,0.074782,0.000000],[0.076790,0.184133,0.000000,0.011609,0.727467,0.000000],[0.752289,0.195665,0.000000,0.011636,0.040410,0.000000],[0.145166,0.383762,0.000000,0.020841,0.450231,0.000000],[0.357308,0.445779,0.000000,0.030689,0.166225,0.000000],[0.424574,0.458432,0.000000,0.024977,0.092017,0.000000],[0.549059,0.362812,0.000000,0.019332,0.068797,0.000000],[0.531993,0.376842,0.000000,0.021307,0.069857,0.000000],[0.775407,0.179706,0.000000,0.011482,0.033405,0.000000],[0.059558,0.079839,0.000000,0.004557,0.856045,0.000000],[0.890205,0.081387,0.000000,0.003403,0.025004,0.000000],[0.889528,0.081107,0.000000,0.003953,0.025413,0.000000],[0.893632,0.074501,0.000000,0.003278,0.028589,0.000000],[0.887711,0.083877,0.000000,0.003436,0.024975,0.000000],[0.894740,0.075589,0.000000,0.002955,0.026716,0.000000],[0.927069,0.021987,0.031365,0.002460,0.017120,0.000000],[1.000000,0.000000,0.000000,0.000000,0.000000,0.000000]],
  [[1.000000,0.000000,0.000000,0.000000,0.000000,0.000000],[0.052836,0.020119,0.029194,0.001730,0.896120,0.000000],[0.887224,0.082730,0.000000,0.003463,0.026583,0.000000],[0.055698,0.084322,0.000000,0.003480,0.856500,0.000000],[0.871784,0.095338,0.000000,0.003915,0.028962,0.000000],[0.053477,0.086810,0.000000,0.004276,0.855437,0.000000],[0.056503,0.087377,0.000000,0.004423,0.851696,0.000000],[0.871544,0.096723,0.000000,0.004381,0.027352,0.000000],[0.894691,0.039140,0.037960,0.003091,0.025119,0.000000],[0.905448,0.033518,0.039140,0.002450,0.019444,0.000000],[1.000000,0.000000,0.000000,0.000000,0.000000,0.000000],[1.000000,0.000000,0.000000,0.000000,0.000000,0.000000],[1.000000,0.000000,0.000000,0.000000,0.000000,0.000000],[1.000000,0.000000,0.000000,0.000000,0.000000,0.000000],[1.000000,0.000000,0.000000,0.000000,0.000000,0.000000],[1.000000,0.000000,0.000000,0.000000,0.000000,0.000000],[0.134918,0.263973,0.145218,0.017295,0.438597,0.000000],[0.530176,0.377806,0.000000,0.021075,0.070943,0.000000],[0.085898,0.194464,0.000000,0.012629,0.707010,0.000000],[0.528149,0.376637,0.000000,0.021813,0.073402,0.000000],[0.370510,0.428438,0.000000,0.031394,0.169658,0.000000],[0.531966,0.372588,0.000000,0.020373,0.075073,0.000000],[0.742155,0.201565,0.000000,0.014224,0.042056,0.000000],[0.752089,0.197440,0.000000,0.012293,0.038178,0.000000],[0.750669,0.197446,0.000000,0.013059,0.038825,0.000000],[0.752633,0.194742,0.000000,0.012728,0.039896,0.000000],[0.149328,0.372612,0.000000,0.020795,0.457265,0.000000],[0.156018,0.351863,0.000000,0.020132,0.471986,0.000000],[0.546175,0.360546,0.000000,0.020716,0.072562,0.000000],[0.757263,0.189983,0.000000,0.011485,0.041269,0.000000],[0.089669,0.162953,0.000000,0.011020,0.736358,0.000000],[0.802071,0.152655,0.000000,0.008227,0.037047,0.000000],[0.830796,0.128779,0.000000,0.007746,0.032679,0.000000],[0.077140,0.125864,0.000000,0.007560,0.789436,0.000000],[0.000000,0.000000,0.000000,0.000000,0.000000,1.000000],[0.892512,0.079448,0.000000,0.003551,0.024489,0.000000],[0.890003,0.079104,0.000000,0.003813,0.027080,0.000000],[0.898199,0.073623,0.000000,0.002963,0.025215,0.000000],[0.052114,0.018306,0.029569,0.001979,0.898033,0.000000],[1.000000,0.000000,0.000000,0.000000,0.000000,0.000000]],
  [[1.000000,0.000000,0.000000,0.000000,0.000000,0.000000],[0.928749,0.021721,0.029897,0.001567,0.018066,0.000000],[0.896848,0.072927,0.000000,0.003566,0.026659,0.000000],[0.060782,0.078325,0.000000,0.003700,0.857192,0.000000],[0.082160,0.172161,0.000000,0.010181,0.735498,0.000000],[0.076534,0.176693,0.000000,0.010637,0.736135,0.000000],[0.763813,0.185804,0.000000,0.010595,0.039789,0.000000],[0.797243,0.099723,0.068176,0.007121,0.027736,0.000000],[0.810046,0.078992,0.075037,0.006076,0.029849,0.000000],[1.000000,0.000000,0.000000,0.000000,0.000000,0.000000],[0.914072,0.027991,0.036626,0.002090,0.019220,0.000000],[0.916782,0.027436,0.033306,0.001561,0.020916,0.000000],[1.000000,0.000000,0.000000,0.000000,0.000000,0.000000],[0.914358,0.026952,0.033851,0.002329,0.022510,0.000000],[0.066200,0.065198,0.073441,0.006932,0.788229,0.000000],[0.130920,0.182963,0.224587,0.015780,0.445750,0.000000],[0.385385,0.283799,0.126458,0.027051,0.177307,0.000000],[0.530281,0.369356,0.000000,0.021713,0.078649,0.000000],[0.727487,0.211239,0.000000,0.013349,0.047925,0.000000],[0.534633,0.371105,0.000000,0.021472,0.072790,0.000000],[0.534541,0.369903,0.000000,0.022715,0.072841,0.000000],[0.512111,0.393571,0.000000,0.020419,0.073899,0.000000],[0.072924,0.183357,0.000000,0.011898,0.731822,0.000000],[0.861619,0.098797,0.000000,0.005169,0.034415,0.000000],[0.866347,0.099820,0.000000,0.003807,0.030026,0.000000],[0.756010,0.190657,0.000000,0.012630,0.040703,0.000000],[0.754646,0.192966,0.000000,0.012204,0.040184,0.000000],[0.766583,0.184538,0.000000,0.012019,0.036860,0.000000],[0.768587,0.181566,0.000000,0.011266,0.038582,0.000000],[0.090426,0.162940,0.000000,0.011511,0.735123,0.000000],[0.598035,0.313949,0.000000,0.017100,0.070917,0.000000],[0.000000,0.000000,0.000000,0.000000,0.000000,1.000000],[0.000000,0.000000,0.000000,0.000000,0.000000,1.000000],[0.000000,0.000000,0.000000,0.000000,0.000000,1.000000],[0.896595,0.074459,0.000000,0.002723,0.026223,0.000000],[0.895486,0.076840,0.000000,0.003573,0.024101,0.000000],[0.893333,0.082538,0.000000,0.003250,0.020879,0.000000],[0.895687,0.074917,0.000000,0.003145,0.026252,0.000000],[0.043544,0.020192,0.029837,0.001949,0.904478,0.000000],[1.000000,0.000000,0.000000,0.000000,0.000000,0.000000]],
  [[1.000000,0.000000,0.000000,0.000000,0.000000,0.000000],[0.929152,0.023181,0.030775,0.001721,0.015172,0.000000],[0.898870,0.073552,0.000000,0.003072,0.024506,0.000000],[0.888874,0.083167,0.000000,0.003354,0.024605,0.000000],[0.777560,0.175657,0.000000,0.011245,0.035538,0.000000],[0.546443,0.364838,0.000000,0.020326,0.068393,0.000000],[0.547778,0.223612,0.155432,0.016477,0.056702,0.000000],[0.547660,0.163376,0.214325,0.016573,0.058066,0.000000],[1.000000,0.000000,0.000000,0.000000,0.000000,0.000000],[0.810254,0.080285,0.075133,0.006901,0.027427,0.000000],[0.061861,0.097676,0.061768,0.007781,0.770913,0.000000],[0.804572,0.094912,0.063740,0.007510,0.029266,0.000000],[0.809672,0.092608,0.065498,0.007054,0.025168,0.000000],[0.806851,0.090319,0.067987,0.007235,0.027608,0.000000],[0.771300,0.181870,0.000000,0.011197,0.035633,0.000000],[0.531732,0.372539,0.000000,0.020636,0.075094,0.000000],[0.533818,0.375951,0.000000,0.020329,0.069902,0.000000],[0.411310,0.475003,0.000000,0.024394,0.089293,0.000000],[0.151425,0.354093,0.000000,0.021481,0.473001,0.000000],[0.527383,0.379839,0.000000,0.021246,0.071533,0.000000],[0.746930,0.197446,0.000000,0.012099,0.043525,0.000000],[0.080865,0.177200,0.000000,0.011649,0.730286,0.000000],[0.754723,0.194435,0.000000,0.012418,0.038424,0.000000],[0.860206,0.099812,0.000000,0.005212,0.034770,0.000000],[0.865828,0.098985,0.000000,0.004423,0.030765,0.000000],[0.052850,0.088320,0.000000,0.004284,0.854547,0.000000],[0.057637,0.086955,0.000000,0.003776,0.851632,0.000000],[0.875223,0.093005,0.000000,0.003585,0.028187,0.000000],[0.886108,0.082120,0.000000,0.003922,0.027851,0.000000],[0.810581,0.144848,0.000000,0.009503,0.035068,0.000000],[0.000000,0.000000,0.000000,0.000000,0.000000,1.000000],[0.444760,0.345629,0.000000,0.023934,0.185678,0.000000],[0.000000,0.000000,0.000000,0.000000,0.000000,1.000000],[0.077801,0.127830,0.000000,0.007842,0.786528,0.000000],[0.060087,0.078391,0.000000,0.003156,0.858366,0.000000],[0.881182,0.088003,0.000000,0.003595,0.027221,0.000000],[0.060073,0.084790,0.000000,0.003912,0.851226,0.000000],[0.893924,0.077676,0.000000,0.003371,0.025028,0.000000],[0.930292,0.021014,0.028796,0.002019,0.017878,0.000000],[1.000000,0.000000,0.000000,0.000000,0.000000,0.000000]],
  [[1.000000,0.000000,0.000000,0.000000,0.000000,0.000000],[0.937761,0.017706,0.026919,0.001521,0.016094,0.000000],[0.067794,0.065805,0.063784,0.006911,0.795706,0.000000],[0.828138,0.064590,0.071380,0.006648,0.029245,0.000000],[0.072188,0.069559,0.077632,0.007495,0.773127,0.000000],[0.557858,0.129876,0.239890,0.014065,0.058311,0.000000],[0.440841,0.163523,0.182934,0.025910,0.186792,0.000000],[1.000000,0.000000,0.000000,0.000000,0.000000,0.000000],[0.798428,0.076107,0.083418,0.008214,0.033833,0.000000],[0.785214,0.103338,0.073840,0.008645,0.028962,0.000000],[0.152349,0.359355,0.000000,0.021168,0.467127,0.000000],[0.524758,0.382730,0.000000,0.021066,0.071446,0.000000],[0.533621,0.376286,0.000000,0.020505,0.069587,0.000000],[0.759932,0.189076,0.000000,0.012044,0.038949,0.000000],[0.753145,0.194683,0.000000,0.011501,0.040671,0.000000],[0.742577,0.199209,0.000000,0.013237,0.044977,0.000000],[0.730830,0.208934,0.000000,0.014130,0.046106,0.000000],[0.152854,0.354467,0.000000,0.022291,0.470388,0.000000],[0.368571,0.430227,0.000000,0.031031,0.170171,0.000000],[0.537734,0.368689,0.000000,0.022881,0.070697,0.000000],[0.754244,0.198028,0.000000,0.012775,0.034952,0.000000],[0.863036,0.100270,0.000000,0.004585,0.032110,0.000000],[0.760546,0.188325,0.000000,0.012784,0.038345,0.000000],[0.759058,0.188622,0.000000,0.012211,0.040108,0.000000],[0.755671,0.191490,0.000000,0.013140,0.039699,0.000000],[0.075717,0.176308,0.000000,0.011824,0.736151,0.000000],[0.080369,0.172768,0.000000,0.010746,0.736117,0.000000],[0.889238,0.079823,0.000000,0.003432,0.027506,0.000000],[0.891794,0.075036,0.000000,0.002836,0.030333,0.000000],[0.000000,0.000000,0.000000,0.000000,0.000000,1.000000],[0.614260,0.298034,0.000000,0.018609,0.069098,0.000000],[0.628681,0.283837,0.000000,0.017717,0.069765,0.000000],[0.598666,0.315356,0.000000,0.017912,0.068067,0.000000],[0.780733,0.172061,0.000000,0.010149,0.037058,0.000000],[0.775684,0.177741,0.000000,0.010339,0.036235,0.000000],[0.765336,0.185216,0.000000,0.011800,0.037649,0.000000],[0.060745,0.083636,0.000000,0.004438,0.851181,0.000000],[0.896317,0.075139,0.000000,0.003434,0.025111,0.000000],[0.932295,0.020228,0.029886,0.001627,0.015964,0.000000],[1.000000,0.000000,0.000000,0.000000,0.000000,0.000000]],
  [[1.000000,0.000000,0.000000,0.000000,0.000000,0.000000],[1.000000,0.000000,0.000000,0.000000,0.000000,0.000000],[1.000000,0.000000,0.000000,0.000000,0.000000,0.000000],[1.000000,0.000000,0.000000,0.000000,0.000000,0.000000],[1.000000,0.000000,0.000000,0.000000,0.000000,0.000000],[1.000000,0.000000,0.000000,0.000000,0.000000,0.000000],[1.000000,0.000000,0.000000,0.000000,0.000000,0.000000],[0.430816,0.179422,0.292161,0.019871,0.077729,0.000000],[0.545824,0.213929,0.164977,0.017369,0.057901,0.000000],[0.541406,0.370334,0.000000,0.019836,0.068425,0.000000],[0.544680,0.363153,0.000000,0.021965,0.070201,0.000000],[0.340500,0.470741,0.000000,0.030801,0.157958,0.000000],[0.544763,0.362006,0.000000,0.022048,0.071183,0.000000],[0.751690,0.198754,0.000000,0.012253,0.037303,0.000000],[0.744417,0.204197,0.000000,0.013176,0.038211,0.000000],[0.742015,0.203532,0.000000,0.012570,0.041882,0.000000],[0.543949,0.363468,0.000000,0.021577,0.071006,0.000000],[0.410764,0.470076,0.000000,0.025326,0.093833,0.000000],[0.412479,0.466588,0.000000,0.026069,0.094864,0.000000],[0.533501,0.369329,0.000000,0.023046,0.074124,0.000000],[0.752457,0.195279,0.000000,0.011865,0.040399,0.000000],[0.863112,0.099655,0.000000,0.005775,0.031459,0.000000],[0.754513,0.196829,0.000000,0.011226,0.037432,0.000000],[0.520292,0.385165,0.000000,0.021327,0.073216,0.000000],[0.148203,0.379325,0.000000,0.021619,0.450852,0.000000],[0.522878,0.387238,0.000000,0.020272,0.069613,0.000000],[0.773546,0.179328,0.000000,0.010615,0.036511,0.000000],[0.062975,0.070288,0.000000,0.003561,0.863177,0.000000],[0.000000,0.000000,0.000000,0.000000,0.000000,1.000000],[0.843917,0.117090,0.000000,0.007472,0.031521,0.000000],[0.819850,0.140577,0.000000,0.007808,0.031765,0.000000],[0.775824,0.173341,0.000000,0.010816,0.040019,0.000000],[0.556602,0.350231,0.000000,0.021203,0.071963,0.000000],[0.551410,0.354916,0.000000,0.020303,0.073371,0.000000],[0.535632,0.371919,0.000000,0.021464,0.070985,0.000000],[0.079175,0.171451,0.000000,0.011885,0.737489,0.000000],[0.876651,0.090340,0.000000,0.004006,0.029003,0.000000],[0.898682,0.076490,0.000000,0.004198,0.020630,0.000000],[0.929193,0.020840,0.028508,0.001550,0.019909,0.000000],[1.000000,0.000000,0.000000,0.000000,0.000000,0.000000]],
  [[1.000000,0.000000,0.000000,0.000000,0.000000,0.000000],[0.935206,0.020531,0.025116,0.001589,0.017558,0.000000],[0.065346,0.063271,0.069397,0.006817,0.795168,0.000000],[0.131211,0.149177,0.257679,0.014962,0.446972,0.000000],[0.421948,0.164987,0.202020,0.026181,0.184864,0.000000],[0.545605,0.134225,0.253687,0.013827,0.052656,0.000000],[0.788253,0.084311,0.087721,0.008115,0.031600,0.000000],[0.133526,0.239177,0.149625,0.017203,0.460468,0.000000],[0.360037,0.445632,0.000000,0.030775,0.163555,0.000000],[0.540454,0.367486,0.000000,0.023625,0.068435,0.000000],[0.533144,0.373805,0.000000,0.020577,0.072474,0.000000],[0.521332,0.381217,0.000000,0.023302,0.074149,0.000000],[0.541187,0.365444,0.000000,0.022301,0.071068,0.000000],[0.535120,0.369362,0.000000,0.022136,0.073383,0.000000],[0.145579,0.384117,0.000000,0.021488,0.448816,0.000000],[0.537548,0.364482,0.000000,0.022043,0.075928,0.000000],[0.543283,0.360380,0.000000,0.021667,0.074670,0.000000],[0.374996,0.421380,0.000000,0.031158,0.172466,0.000000],[0.537703,0.366333,0.000000,0.022678,0.073286,0.000000],[0.729802,0.209356,0.000000,0.013838,0.047004,0.000000],[0.746169,0.194205,0.000000,0.012843,0.046783,0.000000],[0.860962,0.101573,0.000000,0.004783,0.032683,0.000000],[0.756937,0.194171,0.000000,0.011499,0.037393,0.000000],[0.539468,0.367552,0.000000,0.019992,0.072988,0.000000],[0.360328,0.442495,0.000000,0.030135,0.167042,0.000000],[0.151959,0.356027,0.000000,0.020058,0.471956,0.000000],[0.764097,0.185986,0.000000,0.011215,0.038703,0.000000],[0.079360,0.126183,0.000000,0.007914,0.786542,0.000000],[0.000000,0.000000,0.000000,0.000000,0.000000,1.000000],[0.000000,0.000000,0.000000,0.000000,0.000000,1.000000],[0.890095,0.077804,0.000000,0.003255,0.028846,0.000000],[0.772818,0.178383,0.000000,0.011054,0.037745,0.000000],[0.153704,0.374611,0.000000,0.020159,0.451526,0.000000],[0.346962,0.460706,0.000000,0.031863,0.160468,0.000000],[0.522871,0.385730,0.000000,0.022002,0.069396,0.000000],[0.077232,0.172330,0.000000,0.011165,0.739273,0.000000],[0.875025,0.092557,0.000000,0.003978,0.028440,0.000000],[0.899448,0.075889,0.000000,0.003080,0.021583,0.000000],[0.928924,0.022613,0.029500,0.001630,0.017333,0.000000],[1.000000,0.000000,0.000000,0.000000,0.000000,0.000000]],
  [[1.000000,0.000000,0.000000,0.000000,0.000000,0.000000],[0.844220,0.057319,0.066887,0.006660,0.024915,0.000000],[0.785045,0.166056,0.000000,0.010409,0.038490,0.000000],[0.562803,0.349747,0.000000,0.019556,0.067894,0.000000],[0.557622,0.355323,0.000000,0.019564,0.067491,0.000000],[0.153480,0.375506,0.000000,0.019193,0.451821,0.000000],[0.086921,0.184275,0.000000,0.011815,0.716990,0.000000],[0.149266,0.375645,0.000000,0.020201,0.454889,0.000000],[0.516582,0.391171,0.000000,0.020440,0.071807,0.000000],[0.536174,0.366310,0.000000,0.021056,0.076460,0.000000],[0.086774,0.186480,0.000000,0.013111,0.713636,0.000000],[0.748313,0.193736,0.000000,0.012385,0.045566,0.000000],[0.745668,0.199609,0.000000,0.012907,0.041815,0.000000],[0.530119,0.374596,0.000000,0.021479,0.073806,0.000000],[0.338347,0.470087,0.000000,0.030963,0.160603,0.000000],[0.528681,0.380143,0.000000,0.021489,0.069687,0.000000],[0.536738,0.364502,0.000000,0.020857,0.077904,0.000000],[0.413550,0.467137,0.000000,0.025851,0.093462,0.000000],[0.417162,0.463608,0.000000,0.025928,0.093302,0.000000],[0.536225,0.362595,0.000000,0.022948,0.078232,0.000000],[0.748444,0.195623,0.000000,0.013408,0.042526,0.000000],[0.857547,0.105157,0.000000,0.005726,0.031570,0.000000],[0.753672,0.194371,0.000000,0.012634,0.039323,0.000000],[0.542405,0.364563,0.000000,0.021966,0.071065,0.000000],[0.412235,0.470581,0.000000,0.025497,0.091688,0.000000],[0.444845,0.438097,0.000000,0.023659,0.093398,0.000000],[0.153358,0.353745,0.000000,0.020635,0.472262,0.000000],[0.082909,0.155375,0.000000,0.011175,0.750541,0.000000],[0.000000,0.000000,0.000000,0.000000,0.000000,1.000000],[0.820638,0.134260,0.000000,0.008060,0.037042,0.000000],[0.885458,0.081936,0.000000,0.004282,0.028324,0.000000],[0.078326,0.173966,0.000000,0.010703,0.737005,0.000000],[0.153382,0.370899,0.000000,0.022736,0.452983,0.000000],[0.524536,0.382042,0.000000,0.020921,0.072501,0.000000],[0.149977,0.368860,0.000000,0.021270,0.459893,0.000000],[0.081422,0.172721,0.000000,0.011038,0.734819,0.000000],[0.054601,0.081982,0.000000,0.003080,0.860336,0.000000],[0.893301,0.078176,0.000000,0.003593,0.024930,0.000000],[0.928310,0.021559,0.029553,0.001493,0.019085,0.000000],[1.000000,0.000000,0.000000,0.000000,0.000000,0.000000]],
  [[1.000000,0.000000,0.000000,0.000000,0.000000,0.000000],[0.135408,0.148973,0.250760,0.015435,0.449424,0.000000],[0.570548,0.341649,0.000000,0.019792,0.068011,0.000000],[0.553825,0.351515,0.000000,0.019643,0.075017,0.000000],[0.751116,0.194161,0.000000,0.012872,0.041851,0.000000],[0.752827,0.189780,0.000000,0.012984,0.044409,0.000000],[0.083871,0.186088,0.000000,0.012903,0.717138,0.000000],[0.080324,0.171408,0.000000,0.012711,0.735558,0.000000],[0.756385,0.194352,0.000000,0.010784,0.038480,0.000000],[0.752188,0.194876,0.000000,0.012565,0.040371,0.000000],[0.757095,0.190973,0.000000,0.011507,0.040425,0.000000],[0.865303,0.099016,0.000000,0.004689,0.030993,0.000000],[0.747949,0.197263,0.000000,0.013013,0.041776,0.000000],[0.146066,0.372612,0.000000,0.021518,0.459805,0.000000],[0.148269,0.377541,0.000000,0.021291,0.452899,0.000000],[0.535169,0.369715,0.000000,0.021476,0.073640,0.000000],[0.734225,0.207688,0.000000,0.012955,0.045131,0.000000],[0.530926,0.373767,0.000000,0.022476,0.072831,0.000000],[0.373583,0.423925,0.000000,0.030704,0.171788,0.000000],[0.544680,0.358516,0.000000,0.020110,0.076695,0.000000],[0.742137,0.200578,0.000000,0.013058,0.044228,0.000000],[0.078491,0.181812,0.000000,0.013876,0.725820,0.000000],[0.081760,0.186477,0.000000,0.013449,0.718314,0.000000],[0.742962,0.199402,0.000000,0.013730,0.043906,0.000000],[0.536691,0.368885,0.000000,0.021228,0.073195,0.000000],[0.376036,0.424014,0.000000,0.029926,0.170024,0.000000],[0.458071,0.424895,0.000000,0.023307,0.093727,0.000000],[0.571485,0.334896,0.000000,0.018526,0.075093,0.000000],[0.563376,0.343619,0.000000,0.018792,0.074213,0.000000],[0.788538,0.170173,0.000000,0.009251,0.032039,0.000000],[0.879555,0.089745,0.000000,0.003858,0.026843,0.000000],[0.764436,0.185555,0.000000,0.011435,0.038575,0.000000],[0.759964,0.193285,0.000000,0.010626,0.036125,0.000000],[0.759331,0.190386,0.000000,0.012270,0.038013,0.000000],[0.756575,0.194517,0.000000,0.011268,0.037641,0.000000],[0.764960,0.183749,0.000000,0.010655,0.040636,0.000000],[0.870610,0.093101,0.000000,0.003951,0.032337,0.000000],[0.888671,0.082235,0.000000,0.004195,0.024899,0.000000],[0.923224,0.025291,0.030203,0.002263,0.019019,0.000000],[1.000000,0.000000,0.000000,0.000000,0.000000,0.000000]],
  [[1.000000,0.000000,0.000000,0.000000,0.000000,0.000000],[0.134778,0.152885,0.248889,0.015599,0.447848,0.000000],[0.361380,0.452615,0.000000,0.028855,0.157149,0.000000],[0.530945,0.378501,0.000000,0.020414,0.070140,0.000000],[0.754475,0.194684,0.000000,0.011816,0.039025,0.000000],[0.869971,0.099063,0.000000,0.004645,0.026321,0.000000],[0.756221,0.193406,0.000000,0.012988,0.037384,0.000000],[0.753928,0.191813,0.000000,0.013214,0.041046,0.000000],[0.080315,0.180816,0.000000,0.011883,0.726986,0.000000],[0.754019,0.191872,0.000000,0.011871,0.042237,0.000000],[0.754816,0.191967,0.000000,0.011989,0.041229,0.000000],[0.861692,0.098921,0.000000,0.004102,0.035285,0.000000],[0.754822,0.192235,0.000000,0.012908,0.040034,0.000000],[0.077302,0.173962,0.000000,0.012324,0.736412,0.000000],[0.754632,0.192906,0.000000,0.012420,0.040042,0.000000],[0.746222,0.201574,0.000000,0.012338,0.039866,0.000000],[0.743092,0.199430,0.000000,0.012862,0.044616,0.000000],[0.507144,0.397265,0.000000,0.022986,0.072605,0.000000],[0.530479,0.372979,0.000000,0.022140,0.074402,0.000000],[0.410039,0.471333,0.000000,0.025496,0.093131,0.000000],[0.533943,0.373828,0.000000,0.021568,0.070661,0.000000],[0.515197,0.392233,0.000000,0.021079,0.071491,0.000000],[0.750577,0.198845,0.000000,0.011508,0.039070,0.000000],[0.752578,0.192034,0.000000,0.012979,0.042410,0.000000],[0.149045,0.375876,0.000000,0.021551,0.453529,0.000000],[0.540596,0.369322,0.000000,0.020080,0.070002,0.000000],[0.428822,0.455072,0.000000,0.025335,0.090771,0.000000],[0.370648,0.431128,0.000000,0.029638,0.168585,0.000000],[0.535147,0.368269,0.000000,0.021146,0.075437,0.000000],[0.763373,0.186803,0.000000,0.010839,0.038985,0.000000],[0.055412,0.083056,0.000000,0.004078,0.857453,0.000000],[0.050852,0.084957,0.000000,0.004407,0.859785,0.000000],[0.060357,0.082116,0.000000,0.003966,0.853561,0.000000],[0.867452,0.099313,0.000000,0.004314,0.028922,0.000000],[0.758781,0.187090,0.000000,0.012533,0.041595,0.000000],[0.758952,0.189672,0.000000,0.010711,0.040665,0.000000],[0.763733,0.188833,0.000000,0.011639,0.035795,0.000000],[0.783216,0.170590,0.000000,0.011889,0.034306,0.000000],[0.837837,0.061481,0.065057,0.007994,0.027631,0.000000],[1.000000,0.000000,0.000000,0.000000,0.000000,0.000000]],
  [[1.000000,0.000000,0.000000,0.000000,0.000000,0.000000],[0.556859,0.136608,0.241986,0.013645,0.050903,0.000000],[0.551589,0.361453,0.000000,0.020219,0.066739,0.000000],[0.526765,0.382242,0.000000,0.020512,0.070481,0.000000],[0.077331,0.176245,0.000000,0.011491,0.734933,0.000000],[0.868362,0.096251,0.000000,0.004735,0.030652,0.000000],[0.756376,0.190296,0.000000,0.012293,0.041035,0.000000],[0.525399,0.381769,0.000000,0.020664,0.072168,0.000000],[0.521115,0.382129,0.000000,0.021815,0.074941,0.000000],[0.518703,0.386461,0.000000,0.021328,0.073508,0.000000],[0.757639,0.191094,0.000000,0.012271,0.038996,0.000000],[0.864159,0.097131,0.000000,0.004535,0.034175,0.000000],[0.871541,0.096049,0.000000,0.004746,0.027664,0.000000],[0.862975,0.095789,0.000000,0.004412,0.036825,0.000000],[0.860612,0.098631,0.000000,0.005341,0.035415,0.000000],[0.053331,0.090678,0.000000,0.004190,0.851801,0.000000],[0.083346,0.183140,0.000000,0.013026,0.720489,0.000000],[0.740962,0.201852,0.000000,0.013297,0.043888,0.000000],[0.085468,0.201493,0.000000,0.013880,0.699159,0.000000],[0.535108,0.369568,0.000000,0.021335,0.073989,0.000000],[0.379316,0.421291,0.000000,0.030285,0.169108,0.000000],[0.515797,0.391295,0.000000,0.020935,0.071973,0.000000],[0.756402,0.190126,0.000000,0.011745,0.041728,0.000000],[0.756412,0.190984,0.000000,0.013209,0.039395,0.000000],[0.756092,0.195143,0.000000,0.011579,0.037186,0.000000],[0.749315,0.197869,0.000000,0.011756,0.041060,0.000000],[0.540397,0.367623,0.000000,0.020398,0.071581,0.000000],[0.547331,0.362288,0.000000,0.019988,0.070394,0.000000],[0.528138,0.377190,0.000000,0.021326,0.073346,0.000000],[0.751857,0.195349,0.000000,0.012541,0.040254,0.000000],[0.867310,0.095531,0.000000,0.003995,0.033165,0.000000],[0.054011,0.086888,0.000000,0.004204,0.854898,0.000000],[0.053117,0.088682,0.000000,0.004249,0.853952,0.000000],[0.867022,0.097854,0.000000,0.004154,0.030970,0.000000],[0.752802,0.192990,0.000000,0.011231,0.042977,0.000000],[0.527075,0.381807,0.000000,0.020666,0.070452,0.000000],[0.149836,0.371184,0.000000,0.020198,0.458782,0.000000],[0.549954,0.359708,0.000000,0.019165,0.071173,0.000000],[0.836854,0.060775,0.068771,0.006031,0.027569,0.000000],[1.000000,0.000000,0.000000,0.000000,0.000000,0.000000]],
  [[1.000000,0.000000,0.000000,0.000000,0.000000,0.000000],[0.837500,0.062242,0.067949,0.006045,0.026264,0.000000],[0.085917,0.168844,0.000000,0.010835,0.734404,0.000000],[0.764563,0.187667,0.000000,0.011608,0.036162,0.000000],[0.089456,0.184029,0.000000,0.011571,0.714944,0.000000],[0.073563,0.182039,0.000000,0.011950,0.732449,0.000000],[0.746945,0.194817,0.000000,0.012832,0.045406,0.000000],[0.540109,0.369314,0.000000,0.022059,0.068517,0.000000],[0.362619,0.436593,0.000000,0.032493,0.168295,0.000000],[0.518102,0.390553,0.000000,0.021256,0.070090,0.000000],[0.758563,0.191278,0.000000,0.010935,0.039223,0.000000],[0.867100,0.096846,0.000000,0.004824,0.031230,0.000000],[0.761105,0.191764,0.000000,0.010723,0.036408,0.000000],[0.759080,0.191785,0.000000,0.011369,0.037766,0.000000],[0.758820,0.189553,0.000000,0.011251,0.040376,0.000000],[0.076010,0.181313,0.000000,0.010804,0.731873,0.000000],[0.745445,0.196695,0.000000,0.012960,0.044900,0.000000],[0.143286,0.375811,0.000000,0.021729,0.459175,0.000000],[0.154978,0.361053,0.000000,0.021795,0.462175,0.000000],[0.410189,0.471783,0.000000,0.025851,0.092177,0.000000],[0.148364,0.361171,0.000000,0.021007,0.469457,0.000000],[0.147338,0.371487,0.000000,0.021113,0.460062,0.000000],[0.076760,0.178343,0.000000,0.012352,0.732544,0.000000],[0.865754,0.097930,0.000000,0.004004,0.032312,0.000000],[0.057971,0.085101,0.000000,0.003981,0.852947,0.000000],[0.073081,0.180621,0.000000,0.010447,0.735851,0.000000],[0.074228,0.180886,0.000000,0.011802,0.733084,0.000000],[0.758185,0.190772,0.000000,0.011821,0.039223,0.000000],[0.753005,0.191629,0.000000,0.012229,0.043137,0.000000],[0.756866,0.189066,0.000000,0.013603,0.040464,0.000000],[0.755485,0.196020,0.000000,0.011681,0.036815,0.000000],[0.757108,0.194504,0.000000,0.011196,0.037193,0.000000],[0.756379,0.193049,0.000000,0.012070,0.038502,0.000000],[0.077984,0.177545,0.000000,0.011368,0.733103,0.000000],[0.758777,0.187662,0.000000,0.013139,0.040421,0.000000],[0.524168,0.382366,0.000000,0.020994,0.072472,0.000000],[0.350346,0.457744,0.000000,0.031127,0.160782,0.000000],[0.155904,0.371210,0.000000,0.019772,0.453113,0.000000],[0.072124,0.067042,0.068132,0.006901,0.785800,0.000000],[1.000000,0.000000,0.000000,0.000000,0.000000,0.000000]],
