[
  [[1.000000,0.000000,0.000000,0.000000,0.000000,0.000000],[1.000000,0.000000,0.000000,0.000000,0.000000,0.000000],[1.000000,0.000000,0.000000,0.000000,0.000000,0.000000],[1.000000,0.000000,0.000000,0.000000,0.000000,0.000000],[1.000000,0.000000,0.000000,0.000000,0.000000,0.000000],[1.000000,0.000000,0.000000,0.000000,0.000000,0.000000],[1.000000,0.000000,0.000000,0.000000,0.000000,0.000000],[1.000000,0.000000,0.000000,0.000000,0.000000,0.000000],[1.000000,0.000000,0.000000,0.000000,0.000000,0.000000],[1.000000,0.000000,0.000000,0.000000,0.000000,0.000000],[1.000000,0.000000,0.000000,0.000000,0.000000,0.000000],[1.000000,0.000000,0.000000,0.000000,0.000000,0.000000],[1.000000,0.000000,0.000000,0.000000,0.000000,0.000000],[1.000000,0.000000,0.000000,0.000000,0.000000,0.000000],[1.000000,0.000000,0.000000,0.000000,0.000000,0.000000],[1.000000,0.000000,0.000000,0.000000,0.000000,0.000000],[1.000000,0.000000,0.000000,0.000000,0.000000,0.000000],[1.000000,0.000000,0.000000,0.000000,0.000000,0.000000],[1.000000,0.000000,0.000000,0.000000,0.000000,0.000000],[1.000000,0.000000,0.000000,0.000000,0.000000,0.000000],[1.000000,0.000000,0.000000,0.000000,0.000000,0.000000],[1.000000,0.000000,0.000000,0.000000,0.000000,0.000000],[1.000000,0.000000,0.000000,0.000000,0.000000,0.000000],[1.000000,0.000000,0.000000,0.000000,0.000000,0.000000],[1.000000,0.000000,0.000000,0.000000,0.000000,0.000000],[1.000000,0.000000,0.000000,0.000000,0.000000,0.000000],[1.000000,0.000000,0.000000,0.000000,0.000000,0.000000],[1.000000,0.000000,0.000000,0.000000,0.000000,0.000000],[1.000000,0.000000,0.000000,0.000000,0.000000,0.000000],[1.000000,0.000000,0.000000,0.000000,0.000000,0.000000],[1.000000,0.000000,0.000000,0.000000,0.000000,0.000000],[1.000000,0.000000,0.000000,0.000000,0.000000,0.000000],[1.000000,0.000000,0.000000,0.000000,0.000000,0.000000],[1.000000,0.000000,0.000000,0.000000,0.000000,0.000000],[1.000000,0.000000,0.000000,0.000000,0.000000,0.000000],[1.000000,0.000000,0.000000,0.000000,0.000000,0.000000],[1.000000,0.000000,0.000000,0.000000,0.000000,0.000000],[1.000000,0.000000,0.000000,0.000000,0.000000,0.000000],[1.000000,0.000000,0.000000,0.000000,0.000000,0.000000],[1.000000,0.000000,0.000000,0.000000,0.000000,0.000000]],
  [[1.000000,0.000000,0.000000,0.000000,0.000000,0.000000],[0.848903,0.024201,0.056208,0.009833,0.051023,0.009833],[0.849468,0.031234,0.045683,0.009849,0.053916,0.009849],[0.830684,0.037080,0.051145,0.009821,0.061448,0.009821],[0.834166,0.035107,0.047874,0.009831,0.063193,0.009831],[0.090782,0.030997,0.039225,0.009842,0.819312,0.009842],[0.856278,0.027667,0.049256,0.009829,0.047141,0.009829],[1.000000,0.000000,0.000000,0.000000,0.000000,0.000000],[1.000000,0.000000,0.000000,0.000000,0.000000,0.000000],[1.000000,0.000000,0.000000,0.000000,0.000000,0.000000],[0.841489,0.027017,0.054454,0.009835,0.057371,0.009835],[0.830759,0.031369,0.055731,0.009849,0.062443,0.009849],[0.831345,0.033462,0.053646,0.009837,0.061874,0.009837],[0.840122,0.035634,0.046549,0.009843,0.058009,0.009843],[0.093164,0.031299,0.045674,0.009851,0.810162,0.009851],[0.851889,0.033616,0.044608,0.009830,0.050226,0.009830],[0.101037,0.029630,0.036263,0.009842,0.813386,0.009842],[0.858723,0.028024,0.044859,0.009849,0.048697,0.009849],[0.091103,0.026653,0.044422,0.009837,0.818147,0.009837],[0.849608,0.026902,0.048770,0.009839,0.055041,0.009839],[0.835112,0.031254,0.052354,0.009838,0.061604,0.009838],[0.833526,0.031925,0.051102,0.009823,0.063801,0.009823],[0.851209,0.037122,0.051648,0.009843,0.040334,0.009843],[0.102819,0.032036,0.043773,0.009844,0.801686,0.009844],[0.089918,0.032783,0.041400,0.009846,0.816205,0.009846],[0.097340,0.029093,0.038030,0.009836,0.815864,0.009836],[0.856365,0.029989,0.047601,0.009841,0.046362,0.009841],[0.091612,0.031098,0.041082,0.009836,0.816536,0.009836],[0.861983,0.030170,0.042649,0.009826,0.045547,0.009826],[0.845931,0.027166,0.056530,0.009830,0.050712,0.009830],[0.859486,0.025594,0.048153,0.009839,0.047088,0.009839],[0.836735,0.037333,0.052794,0.009851,0.053436,0.009851],[0.113479,0.037433,0.035928,0.009830,0.793500,0.009830],[0.826406,0.036331,0.059480,0.009843,0.058097,0.009843],[0.845463,0.032559,0.053202,0.009843,0.049090,0.009843],[0.861100,0.028228,0.043105,0.009835,0.047898,0.009835],[0.092455,0.027768,0.038725,0.009829,0.821394,0.009829],[0.859469,0.026206,0.047600,0.009833,0.047058,0.009833],[0.864507,0.024328,0.040546,0.009828,0.050962,0.009828],[1.000000,0.000000,0.000000,0.000000,0.000000,0.000000]],
  [[1.000000,0.000000,0.000000,0.000000,0.000000,0.000000],[0.833656,0.029838,0.057360,0.009832,0.059482,0.009832],[0.854759,0.053161,0.009747,0.009747,0.062838,0.009747],[0.576431,0.086477,0.009790,0.009790,0.307722,0.009790],[0.142642,0.056106,0.009759,0.009759,0.771975,0.009759],[0.855087,0.054512,0.009749,0.009749,0.061154,0.009749],[0.112406,0.040100,0.038822,0.009844,0.788984,0.009844],[0.827994,0.042585,0.058514,0.009833,0.051242,0.009833],[0.097309,0.032265,0.038583,0.009854,0.812137,0.009854],[0.103746,0.043179,0.045009,0.009842,0.788383,0.009842],[0.817681,0.043703,0.054358,0.009841,0.064576,0.009841],[0.836307,0.055985,0.009774,0.009774,0.078387,0.009774],[0.583741,0.076926,0.009760,0.009760,0.310053,0.009760],[0.844745,0.054368,0.009765,0.009765,0.071592,0.009765],[0.843282,0.050655,0.009768,0.009768,0.076758,0.009768],[0.119809,0.045313,0.009760,0.009760,0.805596,0.009760],[0.123134,0.051506,0.009747,0.009747,0.796120,0.009747],[0.873952,0.041513,0.009754,0.009754,0.055271,0.009754],[0.870437,0.046346,0.009753,0.009753,0.053957,0.009753],[0.868087,0.046279,0.009750,0.009750,0.056385,0.009750],[0.862503,0.042665,0.009740,0.009740,0.065612,0.009740],[0.568038,0.069787,0.009792,0.009792,0.332800,0.009792],[0.841658,0.054882,0.009764,0.009764,0.074170,0.009764],[0.120487,0.045679,0.009762,0.009762,0.804548,0.009762],[0.853404,0.047876,0.009742,0.009742,0.069494,0.009742],[0.860178,0.050130,0.009742,0.009742,0.060465,0.009742],[0.116144,0.049344,0.009752,0.009752,0.805256,0.009752],[0.104840,0.056315,0.009751,0.009751,0.809591,0.009751],[0.116920,0.051255,0.009745,0.009745,0.802590,0.009745],[0.867398,0.043770,0.009740,0.009740,0.059612,0.009740],[0.866254,0.044965,0.009759,0.009759,0.059503,0.009759],[0.144131,0.057362,0.009759,0.009759,0.769229,0.009759],[0.575611,0.076422,0.009781,0.009781,0.318623,0.009781],[0.849984,0.052181,0.009757,0.009757,0.068565,0.009757],[0.126894,0.044760,0.009755,0.009755,0.799083,0.009755],[0.869110,0.045921,0.009750,0.009750,0.055720,0.009750],[0.857272,0.044913,0.009748,0.009748,0.068571,0.009748],[0.121248,0.048902,0.009745,0.009745,0.800615,0.009745],[0.861893,0.024386,0.048980,0.009833,0.045074,0.009833],[1.000000,0.000000,0.000000,0.000000,0.000000,0.000000]],
  [[1.000000,0.000000,0.000000,0.000000,0.000000,0.000000],[0.831222,0.034891,0.057886,0.009824,0.056352,0.009824],[0.143538,0.059220,0.009755,0.009755,0.767977,0.009755],[0.838634,0.063308,0.009753,0.009753,0.068800,0.009753],[0.840735,0.061230,0.009764,0.009764,0.068742,0.009764],[0.852466,0.055856,0.009770,0.009770,0.062366,0.009770],[0.860726,0.053520,0.009744,0.009744,0.056522,0.009744],[0.856132,0.054614,0.009754,0.009754,0.059992,0.009754],[0.142541,0.064451,0.009762,0.009762,0.763722,0.009762],[0.135867,0.069167,0.009767,0.009767,0.765665,0.009767],[0.841372,0.062964,0.009763,0.009763,0.066375,0.009763],[0.139984,0.058403,0.009752,0.009752,0.772358,0.009752],[0.810061,0.064891,0.009765,0.009765,0.095754,0.009765],[0.818350,0.064762,0.009773,0.009773,0.087569,0.009773],[0.830526,0.056997,0.009779,0.009779,0.083141,0.009779],[0.862885,0.048102,0.009752,0.009752,0.059758,0.009752],[0.856829,0.048807,0.009763,0.009763,0.065075,0.009763],[0.855467,0.052110,0.009741,0.009741,0.063201,0.009741],[0.875202,0.043244,0.009750,0.009750,0.052305,0.009750],[0.131745,0.044294,0.009755,0.009755,0.794698,0.009755],[0.837642,0.055611,0.009764,0.009764,0.077456,0.009764],[0.858644,0.048087,0.009774,0.009774,0.063947,0.009774],[0.837569,0.059879,0.009748,0.009748,0.073308,0.009748],[0.835203,0.058727,0.009767,0.009767,0.076767,0.009767],[0.833119,0.058324,0.009767,0.009767,0.079255,0.009767],[0.845334,0.057870,0.009759,0.009759,0.067518,0.009759],[0.845639,0.058496,0.009743,0.009743,0.066636,0.009743],[0.858833,0.056343,0.009744,0.009744,0.055592,0.009744],[0.107631,0.045907,0.009752,0.009752,0.817207,0.009752],[0.855391,0.043089,0.009759,0.009759,0.072243,0.009759],[0.859167,0.046091,0.009742,0.009742,0.065516,0.009742],[0.856581,0.052349,0.009763,0.009763,0.061780,0.009763],[0.849591,0.046705,0.009750,0.009750,0.074454,0.009750],[0.856969,0.047063,0.009736,0.009736,0.066761,0.009736],[0.871537,0.040407,0.009753,0.009753,0.058798,0.009753],[0.865301,0.046391,0.009758,0.009758,0.059034,0.009758],[0.118492,0.045524,0.009763,0.009763,0.806694,0.009763],[0.876497,0.042772,0.009742,0.009742,0.051505,0.009742],[0.864561,0.025685,0.048551,0.009828,0.041547,0.009828],[1.000000,0.000000,0.000000,0.000000,0.000000,0.000000]],
  [[1.000000,0.000000,0.000000,0.000000,0.000000,0.000000],[0.102398,0.034527,0.043037,0.009841,0.800356,0.009841],[0.122462,0.054108,0.009772,0.009772,0.794114,0.009772],[0.841887,0.060531,0.009749,0.009749,0.068334,0.009749],[0.128945,0.052495,0.009767,0.009767,0.789258,0.009767],[0.118723,0.049592,0.009764,0.009764,0.802393,0.009764],[0.113608,0.051033,0.009752,0.009752,0.806102,0.009752],[0.850304,0.052867,0.009763,0.009763,0.067539,0.009763],[0.133984,0.068005,0.009745,0.009745,0.768775,0.009745],[0.548086,0.097523,0.009799,0.009799,0.324995,0.009799],[0.813576,0.064687,0.009763,0.009763,0.092448,0.009763],[0.840668,0.059151,0.009786,0.009786,0.070823,0.009786],[0.841063,0.064174,0.009773,0.009773,0.065444,0.009773],[0.561051,0.082121,0.009763,0.009763,0.327538,0.009763],[0.830553,0.058067,0.009756,0.009756,0.082113,0.009756],[0.848693,0.046908,0.009751,0.009751,0.075144,0.009751],[0.855458,0.047950,0.009756,0.009756,0.067322,0.009756],[0.844821,0.052766,0.009760,0.009760,0.073133,0.009760],[0.860988,0.049598,0.009732,0.009732,0.060216,0.009732],[0.848679,0.051639,0.009758,0.009758,0.070407,0.009758],[0.854836,0.048252,0.009742,0.009742,0.067687,0.009742],[0.857559,0.045270,0.009771,0.009771,0.067859,0.009771],[0.119180,0.048123,0.009749,0.009749,0.803449,0.009749],[0.827199,0.059138,0.009762,0.009762,0.084376,0.009762],[0.577908,0.095801,0.009776,0.009776,0.296965,0.009776],[0.137119,0.061467,0.009746,0.009746,0.772175,0.009746],[0.847512,0.058330,0.009753,0.009753,0.064900,0.009753],[0.122231,0.046630,0.009749,0.009749,0.801893,0.009749],[0.862724,0.052454,0.009767,0.009767,0.055522,0.009767],[0.866456,0.047732,0.009750,0.009750,0.056562,0.009750],[0.856823,0.042918,0.009759,0.009759,0.070982,0.009759],[0.862386,0.043142,0.009748,0.009748,0.065228,0.009748],[0.121667,0.036109,0.009755,0.009755,0.812959,0.009755],[0.864205,0.043938,0.009764,0.009764,0.062565,0.009764],[0.870222,0.039141,0.009738,0.009738,0.061422,0.009738],[0.855109,0.043719,0.009742,0.009742,0.071947,0.009742],[0.879481,0.040452,0.009753,0.009753,0.050809,0.009753],[0.864862,0.042275,0.009737,0.009737,0.063653,0.009737],[0.857832,0.026561,0.047915,0.009818,0.048056,0.009818],[1.000000,0.000000,0.000000,0.000000,0.000000,0.000000]],
  [[1.000000,0.000000,0.000000,0.000000,0.000000,0.000000],[0.843743,0.028596,0.048450,0.009843,0.059526,0.009843],[0.119702,0.055521,0.009757,0.009757,0.795505,0.009757],[0.823067,0.072940,0.009752,0.009752,0.074737,0.009752],[0.142308,0.065130,0.009774,0.009774,0.763240,0.009774],[0.840628,0.062143,0.009780,0.009780,0.067890,0.009780],[0.851018,0.057732,0.009769,0.009769,0.061942,0.009769],[0.853107,0.052204,0.009757,0.009757,0.065419,0.009757],[0.848845,0.060413,0.009759,0.009759,0.061463,0.009759],[0.137860,0.053193,0.009756,0.009756,0.779680,0.009756],[0.838699,0.054478,0.009773,0.009773,0.077503,0.009773],[0.843129,0.057987,0.009766,0.009766,0.069587,0.009766],[0.137134,0.054664,0.009751,0.009751,0.778948,0.009751],[0.836901,0.061496,0.009751,0.009751,0.072350,0.009751],[0.839810,0.060496,0.009758,0.009758,0.070421,0.009758],[0.845458,0.053678,0.009768,0.009768,0.071559,0.009768],[0.156066,0.054762,0.009749,0.009749,0.759926,0.009749],[0.853933,0.052682,0.009752,0.009752,0.064128,0.009752],[0.849184,0.051339,0.009752,0.009752,0.070221,0.009752],[0.120450,0.046555,0.009755,0.009755,0.803731,0.009755],[0.868036,0.044208,0.009745,0.009745,0.058522,0.009745],[0.860548,0.051164,0.009758,0.009758,0.059012,0.009758],[0.851272,0.050510,0.009757,0.009757,0.068948,0.009757],[0.847090,0.059567,0.009766,0.009766,0.064046,0.009766],[0.125850,0.065642,0.009757,0.009757,0.779236,0.009757],[0.126182,0.059379,0.009761,0.009761,0.785156,0.009761],[0.853298,0.053241,0.009752,0.009752,0.064205,0.009752],[0.844454,0.053012,0.009763,0.009763,0.073244,0.009763],[0.877681,0.043799,0.009750,0.009750,0.049270,0.009750],[0.864499,0.044571,0.009747,0.009747,0.061690,0.009747],[0.873964,0.043883,0.009745,0.009745,0.052918,0.009745],[0.859067,0.042680,0.009754,0.009754,0.068991,0.009754],[0.866089,0.041226,0.009762,0.009762,0.063399,0.009762],[0.000000,0.000000,0.000000,0.000000,0.000000,1.000000],[0.858878,0.041138,0.009759,0.009759,0.070707,0.009759],[0.861302,0.041906,0.009749,0.009749,0.067543,0.009749],[0.876742,0.039772,0.009743,0.009743,0.054257,0.009743],[0.871029,0.044005,0.009731,0.009731,0.055774,0.009731],[0.863133,0.025017,0.049513,0.009828,0.042680,0.009828],[1.000000,0.000000,0.000000,0.000000,0.000000,0.000000]],
  [[1.000000,0.000000,0.000000,0.000000,0.000000,0.000000],[0.826850,0.038020,0.054468,0.009853,0.060957,0.009853],[0.835823,0.054458,0.009764,0.009764,0.080428,0.009764],[0.160046,0.076364,0.009768,0.009768,0.734286,0.009768],[0.535403,0.109632,0.009797,0.009797,0.325574,0.009797],[0.834580,0.062411,0.009776,0.009776,0.073680,0.009776],[0.851525,0.054768,0.009754,0.009754,0.064445,0.009754],[0.118436,0.047133,0.009750,0.009750,0.805179,0.009750],[0.108317,0.049170,0.009746,0.009746,0.813275,0.009746],[0.853751,0.050987,0.009762,0.009762,0.065977,0.009762],[0.862901,0.045697,0.009761,0.009761,0.062119,0.009761],[0.853152,0.052814,0.009780,0.009780,0.064695,0.009780],[0.110617,0.049985,0.009761,0.009761,0.810116,0.009761],[0.113690,0.048844,0.009745,0.009745,0.808231,0.009745],[0.865486,0.045767,0.009753,0.009753,0.059488,0.009753],[0.838498,0.050762,0.009755,0.009755,0.081475,0.009755],[0.844009,0.053289,0.009768,0.009768,0.073398,0.009768],[0.585167,0.077809,0.009783,0.009783,0.307675,0.009783],[0.842745,0.053035,0.009755,0.009755,0.074954,0.009755],[0.852364,0.047929,0.009756,0.009756,0.070438,0.009756],[0.847288,0.048154,0.009750,0.009750,0.075308,0.009750],[0.855954,0.046906,0.009760,0.009760,0.067861,0.009760],[0.115673,0.047362,0.009755,0.009755,0.807700,0.009755],[0.857250,0.048791,0.009773,0.009773,0.064640,0.009773],[0.110161,0.052575,0.009770,0.009770,0.807953,0.009770],[0.834261,0.061048,0.009749,0.009749,0.075442,0.009749],[0.839973,0.056007,0.009754,0.009754,0.074758,0.009754],[0.851693,0.050041,0.009761,0.009761,0.068982,0.009761],[0.113690,0.048844,0.009745,0.009745,0.808231,0.009745],[0.871970,0.045031,0.009750,0.009750,0.053750,0.009750],[0.866466,0.044534,0.009743,0.009743,0.059770,0.009743],[0.877498,0.037377,0.009748,0.009748,0.055883,0.009748],[0.000000,0.000000,0.000000,0.000000,0.000000,1.000000],[0.592594,0.058513,0.009770,0.009770,0.319581,0.009770],[0.861936,0.044937,0.009759,0.009759,0.063849,0.009759],[0.867299,0.044252,0.009748,0.009748,0.059204,0.009748],[0.855147,0.045754,0.009745,0.009745,0.069864,0.009745],[0.873528,0.039820,0.009748,0.009748,0.057410,0.009748],[0.858773,0.026466,0.043327,0.009827,0.051780,0.009827],[1.000000,0.000000,0.000000,0.000000,0.000000,0.000000]],
  [[1.000000,0.000000,0.000000,0.000000,0.000000,0.000000],[0.833083,0.034969,0.048435,0.009834,0.063845,0.009834],[0.564698,0.091029,0.009789,0.009789,0.314907,0.009789],[0.176863,0.074046,0.009782,0.009782,0.719745,0.009782],[0.140359,0.060705,0.009743,0.009743,0.769708,0.009743],[0.828968,0.062034,0.009761,0.009761,0.079715,0.009761],[0.843451,0.051591,0.009768,0.009768,0.075653,0.009768],[0.862029,0.052479,0.009768,0.009768,0.056187,0.009768],[0.853040,0.055509,0.009762,0.009762,0.062165,0.009762],[0.850348,0.053969,0.009762,0.009762,0.066397,0.009762],[0.867367,0.047976,0.009753,0.009753,0.055398,0.009753],[0.862387,0.049804,0.009744,0.009744,0.058577,0.009744],[0.870231,0.044426,0.009747,0.009747,0.056103,0.009747],[0.863316,0.046431,0.009761,0.009761,0.060970,0.009761],[0.858472,0.050218,0.009758,0.009758,0.062035,0.009758],[0.859701,0.047864,0.009739,0.009739,0.063218,0.009739],[0.853992,0.048926,0.009771,0.009771,0.067768,0.009771],[0.843452,0.054675,0.009752,0.009752,0.072616,0.009752],[0.842451,0.054161,0.009765,0.009765,0.074093,0.009765],[0.854551,0.048810,0.009753,0.009753,0.067380,0.009753],[0.859095,0.048206,0.009748,0.009748,0.063454,0.009748],[0.862292,0.051235,0.009762,0.009762,0.057188,0.009762],[0.847832,0.052480,0.009754,0.009754,0.070428,0.009754],[0.853309,0.052775,0.009747,0.009747,0.064674,0.009747],[0.867703,0.048292,0.009750,0.009750,0.054755,0.009750],[0.855916,0.055565,0.009774,0.009774,0.059198,0.009774],[0.138211,0.059960,0.009758,0.009758,0.772555,0.009758],[0.140448,0.058903,0.009758,0.009758,0.771376,0.009758],[0.117251,0.047995,0.009752,0.009752,0.805498,0.009752],[0.885801,0.039313,0.009745,0.009745,0.045652,0.009745],[0.883460,0.034989,0.009735,0.009735,0.052347,0.009735],[0.894928,0.033242,0.009743,0.009743,0.042602,0.009743],[0.000000,0.000000,0.000000,0.000000,0.000000,1.000000],[0.132375,0.041512,0.009746,0.009746,0.796875,0.009746],[0.864786,0.047091,0.009745,0.009745,0.058888,0.009745],[0.860676,0.041585,0.009740,0.009740,0.068519,0.009740],[0.875217,0.038171,0.009755,0.009755,0.057345,0.009755],[0.873223,0.040238,0.009740,0.009740,0.057319,0.009740],[0.862683,0.023697,0.047809,0.009830,0.046152,0.009830],[1.000000,0.000000,0.000000,0.000000,0.000000,0.000000]],
  [[1.000000,0.000000,0.000000,0.000000,0.000000,0.000000],[0.119397,0.037324,0.041959,0.009840,0.781640,0.009840],[0.845194,0.060505,0.009774,0.009774,0.064978,0.009774],[0.827285,0.064105,0.009758,0.009758,0.079336,0.009758],[0.843345,0.060172,0.009759,0.009759,0.067205,0.009759],[0.841482,0.054596,0.009759,0.009759,0.074646,0.009759],[0.848435,0.058112,0.009751,0.009751,0.064201,0.009751],[0.848781,0.054651,0.009769,0.009769,0.067262,0.009769],[0.120123,0.048154,0.009759,0.009759,0.802445,0.009759],[0.859375,0.052053,0.009767,0.009767,0.059272,0.009767],[0.111972,0.047112,0.009752,0.009752,0.811660,0.009752],[0.861925,0.044499,0.009754,0.009754,0.064312,0.009754],[0.862158,0.041833,0.009769,0.009769,0.066703,0.009769],[0.860634,0.042354,0.009756,0.009756,0.067744,0.009756],[0.872911,0.042966,0.009756,0.009756,0.054855,0.009756],[0.118460,0.045175,0.009753,0.009753,0.807106,0.009753],[0.856281,0.053890,0.009755,0.009755,0.060563,0.009755],[0.122393,0.045950,0.009758,0.009758,0.802384,0.009758],[0.845875,0.056216,0.009762,0.009762,0.068622,0.009762],[0.838140,0.057553,0.009756,0.009756,0.075039,0.009756],[0.148449,0.050310,0.009763,0.009763,0.771953,0.009763],[0.151780,0.057445,0.009776,0.009776,0.761447,0.009776],[0.125527,0.048282,0.009755,0.009755,0.796927,0.009755],[0.859241,0.046951,0.009750,0.009750,0.064558,0.009750],[0.115656,0.045823,0.009753,0.009753,0.809261,0.009753],[0.862262,0.045903,0.009751,0.009751,0.062581,0.009751],[0.578215,0.076189,0.009765,0.009765,0.316302,0.009765],[0.850783,0.056506,0.009756,0.009756,0.063444,0.009756],[0.104819,0.035203,0.009742,0.009742,0.830752,0.009742],[0.000000,0.000000,0.000000,0.000000,0.000000,1.000000],[0.000000,0.000000,0.000000,0.000000,0.000000,1.000000],[0.877154,0.029656,0.009748,0.009748,0.063945,0.009748],[0.000000,0.000000,0.000000,0.000000,0.000000,1.000000],[0.867683,0.036842,0.009751,0.009751,0.066223,0.009751],[0.863708,0.050240,0.009747,0.009747,0.056811,0.009747],[0.860750,0.049962,0.009753,0.009753,0.060027,0.009753],[0.872830,0.046492,0.009750,0.009750,0.051428,0.009750],[0.866098,0.045620,0.009732,0.009732,0.059086,0.009732],[0.849716,0.025959,0.050562,0.009827,0.054109,0.009827],[1.000000,0.000000,0.000000,0.000000,0.000000,0.000000]],
  [[1.000000,0.000000,0.000000,0.000000,0.000000,0.000000],[0.837574,0.037227,0.055330,0.009842,0.050186,0.009842],[0.117426,0.053656,0.009753,0.009753,0.799659,0.009753],[0.126637,0.053491,0.009766,0.009766,0.790574,0.009766],[0.833825,0.060763,0.009754,0.009754,0.076149,0.009754],[0.835396,0.060547,0.009753,0.009753,0.074799,0.009753],[0.828453,0.063217,0.009753,0.009753,0.079071,0.009753],[0.148121,0.058552,0.009747,0.009747,0.764085,0.009747],[0.833362,0.060387,0.009764,0.009764,0.076958,0.009764],[0.844030,0.055058,0.009762,0.009762,0.071625,0.009762],[0.115619,0.053517,0.009747,0.009747,0.801624,0.009747],[0.852369,0.054776,0.009744,0.009744,0.063623,0.009744],[0.845411,0.050915,0.009771,0.009771,0.074360,0.009771],[0.859810,0.042636,0.009751,0.009751,0.068300,0.009751],[0.864896,0.044860,0.009742,0.009742,0.061019,0.009742],[0.853386,0.055734,0.009764,0.009764,0.061589,0.009764],[0.109882,0.053196,0.009758,0.009758,0.807647,0.009758],[0.110556,0.050401,0.009730,0.009730,0.809852,0.009730],[0.839723,0.053079,0.009749,0.009749,0.077952,0.009749],[0.835672,0.058436,0.009762,0.009762,0.076605,0.009762],[0.556383,0.084679,0.009794,0.009794,0.329555,0.009794],[0.854238,0.046945,0.009751,0.009751,0.069562,0.009751],[0.858092,0.044737,0.009748,0.009748,0.067927,0.009748],[0.871138,0.040761,0.009753,0.009753,0.058844,0.009753],[0.877176,0.040284,0.009754,0.009754,0.053278,0.009754],[0.851929,0.046434,0.009743,0.009743,0.072407,0.009743],[0.000000,0.000000,0.000000,0.000000,0.000000,1.000000],[0.000000,0.000000,0.000000,0.000000,0.000000,1.000000],[0.000000,0.000000,0.000000,0.000000,0.000000,1.000000],[0.000000,0.000000,0.000000,0.000000,0.000000,1.000000],[0.878842,0.035640,0.009747,0.009747,0.056277,0.009747],[0.000000,0.000000,0.000000,0.000000,0.000000,1.000000],[0.000000,0.000000,0.000000,0.000000,0.000000,1.000000],[0.859991,0.042781,0.009737,0.009737,0.068017,0.009737],[0.120621,0.053285,0.009759,0.009759,0.796818,0.009759],[0.111067,0.053585,0.009760,0.009760,0.806068,0.009760],[0.851194,0.051295,0.009749,0.009749,0.068265,0.009749],[0.863329,0.042920,0.009745,0.009745,0.064516,0.009745],[0.847476,0.026727,0.052930,0.009838,0.053191,0.009838],[1.000000,0.000000,0.000000,0.000000,0.000000,0.000000]],
  [[1.000000,0.000000,0.000000,0.000000,0.000000,0.000000],[0.090504,0.034451,0.031010,0.009857,0.824321,0.009857],[0.856723,0.058054,0.009754,0.009754,0.055960,0.009754],[0.837234,0.059256,0.009764,0.009764,0.074218,0.009764],[0.829330,0.065790,0.009753,0.009753,0.075621,0.009753],[0.143129,0.062472,0.009755,0.009755,0.765133,0.009755],[0.831503,0.069018,0.009779,0.009779,0.070142,0.009779],[0.574526,0.092767,0.009772,0.009772,0.303392,0.009772],[0.832215,0.065768,0.009768,0.009768,0.072712,0.009768],[0.141827,0.066804,0.009774,0.009774,0.762046,0.009774],[0.829126,0.066940,0.009760,0.009760,0.074654,0.009760],[0.838808,0.056722,0.009743,0.009743,0.075242,0.009743],[0.838487,0.049453,0.009744,0.009744,0.082829,0.009744],[0.870524,0.044659,0.009750,0.009750,0.055568,0.009750],[0.863373,0.047608,0.009755,0.009755,0.059754,0.009755],[0.115030,0.050701,0.009752,0.009752,0.805012,0.009752],[0.852414,0.052424,0.009749,0.009749,0.065916,0.009749],[0.861000,0.053868,0.009742,0.009742,0.055905,0.009742],[0.116259,0.048440,0.009749,0.009749,0.806054,0.009749],[0.838480,0.056093,0.009759,0.009759,0.076151,0.009759],[0.828258,0.050701,0.009745,0.009745,0.091805,0.009745],[0.857186,0.047464,0.009760,0.009760,0.066071,0.009760],[0.000000,0.000000,0.000000,0.000000,0.000000,1.000000],[0.113071,0.036119,0.009748,0.009748,0.821566,0.009748],[0.000000,0.000000,0.000000,0.000000,0.000000,1.000000],[0.878739,0.032636,0.009741,0.009741,0.059403,0.009741],[0.000000,0.000000,0.000000,0.000000,0.000000,1.000000],[0.143610,0.037741,0.009760,0.009760,0.789370,0.009760],[0.132689,0.050420,0.009775,0.009775,0.787567,0.009775],[0.125937,0.052500,0.009769,0.009769,0.792256,0.009769],[0.135934,0.041559,0.009747,0.009747,0.793266,0.009747],[0.000000,0.000000,0.000000,0.000000,0.000000,1.000000],[0.861516,0.036327,0.009754,0.009754,0.072896,0.009754],[0.113702,0.048615,0.009759,0.009759,0.808404,0.009759],[0.109439,0.056499,0.009750,0.009750,0.804813,0.009750],[0.825087,0.067662,0.009758,0.009758,0.077976,0.009758],[0.141263,0.056826,0.009768,0.009768,0.772607,0.009768],[0.863329,0.049751,0.009762,0.009762,0.057635,0.009762],[0.093877,0.029050,0.038923,0.009833,0.818484,0.009833],[1.000000,0.000000,0.000000,0.000000,0.000000,0.000000]],
  [[1.000000,0.000000,0.000000,0.000000,0.000000,0.000000],[0.092264,0.031875,0.035895,0.009838,0.820291,0.009838],[0.111130,0.055028,0.009738,0.009738,0.804628,0.009738],[0.135102,0.059709,0.009772,0.009772,0.775874,0.009772],[0.569916,0.086020,0.009785,0.009785,0.314711,0.009785],[0.821189,0.064201,0.009765,0.009765,0.085316,0.009765],[0.149805,0.059112,0.009787,0.009787,0.761722,0.009787],[0.817438,0.076452,0.009763,0.009763,0.076822,0.009763],[0.775267,0.070081,0.053328,0.009879,0.081566,0.009879],[0.774750,0.064798,0.055281,0.009859,0.085452,0.009859],[0.444384,0.062475,0.208806,0.009869,0.264597,0.009869],[0.823572,0.062218,0.009763,0.009763,0.084922,0.009763],[0.848255,0.052619,0.009781,0.009781,0.069781,0.009781],[0.116670,0.045200,0.009746,0.009746,0.808892,0.009746],[0.856564,0.053205,0.009749,0.009749,0.060984,0.009749],[0.855503,0.044771,0.009751,0.009751,0.070473,0.009751],[0.118758,0.049906,0.009763,0.009763,0.802049,0.009763],[0.846464,0.052066,0.009752,0.009752,0.072214,0.009752],[0.111461,0.054588,0.009750,0.009750,0.804702,0.009750],[0.861753,0.051566,0.009770,0.009770,0.057372,0.009770],[0.854062,0.049102,0.009760,0.009760,0.067557,0.009760],[0.852055,0.046825,0.009745,0.009745,0.071885,0.009745],[0.111695,0.044681,0.009737,0.009737,0.814412,0.009737],[0.878025,0.039116,0.009746,0.009746,0.053621,0.009746],[0.000000,0.000000,0.000000,0.000000,0.000000,1.000000],[0.000000,0.000000,0.000000,0.000000,0.000000,1.000000],[0.000000,0.000000,0.000000,0.000000,0.000000,1.000000],[0.580090,0.075516,0.009776,0.009776,0.315066,0.009776],[0.824616,0.065674,0.009742,0.009742,0.080486,0.009742],[0.145040,0.060494,0.009755,0.009755,0.765201,0.009755],[0.543358,0.095036,0.009774,0.009774,0.332286,0.009774],[0.000000,0.000000,0.000000,0.000000,0.000000,1.000000],[0.859517,0.046197,0.009748,0.009748,0.065041,0.009748],[0.846705,0.052877,0.009755,0.009755,0.071152,0.009755],[0.842613,0.057464,0.009759,0.009759,0.070646,0.009759],[0.139631,0.064222,0.009746,0.009746,0.766908,0.009746],[0.564071,0.104145,0.009800,0.009800,0.302384,0.009800],[0.841215,0.054498,0.009773,0.009773,0.074967,0.009773],[0.852305,0.030731,0.048578,0.009832,0.048721,0.009832],[1.000000,0.000000,0.000000,0.000000,0.000000,0.000000]],
  [[1.000000,0.000000,0.000000,0.000000,0.000000,0.000000],[0.096552,0.030865,0.042111,0.009841,0.810791,0.009841],[0.857177,0.053498,0.009734,0.009734,0.060122,0.009734],[0.842476,0.059321,0.009756,0.009756,0.068935,0.009756],[0.838043,0.068148,0.009765,0.009765,0.064514,0.009765],[0.828894,0.063678,0.009765,0.009765,0.078134,0.009765],[0.829270,0.056049,0.009751,0.009751,0.085429,0.009751],[0.819514,0.050056,0.042542,0.009851,0.068185,0.009851],[0.482696,0.049627,0.191457,0.009869,0.256482,0.009869],[1.000000,0.000000,0.000000,0.000000,0.000000,0.000000],[0.796300,0.058736,0.059074,0.009850,0.066189,0.009850],[0.147803,0.062953,0.009751,0.009751,0.759991,0.009751],[0.851844,0.056227,0.009751,0.009751,0.062677,0.009751],[0.853812,0.051814,0.009745,0.009745,0.065137,0.009745],[0.860549,0.054457,0.009764,0.009764,0.055703,0.009764],[0.116999,0.050608,0.009764,0.009764,0.803101,0.009764],[0.856522,0.051351,0.009760,0.009760,0.062847,0.009760],[0.853441,0.049199,0.009755,0.009755,0.068095,0.009755],[0.856426,0.047272,0.009748,0.009748,0.067057,0.009748],[0.115441,0.045785,0.009761,0.009761,0.809493,0.009761],[0.868125,0.044870,0.009764,0.009764,0.057712,0.009764],[0.855946,0.047215,0.009745,0.009745,0.067603,0.009745],[0.867367,0.047976,0.009753,0.009753,0.055398,0.009753],[0.866720,0.045775,0.009753,0.009753,0.058245,0.009753],[0.866652,0.042328,0.009764,0.009764,0.061728,0.009764],[0.584085,0.068936,0.009775,0.009775,0.317654,0.009775],[0.841960,0.052848,0.009746,0.009746,0.075955,0.009746],[0.133376,0.051655,0.009758,0.009758,0.785693,0.009758],[0.825538,0.061438,0.009771,0.009771,0.083711,0.009771],[0.848519,0.059599,0.009758,0.009758,0.062609,0.009758],[0.139363,0.054141,0.009759,0.009759,0.777220,0.009759],[0.840847,0.053585,0.009755,0.009755,0.076302,0.009755],[0.840092,0.050431,0.009757,0.009757,0.080208,0.009757],[0.843818,0.053669,0.009759,0.009759,0.073237,0.009759],[0.137168,0.055640,0.009756,0.009756,0.777924,0.009756],[0.827680,0.062232,0.009753,0.009753,0.080830,0.009753],[0.146991,0.063180,0.009775,0.009775,0.760502,0.009775],[0.147654,0.054067,0.009760,0.009760,0.768998,0.009760],[0.099147,0.030065,0.041995,0.009838,0.809117,0.009838],[1.000000,0.000000,0.000000,0.000000,0.000000,0.000000]],
  [[1.000000,0.000000,0.000000,0.000000,0.000000,0.000000],[0.845170,0.032466,0.052519,0.009835,0.050173,0.009835],[0.120264,0.050659,0.009757,0.009757,0.799806,0.009757],[0.837090,0.052799,0.009765,0.009765,0.080815,0.009765],[0.842166,0.058512,0.009754,0.009754,0.070059,0.009754],[0.131538,0.053681,0.009748,0.009748,0.785536,0.009748],[0.797254,0.048716,0.055597,0.009852,0.078728,0.009852],[0.804363,0.040671,0.060193,0.009858,0.075056,0.009858],[1.000000,0.000000,0.000000,0.000000,0.000000,0.000000],[0.815925,0.036807,0.050583,0.009861,0.076962,0.009861],[0.818868,0.049520,0.059071,0.009846,0.052850,0.009846],[0.128977,0.051500,0.009752,0.009752,0.790265,0.009752],[0.111175,0.048825,0.009745,0.009745,0.810766,0.009745],[0.861027,0.046990,0.009752,0.009752,0.062728,0.009752],[0.853007,0.049921,0.009765,0.009765,0.067777,0.009765],[0.121625,0.047116,0.009767,0.009767,0.801959,0.009767],[0.109296,0.050881,0.009746,0.009746,0.810584,0.009746],[0.849544,0.056018,0.009751,0.009751,0.065186,0.009751],[0.118203,0.048479,0.009759,0.009759,0.804039,0.009759],[0.860013,0.042996,0.009751,0.009751,0.067738,0.009751],[0.871592,0.046484,0.009750,0.009750,0.052674,0.009750],[0.119722,0.041220,0.009753,0.009753,0.809800,0.009753],[0.874828,0.042499,0.009748,0.009748,0.053429,0.009748],[0.858074,0.049270,0.009768,0.009768,0.063353,0.009768],[0.863527,0.044466,0.009740,0.009740,0.062787,0.009740],[0.855969,0.051219,0.009763,0.009763,0.063522,0.009763],[0.143982,0.049874,0.009769,0.009769,0.776838,0.009769],[0.857378,0.048940,0.009760,0.009760,0.064403,0.009760],[0.848314,0.054775,0.009755,0.009755,0.067644,0.009755],[0.846749,0.057815,0.009756,0.009756,0.066169,0.009756],[0.119894,0.055679,0.009748,0.009748,0.795182,0.009748],[0.833395,0.056532,0.009764,0.009764,0.080782,0.009764],[0.149175,0.055777,0.009758,0.009758,0.765775,0.009758],[0.575074,0.087319,0.009790,0.009790,0.308237,0.009790],[0.827314,0.062583,0.009751,0.009751,0.080849,0.009751],[0.842004,0.053528,0.009762,0.009762,0.075183,0.009762],[0.860074,0.055247,0.009775,0.009775,0.055353,0.009775],[0.854812,0.054259,0.009746,0.009746,0.061692,0.009746],[0.835872,0.035199,0.049289,0.009851,0.059939,0.009851],[1.000000,0.000000,0.000000,0.000000,0.000000,0.000000]],
  [[1.000000,0.000000,0.000000,0.000000,0.000000,0.000000],[0.086914,0.032128,0.036336,0.009835,0.824952,0.009835],[0.869171,0.047094,0.009744,0.009744,0.054505,0.009744],[0.102515,0.049324,0.009765,0.009765,0.818865,0.009765],[0.839639,0.064019,0.009758,0.009758,0.067067,0.009758],[0.798313,0.052783,0.054947,0.009850,0.074258,0.009850],[0.811145,0.049682,0.048417,0.009841,0.071073,0.009841],[1.000000,0.000000,0.000000,0.000000,0.000000,0.000000],[1.000000,0.000000,0.000000,0.000000,0.000000,0.000000],[0.814929,0.036273,0.059385,0.009843,0.069728,0.009843],[0.852066,0.049548,0.009744,0.009744,0.069156,0.009744],[0.844758,0.055221,0.009751,0.009751,0.070769,0.009751],[0.108477,0.050365,0.009755,0.009755,0.811892,0.009755],[0.857859,0.049100,0.009758,0.009758,0.063766,0.009758],[0.855005,0.050636,0.009752,0.009752,0.065103,0.009752],[0.120809,0.042113,0.009737,0.009737,0.807867,0.009737],[0.862151,0.052518,0.009760,0.009760,0.056051,0.009760],[0.860755,0.047197,0.009753,0.009753,0.062788,0.009753],[0.867788,0.045498,0.009747,0.009747,0.057474,0.009747],[0.110043,0.041787,0.009741,0.009741,0.818947,0.009741],[0.873457,0.043642,0.009753,0.009753,0.053642,0.009753],[0.860913,0.042044,0.009759,0.009759,0.067766,0.009759],[0.862464,0.044634,0.009751,0.009751,0.063648,0.009751],[0.119202,0.044899,0.009737,0.009737,0.806688,0.009737],[0.853800,0.044499,0.009758,0.009758,0.072428,0.009758],[0.853912,0.049814,0.009758,0.009758,0.066999,0.009758],[0.848572,0.050677,0.009757,0.009757,0.071481,0.009757],[0.844398,0.058757,0.009756,0.009756,0.067577,0.009756],[0.121522,0.050410,0.009752,0.009752,0.798811,0.009752],[0.115620,0.057572,0.009756,0.009756,0.797540,0.009756],[0.114138,0.049782,0.009749,0.009749,0.806832,0.009749],[0.846102,0.056878,0.009747,0.009747,0.067777,0.009747],[0.824461,0.065343,0.009761,0.009761,0.080912,0.009761],[0.843199,0.059569,0.009768,0.009768,0.067930,0.009768],[0.835319,0.058843,0.009782,0.009782,0.076491,0.009782],[0.847355,0.060595,0.009759,0.009759,0.062771,0.009759],[0.114525,0.055157,0.009759,0.009759,0.801042,0.009759],[0.847979,0.048700,0.009771,0.009771,0.074008,0.009771],[0.842687,0.030232,0.049596,0.009837,0.057812,0.009837],[1.000000,0.000000,0.000000,0.000000,0.000000,0.000000]],
  [[1.000000,0.000000,0.000000,0.000000,0.000000,0.000000],[0.100432,0.030883,0.031122,0.009845,0.817873,0.009845],[0.116615,0.049631,0.009749,0.009749,0.804506,0.009749],[0.853792,0.052644,0.009760,0.009760,0.064283,0.009760],[0.128944,0.062369,0.025404,0.009841,0.763603,0.009841],[0.369854,0.039422,0.385709,0.009851,0.185313,0.009851],[1.000000,0.000000,0.000000,0.000000,0.000000,0.000000],[1.000000,0.000000,0.000000,0.000000,0.000000,0.000000],[0.821842,0.040006,0.043731,0.009848,0.074724,0.009848],[0.101539,0.037975,0.042031,0.009847,0.798761,0.009847],[0.857805,0.046577,0.009750,0.009750,0.066369,0.009750],[0.861100,0.049067,0.009755,0.009755,0.060568,0.009755],[0.873144,0.045063,0.009751,0.009751,0.052538,0.009751],[0.850197,0.046502,0.009759,0.009759,0.074022,0.009759],[0.845321,0.047747,0.009748,0.009748,0.077688,0.009748],[0.863260,0.048666,0.009763,0.009763,0.058785,0.009763],[0.853979,0.046576,0.009729,0.009729,0.070258,0.009729],[0.864774,0.046153,0.009766,0.009766,0.059776,0.009766],[0.872244,0.045370,0.009748,0.009748,0.053142,0.009748],[0.863857,0.043730,0.009762,0.009762,0.063126,0.009762],[0.863215,0.043399,0.009753,0.009753,0.064127,0.009753],[0.868154,0.039856,0.009740,0.009740,0.062770,0.009740],[0.861384,0.044909,0.009758,0.009758,0.064434,0.009758],[0.864425,0.042975,0.009748,0.009748,0.063356,0.009748],[0.860672,0.043729,0.009740,0.009740,0.066380,0.009740],[0.858599,0.049806,0.009745,0.009745,0.062359,0.009745],[0.862826,0.046375,0.009758,0.009758,0.061525,0.009758],[0.859417,0.050281,0.009741,0.009741,0.061080,0.009741],[0.104611,0.053625,0.009764,0.009764,0.812471,0.009764],[0.851886,0.057155,0.009759,0.009759,0.061681,0.009759],[0.852633,0.048272,0.009755,0.009755,0.069831,0.009755],[0.854907,0.048021,0.009750,0.009750,0.067821,0.009750],[0.852385,0.053259,0.009764,0.009764,0.065065,0.009764],[0.139549,0.059722,0.009755,0.009755,0.771464,0.009755],[0.838156,0.063912,0.009771,0.009771,0.068618,0.009771],[0.130485,0.067565,0.009765,0.009765,0.772655,0.009765],[0.118666,0.058031,0.009752,0.009752,0.794048,0.009752],[0.863249,0.055713,0.009749,0.009749,0.051791,0.009749],[0.868352,0.025892,0.044461,0.009833,0.041628,0.009833],[1.000000,0.000000,0.000000,0.000000,0.000000,0.000000]],
  [[1.000000,0.000000,0.000000,0.000000,0.000000,0.000000],[0.848058,0.029743,0.053262,0.009835,0.049268,0.009835],[0.865749,0.048510,0.009742,0.009742,0.056516,0.009742],[0.831329,0.041695,0.048672,0.009836,0.058632,0.009836],[0.824855,0.045193,0.056764,0.009839,0.053510,0.009839],[1.000000,0.000000,0.000000,0.000000,0.000000,0.000000],[0.788598,0.058207,0.050323,0.009840,0.083193,0.009840],[0.378106,0.035419,0.365836,0.009869,0.200900,0.009869],[0.799709,0.049848,0.050451,0.009833,0.080327,0.009833],[0.850852,0.050978,0.009752,0.009752,0.068914,0.009752],[0.851247,0.049073,0.009748,0.009748,0.070435,0.009748],[0.860210,0.047614,0.009756,0.009756,0.062907,0.009756],[0.132199,0.046817,0.009746,0.009746,0.791745,0.009746],[0.863843,0.051298,0.009744,0.009744,0.055627,0.009744],[0.111410,0.045062,0.009778,0.009778,0.814194,0.009778],[0.873521,0.044809,0.009747,0.009747,0.052431,0.009747],[0.141479,0.044861,0.009755,0.009755,0.784395,0.009755],[0.863946,0.044002,0.009745,0.009745,0.062817,0.009745],[0.863092,0.048472,0.009752,0.009752,0.059181,0.009752],[0.862458,0.046920,0.009747,0.009747,0.061382,0.009747],[0.864938,0.044543,0.009756,0.009756,0.061251,0.009756],[0.859514,0.048291,0.009753,0.009753,0.062936,0.009753],[0.860422,0.048434,0.009761,0.009761,0.061860,0.009761],[0.855905,0.045394,0.009756,0.009756,0.069433,0.009756],[0.858108,0.044419,0.009762,0.009762,0.068185,0.009762],[0.125072,0.046474,0.009758,0.009758,0.799181,0.009758],[0.863755,0.044075,0.009750,0.009750,0.062921,0.009750],[0.116279,0.049998,0.009751,0.009751,0.804471,0.009751],[0.115785,0.050529,0.009735,0.009735,0.804482,0.009735],[0.117740,0.050497,0.009758,0.009758,0.802489,0.009758],[0.860222,0.043791,0.009756,0.009756,0.066720,0.009756],[0.846809,0.050178,0.009750,0.009750,0.073763,0.009750],[0.848496,0.049366,0.009745,0.009745,0.072902,0.009745],[0.843571,0.052756,0.009760,0.009760,0.074392,0.009760],[0.562757,0.095549,0.009781,0.009781,0.312351,0.009781],[0.150239,0.066664,0.009773,0.009773,0.753779,0.009773],[0.107224,0.062560,0.009758,0.009758,0.800941,0.009758],[0.109694,0.054558,0.009757,0.009757,0.806477,0.009757],[0.855386,0.033345,0.043401,0.009821,0.048227,0.009821],[1.000000,0.000000,0.000000,0.000000,0.000000,0.000000]],
