[
  [[1.000000,0.000000,0.000000,0.000000,0.000000,0.000000],[1.000000,0.000000,0.000000,0.000000,0.000000,0.000000],[1.000000,0.000000,0.000000,0.000000,0.000000,0.000000],[1.000000,0.000000,0.000000,0.000000,0.000000,0.000000],[1.000000,0.000000,0.000000,0.000000,0.000000,0.000000],[1.000000,0.000000,0.000000,0.000000,0.000000,0.000000],[1.000000,0.000000,0.000000,0.000000,0.000000,0.000000],[1.000000,0.000000,0.000000,0.000000,0.000000,0.000000],[1.000000,0.000000,0.000000,0.000000,0.000000,0.000000],[1.000000,0.000000,0.000000,0.000000,0.000000,0.000000],[1.000000,0.000000,0.000000,0.000000,0.000000,0.000000],[1.000000,0.000000,0.000000,0.000000,0.000000,0.000000],[1.000000,0.000000,0.000000,0.000000,0.000000,0.000000],[1.000000,0.000000,0.000000,0.000000,0.000000,0.000000],[1.000000,0.000000,0.000000,0.000000,0.000000,0.000000],[1.000000,0.000000,0.000000,0.000000,0.000000,0.000000],[1.000000,0.000000,0.000000,0.000000,0.000000,0.000000],[1.000000,0.000000,0.000000,0.000000,0.000000,0.000000],[1.000000,0.000000,0.000000,0.000000,0.000000,0.000000],[1.000000,0.000000,0.000000,0.000000,0.000000,0.000000],[1.000000,0.000000,0.000000,0.000000,0.000000,0.000000],[1.000000,0.000000,0.000000,0.000000,0.000000,0.000000],[1.000000,0.000000,0.000000,0.000000,0.000000,0.000000],[1.000000,0.000000,0.000000,0.000000,0.000000,0.000000],[1.000000,0.000000,0.000000,0.000000,0.000000,0.000000],[1.000000,0.000000,0.000000,0.000000,0.000000,0.000000],[1.000000,0.000000,0.000000,0.000000,0.000000,0.000000],[1.000000,0.000000,0.000000,0.000000,0.000000,0.000000],[1.000000,0.000000,0.000000,0.000000,0.000000,0.000000],[1.000000,0.000000,0.000000,0.000000,0.000000,0.000000],[1.000000,0.000000,0.000000,0.000000,0.000000,0.000000],[1.000000,0.000000,0.000000,0.000000,0.000000,0.000000],[1.000000,0.000000,0.000000,0.000000,0.000000,0.000000],[1.000000,0.000000,0.000000,0.000000,0.000000,0.000000],[1.000000,0.000000,0.000000,0.000000,0.000000,0.000000],[1.000000,0.000000,0.000000,0.000000,0.000000,0.000000],[1.000000,0.000000,0.000000,0.000000,0.000000,0.000000],[1.000000,0.000000,0.000000,0.000000,0.000000,0.000000],[1.000000,0.000000,0.000000,0.000000,0.000000,0.000000],[1.000000,0.000000,0.000000,0.000000,0.000000,0.000000]],
  [[1.000000,0.000000,0.000000,0.000000,0.000000,0.000000],[0.934958,0.009778,0.017380,0.009778,0.018328,0.009778],[0.073867,0.012175,0.028860,0.009828,0.865442,0.009828],[0.090687,0.013891,0.028599,0.009827,0.847169,0.009827],[0.930946,0.009780,0.017379,0.009780,0.022336,0.009780],[0.933382,0.009783,0.014912,0.009783,0.022358,0.009783],[1.000000,0.000000,0.000000,0.000000,0.000000,0.000000],[0.925017,0.009788,0.016919,0.009788,0.028698,0.009788],[0.931012,0.009763,0.019758,0.009763,0.019940,0.009763],[0.918423,0.009781,0.025320,0.009781,0.026914,0.009781],[0.925178,0.009803,0.020016,0.009803,0.025395,0.009803],[0.094093,0.015154,0.028670,0.009823,0.842438,0.009823],[0.924144,0.009802,0.024519,0.009802,0.021931,0.009802],[0.932332,0.009787,0.019923,0.009787,0.018383,0.009787],[0.941282,0.009784,0.014437,0.009784,0.014929,0.009784],[0.936716,0.009765,0.016314,0.009765,0.017676,0.009765],[0.081659,0.013489,0.028159,0.009835,0.857023,0.009835],[0.938771,0.009774,0.011897,0.009774,0.020011,0.009774],[0.072045,0.012848,0.029753,0.009822,0.865710,0.009822],[0.928146,0.009781,0.017879,0.009781,0.024631,0.009781],[0.930554,0.009790,0.015942,0.009790,0.024134,0.009790],[0.936948,0.009777,0.011409,0.009777,0.022313,0.009777],[0.929980,0.009774,0.017838,0.009774,0.022860,0.009774],[0.090699,0.012740,0.023943,0.009824,0.852970,0.009824],[0.085800,0.013156,0.033003,0.009821,0.848398,0.009821],[0.929878,0.009784,0.018400,0.009784,0.022370,0.009784],[0.931963,0.009778,0.016378,0.009778,0.022325,0.009778],[0.935667,0.009753,0.011808,0.009753,0.023266,0.009753],[0.000000,0.000000,0.000000,0.000000,0.000000,1.000000],[0.930754,0.009769,0.014838,0.009769,0.025101,0.009769],[0.925961,0.009765,0.020249,0.009765,0.024495,0.009765],[0.934408,0.009759,0.019243,0.009759,0.017072,0.009759],[0.073905,0.012242,0.030493,0.009812,0.863737,0.009812],[0.926451,0.009781,0.021859,0.009781,0.022347,0.009781],[0.925357,0.009783,0.022365,0.009783,0.022930,0.009783],[0.083297,0.012036,0.029751,0.009824,0.855268,0.009824],[0.928797,0.009784,0.014910,0.009784,0.026941,0.009784],[0.091966,0.012926,0.029028,0.009831,0.846419,0.009831],[0.077983,0.011643,0.036554,0.009829,0.854161,0.009829],[1.000000,0.000000,0.000000,0.000000,0.000000,0.000000]],
  [[1.000000,0.000000,0.000000,0.000000,0.000000,0.000000],[0.933253,0.009772,0.012874,0.009772,0.024557,0.009772],[0.936569,0.009710,0.009710,0.009710,0.024592,0.009710],[0.932772,0.009872,0.009726,0.009726,0.028178,0.009726],[0.933191,0.009707,0.009707,0.009707,0.027982,0.009707],[0.920743,0.009796,0.019952,0.009796,0.029917,0.009796],[0.924458,0.009788,0.020910,0.009788,0.025266,0.009788],[1.000000,0.000000,0.000000,0.000000,0.000000,0.000000],[0.926875,0.009774,0.023793,0.009774,0.020011,0.009774],[0.922158,0.009783,0.023851,0.009783,0.024644,0.009783],[0.588793,0.029499,0.009753,0.009753,0.352450,0.009753],[0.111006,0.025807,0.009737,0.009737,0.833976,0.009737],[0.089198,0.021157,0.009738,0.009738,0.860431,0.009738],[0.932602,0.009708,0.009708,0.009708,0.028565,0.009708],[0.937847,0.010012,0.009720,0.009720,0.022980,0.009720],[0.932367,0.009836,0.009716,0.009716,0.028649,0.009716],[0.938226,0.009714,0.009714,0.009714,0.022917,0.009714],[0.938937,0.011706,0.009720,0.009720,0.020195,0.009720],[0.940023,0.009707,0.009707,0.009707,0.021149,0.009707],[0.079857,0.021518,0.009733,0.009733,0.869428,0.009733],[0.935013,0.009698,0.009698,0.009698,0.026195,0.009698],[0.937103,0.009713,0.009713,0.009713,0.024046,0.009713],[0.940256,0.009872,0.009723,0.009723,0.020702,0.009723],[0.943175,0.009861,0.009719,0.009719,0.017807,0.009719],[0.938226,0.009714,0.009714,0.009714,0.022917,0.009714],[0.929300,0.009701,0.009701,0.009701,0.031896,0.009701],[0.935999,0.009710,0.009710,0.009710,0.025162,0.009710],[0.933007,0.009679,0.009679,0.009679,0.028277,0.009679],[0.000000,0.000000,0.000000,0.000000,0.000000,1.000000],[0.945699,0.009710,0.009710,0.009710,0.015461,0.009710],[0.930477,0.009698,0.009698,0.009698,0.030731,0.009698],[0.933161,0.011223,0.009717,0.009717,0.026464,0.009717],[0.095519,0.020865,0.009735,0.009735,0.854410,0.009735],[0.924672,0.009801,0.024006,0.009801,0.021920,0.009801],[0.931041,0.009801,0.020514,0.009801,0.019043,0.009801],[1.000000,0.000000,0.000000,0.000000,0.000000,0.000000],[1.000000,0.000000,0.000000,0.000000,0.000000,0.000000],[0.927034,0.009780,0.017867,0.009780,0.025760,0.009780],[0.928938,0.009765,0.021249,0.009765,0.020519,0.009765],[1.000000,0.000000,0.000000,0.000000,0.000000,0.000000]],
  [[1.000000,0.000000,0.000000,0.000000,0.000000,0.000000],[0.928976,0.009774,0.014857,0.009774,0.026846,0.009774],[0.927645,0.009698,0.009698,0.009698,0.033563,0.009698],[0.093663,0.019255,0.009734,0.009734,0.857881,0.009734],[0.932054,0.009707,0.009707,0.009707,0.029119,0.009707],[0.611286,0.021670,0.009745,0.009745,0.337810,0.009745],[0.912581,0.009794,0.026417,0.009794,0.031619,0.009794],[0.913645,0.009788,0.028864,0.009788,0.028126,0.009788],[1.000000,0.000000,0.000000,0.000000,0.000000,0.000000],[0.915593,0.009803,0.025004,0.009803,0.029993,0.009803],[0.893092,0.011781,0.037758,0.009813,0.037744,0.009813],[0.917823,0.016349,0.009720,0.009720,0.036666,0.009720],[0.119687,0.030570,0.009739,0.009739,0.820526,0.009739],[0.100336,0.022430,0.009729,0.009729,0.848049,0.009729],[0.929650,0.010756,0.009717,0.009717,0.030441,0.009717],[0.935308,0.010182,0.009726,0.009726,0.025331,0.009726],[0.940691,0.009698,0.009698,0.009698,0.020516,0.009698],[0.936606,0.009707,0.009707,0.009707,0.024567,0.009707],[0.938710,0.009722,0.009722,0.009722,0.022403,0.009722],[0.938279,0.009710,0.009710,0.009710,0.022882,0.009710],[0.934054,0.009843,0.009717,0.009717,0.026950,0.009717],[0.933390,0.009863,0.009723,0.009723,0.027577,0.009723],[0.938935,0.009702,0.009702,0.009702,0.022255,0.009702],[0.079651,0.016624,0.009731,0.009731,0.874532,0.009731],[0.930170,0.009680,0.009680,0.009680,0.031108,0.009680],[0.943071,0.009999,0.009715,0.009715,0.017786,0.009715],[0.938918,0.009704,0.009704,0.009704,0.022266,0.009704],[0.936249,0.009867,0.009723,0.009723,0.024714,0.009723],[0.000000,0.000000,0.000000,0.000000,0.000000,1.000000],[0.944102,0.009698,0.009698,0.009698,0.017105,0.009698],[0.937619,0.009717,0.009717,0.009717,0.023512,0.009717],[0.939589,0.009695,0.009695,0.009695,0.021631,0.009695],[0.933823,0.010011,0.009722,0.009722,0.027001,0.009722],[0.084057,0.016877,0.030643,0.009827,0.848770,0.009827],[1.000000,0.000000,0.000000,0.000000,0.000000,0.000000],[1.000000,0.000000,0.000000,0.000000,0.000000,0.000000],[1.000000,0.000000,0.000000,0.000000,0.000000,0.000000],[1.000000,0.000000,0.000000,0.000000,0.000000,0.000000],[1.000000,0.000000,0.000000,0.000000,0.000000,0.000000],[1.000000,0.000000,0.000000,0.000000,0.000000,0.000000]],
  [[1.000000,0.000000,0.000000,0.000000,0.000000,0.000000],[0.936243,0.009787,0.015439,0.009787,0.018957,0.009787],[0.938918,0.009704,0.009704,0.009704,0.022266,0.009704],[0.932886,0.009688,0.009688,0.009688,0.028363,0.009688],[0.933272,0.009701,0.009701,0.009701,0.027925,0.009701],[0.932095,0.009704,0.009704,0.009704,0.029089,0.009704],[0.932663,0.009704,0.009704,0.009704,0.028521,0.009704],[0.079682,0.012439,0.024789,0.009824,0.863442,0.009824],[0.932414,0.009786,0.016421,0.009786,0.021809,0.009786],[1.000000,0.000000,0.000000,0.000000,0.000000,0.000000],[0.102592,0.019015,0.030535,0.009835,0.828187,0.009835],[0.508811,0.019627,0.155816,0.009838,0.296071,0.009838],[0.921777,0.014912,0.009715,0.009715,0.034167,0.009715],[0.097282,0.021811,0.009726,0.009726,0.851729,0.009726],[0.107909,0.023130,0.009738,0.009738,0.839746,0.009738],[0.096278,0.018687,0.009734,0.009734,0.855833,0.009734],[0.099296,0.018112,0.009733,0.009733,0.853395,0.009733],[0.938780,0.009716,0.009716,0.009716,0.022357,0.009716],[0.937193,0.009705,0.009705,0.009705,0.023985,0.009705],[0.092314,0.020487,0.009726,0.009726,0.858021,0.009726],[0.092724,0.020990,0.009734,0.009734,0.857085,0.009734],[0.939454,0.009707,0.009707,0.009707,0.021719,0.009707],[0.940998,0.010313,0.009717,0.009717,0.019537,0.009717],[0.938884,0.009707,0.009707,0.009707,0.022289,0.009707],[0.935303,0.010299,0.009716,0.009716,0.025250,0.009716],[0.000000,0.000000,0.000000,0.000000,0.000000,1.000000],[0.000000,0.000000,0.000000,0.000000,0.000000,1.000000],[0.000000,0.000000,0.000000,0.000000,0.000000,1.000000],[0.930284,0.009711,0.009711,0.009711,0.030872,0.009711],[0.925589,0.009720,0.009720,0.009720,0.035531,0.009720],[0.931506,0.009705,0.009705,0.009705,0.029672,0.009705],[0.933918,0.009695,0.009695,0.009695,0.027302,0.009695],[0.000000,0.000000,0.000000,0.000000,0.000000,1.000000],[0.097147,0.016575,0.025570,0.009821,0.841065,0.009821],[0.091067,0.019478,0.028549,0.009824,0.841258,0.009824],[1.000000,0.000000,0.000000,0.000000,0.000000,0.000000],[0.922399,0.009791,0.018927,0.009791,0.029299,0.009791],[0.083388,0.014918,0.026460,0.009836,0.855562,0.009836],[0.931857,0.009781,0.019881,0.009781,0.018918,0.009781],[1.000000,0.000000,0.000000,0.000000,0.000000,0.000000]],
  [[1.000000,0.000000,0.000000,0.000000,0.000000,0.000000],[0.928468,0.009775,0.019334,0.009775,0.022872,0.009775],[0.940107,0.009700,0.009700,0.009700,0.021095,0.009700],[0.094519,0.016707,0.009738,0.009738,0.859561,0.009738],[0.935219,0.009726,0.009726,0.009726,0.025877,0.009726],[0.932166,0.010475,0.009723,0.009723,0.028190,0.009723],[0.935315,0.009719,0.009719,0.009719,0.025810,0.009719],[0.928486,0.009717,0.009717,0.009717,0.032645,0.009717],[0.929260,0.009783,0.017891,0.009783,0.023501,0.009783],[1.000000,0.000000,0.000000,0.000000,0.000000,0.000000],[1.000000,0.000000,0.000000,0.000000,0.000000,0.000000],[0.905306,0.009803,0.032995,0.009803,0.032290,0.009803],[0.915422,0.009805,0.028030,0.009805,0.027134,0.009805],[0.920240,0.009775,0.021299,0.009775,0.029136,0.009775],[0.940507,0.010179,0.009723,0.009723,0.020143,0.009723],[0.939504,0.009702,0.009702,0.009702,0.021686,0.009702],[0.938460,0.010003,0.009717,0.009717,0.022385,0.009717],[0.938506,0.009691,0.009691,0.009691,0.022731,0.009691],[0.936697,0.009699,0.009699,0.009699,0.024505,0.009699],[0.939504,0.009702,0.009702,0.009702,0.021686,0.009702],[0.936975,0.009723,0.009723,0.009723,0.024133,0.009723],[0.937691,0.009711,0.009711,0.009711,0.023464,0.009711],[0.929256,0.009704,0.009704,0.009704,0.031929,0.009704],[0.933390,0.009863,0.009723,0.009723,0.027577,0.009723],[0.934840,0.009711,0.009711,0.009711,0.026315,0.009711],[0.110126,0.019408,0.009729,0.009729,0.841280,0.009729],[0.000000,0.000000,0.000000,0.000000,0.000000,1.000000],[0.933621,0.009717,0.009717,0.009717,0.027511,0.009717],[0.922903,0.011201,0.009716,0.009716,0.036748,0.009716],[0.606745,0.026698,0.009741,0.009741,0.337335,0.009741],[0.922631,0.010779,0.009726,0.009726,0.037412,0.009726],[0.931065,0.009696,0.009696,0.009696,0.030149,0.009696],[0.941195,0.009704,0.009704,0.009704,0.019989,0.009704],[0.591042,0.026605,0.009754,0.009754,0.353091,0.009754],[0.917552,0.009802,0.022490,0.009802,0.030552,0.009802],[0.922924,0.009802,0.024013,0.009802,0.023657,0.009802],[0.917400,0.009785,0.022862,0.009785,0.030381,0.009785],[0.112701,0.021741,0.009729,0.009729,0.836372,0.009729],[0.917977,0.009799,0.024974,0.009799,0.027652,0.009799],[1.000000,0.000000,0.000000,0.000000,0.000000,0.000000]],
  [[1.000000,0.000000,0.000000,0.000000,0.000000,0.000000],[0.078739,0.013591,0.032619,0.009827,0.855397,0.009827],[0.939957,0.009713,0.009713,0.009713,0.021192,0.009713],[0.937745,0.009707,0.009707,0.009707,0.023428,0.009707],[0.936439,0.009720,0.009720,0.009720,0.024680,0.009720],[0.939504,0.009702,0.009702,0.009702,0.021686,0.009702],[0.937103,0.009713,0.009713,0.009713,0.024046,0.009713],[0.931064,0.009987,0.009716,0.009716,0.029801,0.009716],[0.921353,0.009794,0.023946,0.009794,0.025317,0.009794],[0.919650,0.009790,0.019410,0.009790,0.031571,0.009790],[1.000000,0.000000,0.000000,0.000000,0.000000,0.000000],[1.000000,0.000000,0.000000,0.000000,0.000000,0.000000],[1.000000,0.000000,0.000000,0.000000,0.000000,0.000000],[0.930329,0.009803,0.016016,0.009803,0.024245,0.009803],[0.931893,0.009792,0.017453,0.009792,0.021280,0.009792],[0.935999,0.009710,0.009710,0.009710,0.025162,0.009710],[0.933681,0.009713,0.009713,0.009713,0.027469,0.009713],[0.938279,0.009710,0.009710,0.009710,0.022882,0.009710],[0.939254,0.009836,0.009713,0.009713,0.021772,0.009713],[0.078627,0.017644,0.009735,0.009735,0.874524,0.009735],[0.086186,0.017711,0.009742,0.009742,0.866877,0.009742],[0.934251,0.009713,0.009713,0.009713,0.026898,0.009713],[0.938867,0.009708,0.009708,0.009708,0.022300,0.009708],[0.933340,0.012633,0.009722,0.009722,0.024862,0.009722],[0.592852,0.027578,0.009738,0.009738,0.350356,0.009738],[0.929253,0.010005,0.009722,0.009722,0.031576,0.009722],[0.938728,0.009720,0.009720,0.009720,0.022391,0.009720],[0.091848,0.018481,0.009727,0.009727,0.860489,0.009727],[0.102935,0.023014,0.009744,0.009744,0.844820,0.009744],[0.931398,0.013889,0.009725,0.009725,0.025538,0.009725],[0.930832,0.009713,0.009713,0.009713,0.030318,0.009713],[0.000000,0.000000,0.000000,0.000000,0.000000,1.000000],[0.000000,0.000000,0.000000,0.000000,0.000000,1.000000],[0.926384,0.011076,0.009722,0.009722,0.033375,0.009722],[0.939403,0.009711,0.009711,0.009711,0.021752,0.009711],[0.936642,0.009704,0.009704,0.009704,0.024542,0.009704],[0.933274,0.010006,0.009720,0.009720,0.027559,0.009720],[0.595541,0.027092,0.009736,0.009736,0.348157,0.009736],[0.923156,0.009797,0.024979,0.009797,0.022472,0.009797],[1.000000,0.000000,0.000000,0.000000,0.000000,0.000000]],
  [[1.000000,0.000000,0.000000,0.000000,0.000000,0.000000],[0.076535,0.010082,0.032711,0.009824,0.861025,0.009824],[0.930554,0.010928,0.009722,0.009722,0.029352,0.009722],[0.938209,0.009716,0.009716,0.009716,0.022928,0.009716],[0.939334,0.009717,0.009717,0.009717,0.021797,0.009717],[0.934316,0.010626,0.009722,0.009722,0.025893,0.009722],[0.933918,0.009695,0.009695,0.009695,0.027302,0.009695],[0.933352,0.009695,0.009695,0.009695,0.027868,0.009695],[0.104492,0.018069,0.009725,0.009725,0.848265,0.009725],[0.929696,0.009804,0.019527,0.009804,0.021367,0.009804],[0.072690,0.013831,0.028929,0.009823,0.864905,0.009823],[0.082439,0.015732,0.029639,0.009828,0.852534,0.009828],[1.000000,0.000000,0.000000,0.000000,0.000000,0.000000],[1.000000,0.000000,0.000000,0.000000,0.000000,0.000000],[0.936827,0.009781,0.014911,0.009781,0.018918,0.009781],[0.938402,0.009699,0.009699,0.009699,0.022800,0.009699],[0.086425,0.018075,0.009732,0.009732,0.866302,0.009732],[0.944600,0.009705,0.009705,0.009705,0.016578,0.009705],[0.930737,0.010293,0.009716,0.009716,0.029822,0.009716],[0.092474,0.020933,0.009727,0.009727,0.857410,0.009727],[0.927911,0.010759,0.009719,0.009719,0.032173,0.009719],[0.935296,0.009720,0.009720,0.009720,0.025824,0.009720],[0.933547,0.011383,0.009719,0.009719,0.025913,0.009719],[0.933151,0.009710,0.009710,0.009710,0.028010,0.009710],[0.121344,0.021455,0.009726,0.009726,0.828023,0.009726],[0.929116,0.010629,0.009725,0.009725,0.031081,0.009725],[0.000000,0.000000,0.000000,0.000000,0.000000,1.000000],[0.930192,0.010287,0.009715,0.009715,0.030378,0.009715],[0.094902,0.020281,0.009735,0.009735,0.855610,0.009735],[0.930907,0.010616,0.009720,0.009720,0.029316,0.009720],[0.600173,0.027271,0.009736,0.009736,0.343347,0.009736],[0.000000,0.000000,0.000000,0.000000,0.000000,1.000000],[0.000000,0.000000,0.000000,0.000000,0.000000,1.000000],[0.000000,0.000000,0.000000,0.000000,0.000000,1.000000],[0.080254,0.015620,0.009728,0.009728,0.874940,0.009728],[0.932704,0.009701,0.009701,0.009701,0.028492,0.009701],[0.926419,0.009704,0.009704,0.009704,0.034766,0.009704],[0.934270,0.009711,0.009711,0.009711,0.026885,0.009711],[0.920757,0.009778,0.025303,0.009778,0.024606,0.009778],[1.000000,0.000000,0.000000,0.000000,0.000000,0.000000]],
  [[1.000000,0.000000,0.000000,0.000000,0.000000,0.000000],[0.932780,0.009786,0.018916,0.009786,0.018947,0.009786],[0.937156,0.010154,0.009717,0.009717,0.023538,0.009717],[0.095805,0.018274,0.009737,0.009737,0.856711,0.009737],[0.091017,0.021018,0.009738,0.009738,0.858751,0.009738],[0.937244,0.010614,0.009717,0.009717,0.022990,0.009717],[0.584611,0.024871,0.009742,0.009742,0.361292,0.009742],[0.932033,0.009708,0.009708,0.009708,0.029134,0.009708],[0.933384,0.011537,0.009719,0.009719,0.025922,0.009719],[0.929846,0.011555,0.009725,0.009725,0.029425,0.009725],[0.940511,0.009714,0.009714,0.009714,0.020632,0.009714],[0.923292,0.009797,0.021973,0.009797,0.025343,0.009797],[0.079062,0.013026,0.031661,0.009827,0.856598,0.009827],[1.000000,0.000000,0.000000,0.000000,0.000000,0.000000],[0.938771,0.009774,0.011897,0.009774,0.020011,0.009774],[0.927464,0.009784,0.021386,0.009784,0.021798,0.009784],[0.940593,0.009707,0.009707,0.009707,0.020579,0.009707],[0.936055,0.009705,0.009705,0.009705,0.025123,0.009705],[0.937211,0.009704,0.009704,0.009704,0.023973,0.009704],[0.936514,0.009714,0.009714,0.009714,0.024630,0.009714],[0.936532,0.009713,0.009713,0.009713,0.024617,0.009713],[0.933417,0.010932,0.009722,0.009722,0.026485,0.009722],[0.596965,0.021232,0.009735,0.009735,0.352600,0.009735],[0.933356,0.010349,0.009731,0.009731,0.027103,0.009731],[0.930197,0.009717,0.009717,0.009717,0.030935,0.009717],[0.931852,0.012456,0.009717,0.009717,0.026540,0.009717],[0.937135,0.010159,0.009719,0.009719,0.023549,0.009719],[0.934917,0.009705,0.009705,0.009705,0.026261,0.009705],[0.928699,0.011073,0.009720,0.009720,0.031067,0.009720],[0.927340,0.010758,0.009719,0.009719,0.032745,0.009719],[0.134066,0.024661,0.009733,0.009733,0.812074,0.009733],[0.091264,0.023673,0.009740,0.009740,0.855845,0.009740],[0.000000,0.000000,0.000000,0.000000,0.000000,1.000000],[0.939454,0.009707,0.009707,0.009707,0.021719,0.009707],[0.095109,0.024821,0.009734,0.009734,0.850867,0.009734],[0.936725,0.010005,0.009719,0.009719,0.024113,0.009719],[0.934504,0.009694,0.009694,0.009694,0.026721,0.009694],[0.929933,0.009696,0.009696,0.009696,0.031282,0.009696],[0.930044,0.009785,0.011931,0.009785,0.028669,0.009785],[1.000000,0.000000,0.000000,0.000000,0.000000,0.000000]],
  [[1.000000,0.000000,0.000000,0.000000,0.000000,0.000000],[0.926565,0.009778,0.018354,0.009778,0.025747,0.009778],[0.939492,0.010628,0.009720,0.009720,0.020719,0.009720],[0.934763,0.009717,0.009717,0.009717,0.026368,0.009717],[0.930007,0.010922,0.009720,0.009720,0.029910,0.009720],[0.929602,0.011246,0.009725,0.009725,0.029978,0.009725],[0.127240,0.021600,0.009741,0.009741,0.821937,0.009741],[0.923664,0.010923,0.009723,0.009723,0.036243,0.009723],[0.113563,0.025477,0.009733,0.009733,0.831761,0.009733],[0.096655,0.021463,0.009737,0.009737,0.852672,0.009737],[0.095674,0.020252,0.009731,0.009731,0.854880,0.009731],[0.933823,0.010011,0.009722,0.009722,0.027001,0.009722],[0.937315,0.009777,0.013895,0.009777,0.019460,0.009777],[0.931345,0.009781,0.016393,0.009781,0.022918,0.009781],[1.000000,0.000000,0.000000,0.000000,0.000000,0.000000],[0.930651,0.009793,0.016959,0.009793,0.023012,0.009793],[0.931632,0.009696,0.009696,0.009696,0.029582,0.009696],[0.932582,0.009710,0.009710,0.009710,0.028579,0.009710],[0.935637,0.009694,0.009694,0.009694,0.025588,0.009694],[0.096954,0.022771,0.009736,0.009736,0.851068,0.009736],[0.015895,0.009548,0.009548,0.009548,0.945912,0.009548],[0.951895,0.009621,0.009621,0.009621,0.009621,0.009621],[0.951872,0.009626,0.009626,0.009626,0.009626,0.009626],[0.879793,0.009719,0.009719,0.081331,0.009719,0.009719],[0.016291,0.009547,0.009547,0.009547,0.945521,0.009547],[0.016942,0.009556,0.009556,0.009556,0.944835,0.009556],[0.951907,0.009619,0.009619,0.009619,0.009619,0.009619],[0.016791,0.083363,0.009606,0.009606,0.871028,0.009606],[0.878541,0.082611,0.009712,0.009712,0.009712,0.009712],[0.419699,0.009714,0.009714,0.009714,0.541444,0.009714],[0.018022,0.083893,0.009623,0.009623,0.869217,0.009623],[0.000000,0.000000,0.000000,0.000000,0.000000,1.000000],[0.000000,0.000000,0.000000,0.000000,0.000000,1.000000],[0.016646,0.009569,0.009569,0.009569,0.945080,0.009569],[0.015524,0.009564,0.009564,0.009564,0.946219,0.009564],[0.086864,0.022931,0.009725,0.009725,0.861030,0.009725],[0.930132,0.009722,0.009722,0.009722,0.030982,0.009722],[0.935410,0.009711,0.009711,0.009711,0.025745,0.009711],[0.934676,0.009774,0.018844,0.009774,0.017159,0.009774],[1.000000,0.000000,0.000000,0.000000,0.000000,0.000000]],
  [[1.000000,0.000000,0.000000,0.000000,0.000000,0.000000],[0.936629,0.009771,0.016347,0.009771,0.017711,0.009771],[0.939151,0.009861,0.009720,0.009720,0.021827,0.009720],[0.098395,0.022372,0.009740,0.009740,0.850015,0.009740],[0.937612,0.010779,0.009720,0.009720,0.022448,0.009720],[0.934442,0.012757,0.009715,0.009715,0.023658,0.009715],[0.927162,0.009844,0.009720,0.009720,0.033833,0.009720],[0.567175,0.035292,0.009749,0.009749,0.368287,0.009749],[0.113211,0.028382,0.009737,0.009737,0.829195,0.009737],[0.930634,0.011390,0.009722,0.009722,0.028810,0.009722],[0.935623,0.010474,0.009722,0.009722,0.024737,0.009722],[0.933859,0.009699,0.009699,0.009699,0.027343,0.009699],[0.938607,0.011528,0.009715,0.009715,0.020721,0.009715],[0.929437,0.009788,0.015932,0.009788,0.025266,0.009788],[0.927266,0.009787,0.020408,0.009787,0.022965,0.009787],[0.086909,0.015170,0.032344,0.009827,0.845925,0.009827],[0.941416,0.011550,0.009719,0.009719,0.017878,0.009719],[0.937691,0.009711,0.009711,0.009711,0.023464,0.009711],[0.936697,0.009699,0.009699,0.009699,0.024505,0.009699],[0.935467,0.009707,0.009707,0.009707,0.025705,0.009707],[0.951965,0.009607,0.009607,0.009607,0.009607,0.009607],[0.951946,0.009611,0.009611,0.009611,0.009611,0.009611],[0.099350,0.009578,0.009578,0.009578,0.862338,0.009578],[0.179992,0.085869,0.009661,0.009661,0.705156,0.009661],[0.098174,0.009611,0.009611,0.009611,0.863381,0.009611],[0.951869,0.009626,0.009626,0.009626,0.009626,0.009626],[0.951969,0.009606,0.009606,0.009606,0.009606,0.009606],[0.951869,0.009626,0.009626,0.009626,0.009626,0.009626],[0.951903,0.009619,0.009619,0.009619,0.009619,0.009619],[0.951930,0.009614,0.009614,0.009614,0.009614,0.009614],[0.951903,0.009619,0.009619,0.009619,0.009619,0.009619],[0.000000,0.000000,0.000000,0.000000,0.000000,1.000000],[0.000000,0.000000,0.000000,0.000000,0.000000,1.000000],[0.876658,0.009669,0.009669,0.009669,0.084666,0.009669],[0.951915,0.009617,0.009617,0.009617,0.009617,0.009617],[0.089344,0.019479,0.009727,0.009727,0.861996,0.009727],[0.934463,0.009997,0.009717,0.009717,0.026388,0.009717],[0.934763,0.009717,0.009717,0.009717,0.026368,0.009717],[0.934072,0.009780,0.015395,0.009780,0.021194,0.009780],[1.000000,0.000000,0.000000,0.000000,0.000000,0.000000]],
  [[1.000000,0.000000,0.000000,0.000000,0.000000,0.000000],[0.079009,0.010517,0.028764,0.009829,0.862052,0.009829],[0.928244,0.013090,0.009722,0.009722,0.029501,0.009722],[0.094935,0.022177,0.009735,0.009735,0.853682,0.009735],[0.097683,0.019742,0.009739,0.009739,0.853356,0.009739],[0.930210,0.010642,0.009728,0.009728,0.029965,0.009728],[0.112738,0.024701,0.009730,0.009730,0.833370,0.009730],[0.103990,0.027311,0.009740,0.009740,0.839479,0.009740],[0.924032,0.011682,0.009720,0.009720,0.035125,0.009720],[0.934082,0.010911,0.009716,0.009716,0.025859,0.009716],[0.937975,0.009688,0.009688,0.009688,0.023274,0.009688],[0.936606,0.009707,0.009707,0.009707,0.024567,0.009707],[0.087604,0.017631,0.009730,0.009730,0.865576,0.009730],[0.936845,0.011052,0.009712,0.009712,0.022968,0.009712],[0.935696,0.012023,0.009723,0.009723,0.023112,0.009723],[0.929871,0.011549,0.009723,0.009723,0.029410,0.009723],[0.092308,0.017939,0.009731,0.009731,0.860559,0.009731],[0.934524,0.009692,0.009692,0.009692,0.026708,0.009692],[0.935731,0.009686,0.009686,0.009686,0.025524,0.009686],[0.938279,0.009710,0.009710,0.009710,0.022882,0.009710],[0.951949,0.009610,0.009610,0.009610,0.009610,0.009610],[0.951938,0.009612,0.009612,0.009612,0.009612,0.009612],[0.951826,0.009635,0.009635,0.009635,0.009635,0.009635],[0.495302,0.009749,0.009749,0.009749,0.465703,0.009749],[0.179677,0.009588,0.009588,0.009588,0.781970,0.009588],[0.018804,0.009573,0.009573,0.009573,0.942905,0.009573],[0.015496,0.009547,0.009547,0.009547,0.946318,0.009547],[0.951899,0.009620,0.009620,0.009620,0.009620,0.009620],[0.951911,0.009618,0.009618,0.009618,0.009618,0.009618],[0.951957,0.009609,0.009609,0.009609,0.009609,0.009609],[0.951949,0.009610,0.009610,0.009610,0.009610,0.009610],[0.000000,0.000000,0.000000,0.000000,0.000000,1.000000],[0.876403,0.009667,0.009667,0.009667,0.084928,0.009667],[0.665192,0.084052,0.009716,0.009716,0.221608,0.009716],[0.798327,0.162907,0.009692,0.009692,0.009692,0.009692],[0.941686,0.009711,0.009711,0.009711,0.019469,0.009711],[0.947478,0.009703,0.009703,0.009703,0.013712,0.009703],[0.938159,0.010303,0.009716,0.009716,0.022390,0.009716],[0.079883,0.011727,0.026958,0.009820,0.861793,0.009820],[1.000000,0.000000,0.000000,0.000000,0.000000,0.000000]],
  [[1.000000,0.000000,0.000000,0.000000,0.000000,0.000000],[0.931747,0.009801,0.017506,0.009801,0.021345,0.009801],[0.934093,0.009725,0.009725,0.009725,0.027008,0.009725],[0.097045,0.023483,0.009733,0.009733,0.850273,0.009733],[0.936778,0.009877,0.009726,0.009726,0.024166,0.009726],[0.929486,0.010910,0.009717,0.009717,0.030452,0.009717],[0.909918,0.010401,0.024118,0.009816,0.035931,0.009816],[0.081714,0.017373,0.033091,0.009836,0.848150,0.009836],[0.927087,0.009800,0.016994,0.009800,0.026518,0.009800],[0.927756,0.009784,0.023382,0.009784,0.019509,0.009784],[0.933760,0.009707,0.009707,0.009707,0.027413,0.009707],[0.938138,0.010309,0.009717,0.009717,0.022401,0.009717],[0.936705,0.011685,0.009716,0.009716,0.022462,0.009716],[0.941241,0.010027,0.009723,0.009723,0.019562,0.009723],[0.100256,0.018803,0.009729,0.009729,0.851756,0.009729],[0.928666,0.009705,0.009705,0.009705,0.032513,0.009705],[0.929968,0.011047,0.009713,0.009713,0.029845,0.009713],[0.941179,0.009705,0.009705,0.009705,0.019999,0.009705],[0.930370,0.009705,0.009705,0.009705,0.030809,0.009705],[0.938832,0.009711,0.009711,0.009711,0.022323,0.009711],[0.952018,0.009596,0.009596,0.009596,0.009596,0.009596],[0.951915,0.009617,0.009617,0.009617,0.009617,0.009617],[0.951845,0.009631,0.009631,0.009631,0.009631,0.009631],[0.878404,0.082789,0.009702,0.009702,0.009702,0.009702],[0.878691,0.082493,0.009704,0.009704,0.009704,0.009704],[0.951845,0.009631,0.009631,0.009631,0.009631,0.009631],[0.951876,0.009625,0.009625,0.009625,0.009625,0.009625],[0.951880,0.009624,0.009624,0.009624,0.009624,0.009624],[0.016034,0.009536,0.009536,0.009536,0.945821,0.009536],[0.951915,0.009617,0.009617,0.009617,0.009617,0.009617],[0.015656,0.009548,0.009548,0.009548,0.946153,0.009548],[0.951942,0.009612,0.009612,0.009612,0.009612,0.009612],[0.951903,0.009619,0.009619,0.009619,0.009619,0.009619],[0.720397,0.082681,0.009746,0.009746,0.167683,0.009746],[0.879302,0.081969,0.009682,0.009682,0.009682,0.009682],[0.934270,0.009711,0.009711,0.009711,0.026885,0.009711],[0.107508,0.019018,0.009735,0.009735,0.844268,0.009735],[0.934524,0.009692,0.009692,0.009692,0.026708,0.009692],[0.935956,0.009777,0.012401,0.009777,0.022313,0.009777],[1.000000,0.000000,0.000000,0.000000,0.000000,0.000000]],
  [[1.000000,0.000000,0.000000,0.000000,0.000000,0.000000],[0.935383,0.009792,0.013962,0.009792,0.021280,0.009792],[0.929867,0.009701,0.009701,0.009701,0.031329,0.009701],[0.091184,0.019484,0.009727,0.009727,0.860150,0.009727],[0.938244,0.009713,0.009713,0.009713,0.022905,0.009713],[0.934083,0.010796,0.009726,0.009726,0.025942,0.009726],[0.081333,0.015919,0.038884,0.009832,0.844199,0.009832],[1.000000,0.000000,0.000000,0.000000,0.000000,0.000000],[1.000000,0.000000,0.000000,0.000000,0.000000,0.000000],[0.924548,0.009787,0.017408,0.009787,0.028683,0.009787],[0.073312,0.015454,0.028720,0.009833,0.862847,0.009833],[0.932223,0.010942,0.009725,0.009725,0.027661,0.009725],[0.937583,0.009720,0.009720,0.009720,0.023536,0.009720],[0.090871,0.020435,0.009738,0.009738,0.859480,0.009738],[0.933050,0.009717,0.009717,0.009717,0.028081,0.009717],[0.939990,0.009710,0.009710,0.009710,0.021171,0.009710],[0.938384,0.009701,0.009701,0.009701,0.022812,0.009701],[0.939386,0.009713,0.009713,0.009713,0.021763,0.009713],[0.941083,0.009714,0.009714,0.009714,0.020060,0.009714],[0.940659,0.009701,0.009701,0.009701,0.020537,0.009701],[0.951965,0.009607,0.009607,0.009607,0.009607,0.009607],[0.951895,0.009621,0.009621,0.009621,0.009621,0.009621],[0.951919,0.009616,0.009616,0.009616,0.009616,0.009616],[0.951826,0.009635,0.009635,0.009635,0.009635,0.009635],[0.018480,0.009611,0.009611,0.009611,0.943077,0.009611],[0.020765,0.009632,0.009632,0.009632,0.940707,0.009632],[0.098740,0.009588,0.009588,0.009588,0.862906,0.009588],[0.951784,0.009643,0.009643,0.009643,0.009643,0.009643],[0.951826,0.009635,0.009635,0.009635,0.009635,0.009635],[0.015839,0.009562,0.009562,0.009562,0.945913,0.009562],[0.017003,0.009545,0.009545,0.009545,0.944815,0.009545],[0.951903,0.009619,0.009619,0.009619,0.009619,0.009619],[0.951953,0.009609,0.009609,0.009609,0.009609,0.009609],[0.014849,0.009540,0.009540,0.009540,0.946993,0.009540],[0.951872,0.009626,0.009626,0.009626,0.009626,0.009626],[0.934983,0.010489,0.009726,0.009726,0.025349,0.009726],[0.942473,0.009691,0.009691,0.009691,0.018764,0.009691],[0.933760,0.009707,0.009707,0.009707,0.027413,0.009707],[0.929219,0.009772,0.016338,0.009772,0.025126,0.009772],[1.000000,0.000000,0.000000,0.000000,0.000000,0.000000]],
  [[1.000000,0.000000,0.000000,0.000000,0.000000,0.000000],[0.932359,0.009771,0.014353,0.009771,0.023975,0.009771],[0.933820,0.009702,0.009702,0.009702,0.027371,0.009702],[0.936768,0.010476,0.009722,0.009722,0.023590,0.009722],[0.929018,0.009798,0.021990,0.009798,0.019599,0.009798],[0.927047,0.009780,0.021850,0.009780,0.021765,0.009780],[0.930915,0.009765,0.019272,0.009765,0.020519,0.009765],[1.000000,0.000000,0.000000,0.000000,0.000000,0.000000],[1.000000,0.000000,0.000000,0.000000,0.000000,0.000000],[1.000000,0.000000,0.000000,0.000000,0.000000,0.000000],[0.931841,0.009777,0.015375,0.009777,0.023454,0.009777],[0.925161,0.009800,0.019494,0.009800,0.025944,0.009800],[0.099771,0.020935,0.009725,0.009725,0.850119,0.009725],[0.933720,0.009710,0.009710,0.009710,0.027441,0.009710],[0.934455,0.010478,0.009723,0.009723,0.025897,0.009723],[0.932108,0.011084,0.009722,0.009722,0.027642,0.009722],[0.094214,0.022115,0.009729,0.009729,0.854484,0.009729],[0.096421,0.021136,0.009733,0.009733,0.853245,0.009733],[0.094065,0.019886,0.009741,0.009741,0.856826,0.009741],[0.940375,0.009842,0.009715,0.009715,0.020640,0.009715],[0.951972,0.009606,0.009606,0.009606,0.009606,0.009606],[0.951949,0.009610,0.009610,0.009610,0.009610,0.009610],[0.876529,0.009679,0.009679,0.009679,0.084754,0.009679],[0.336659,0.169648,0.009804,0.009804,0.464281,0.009804],[0.019904,0.086509,0.009681,0.009681,0.864544,0.009681],[0.019189,0.009646,0.009646,0.009646,0.942228,0.009646],[0.661525,0.088618,0.009813,0.009813,0.220419,0.009813],[0.020239,0.009687,0.009687,0.081354,0.869346,0.009687],[0.019394,0.084422,0.009628,0.009628,0.867300,0.009628],[0.801785,0.083532,0.009763,0.009763,0.085394,0.009763],[0.878578,0.082640,0.009696,0.009696,0.009696,0.009696],[0.951919,0.009616,0.009616,0.009616,0.009616,0.009616],[0.951938,0.009612,0.009612,0.009612,0.009612,0.009612],[0.016495,0.009574,0.009574,0.009574,0.945210,0.009574],[0.017139,0.009533,0.009533,0.009533,0.944731,0.009533],[0.935505,0.009704,0.009704,0.009704,0.025679,0.009704],[0.936768,0.009995,0.009716,0.009716,0.024089,0.009716],[0.098255,0.018767,0.009725,0.009725,0.853804,0.009725],[0.924894,0.009784,0.019384,0.009784,0.026370,0.009784],[1.000000,0.000000,0.000000,0.000000,0.000000,0.000000]],
  [[1.000000,0.000000,0.000000,0.000000,0.000000,0.000000],[0.934356,0.009771,0.016342,0.009771,0.019991,0.009771],[0.941067,0.009716,0.009716,0.009716,0.020070,0.009716],[0.009574,0.009574,0.009574,0.009574,0.952130,0.009574],[0.952103,0.009579,0.009579,0.009579,0.009579,0.009579],[1.000000,0.000000,0.000000,0.000000,0.000000,0.000000],[1.000000,0.000000,0.000000,0.000000,0.000000,0.000000],[0.009576,0.009576,0.009576,0.009576,0.952118,0.009576],[0.952107,0.009579,0.009579,0.009579,0.009579,0.009579],[1.000000,0.000000,0.000000,0.000000,0.000000,0.000000],[1.000000,0.000000,0.000000,0.000000,0.000000,0.000000],[0.952086,0.009583,0.009583,0.009583,0.009583,0.009583],[0.952092,0.009582,0.009582,0.009582,0.009582,0.009582],[0.009565,0.009565,0.009565,0.009565,0.952176,0.009565],[0.009568,0.009568,0.009568,0.009568,0.952161,0.009568],[0.952147,0.009571,0.009571,0.009571,0.009571,0.009571],[0.952124,0.009575,0.009575,0.009575,0.009575,0.009575],[0.009595,0.009595,0.009595,0.009595,0.952024,0.009595],[0.936304,0.010931,0.009720,0.009720,0.023604,0.009720],[0.929780,0.009707,0.009707,0.009707,0.031393,0.009707],[0.952026,0.009595,0.009595,0.009595,0.009595,0.009595],[0.951942,0.009612,0.009612,0.009612,0.009612,0.009612],[0.019773,0.009578,0.009578,0.009578,0.941914,0.009578],[0.098868,0.009609,0.009609,0.009609,0.862697,0.009609],[0.018876,0.167573,0.009691,0.009691,0.784479,0.009691],[0.019695,0.085528,0.009658,0.009658,0.865803,0.009658],[0.258609,0.009606,0.009606,0.009606,0.702968,0.009606],[0.951807,0.009639,0.009639,0.009639,0.009639,0.009639],[0.876407,0.009682,0.009682,0.009682,0.084867,0.009682],[0.416668,0.009723,0.009723,0.009723,0.544442,0.009723],[0.179948,0.084631,0.009633,0.009633,0.706523,0.009633],[0.878787,0.082435,0.009694,0.009694,0.009694,0.009694],[0.951930,0.009614,0.009614,0.009614,0.009614,0.009614],[0.951822,0.009636,0.009636,0.009636,0.009636,0.009636],[0.951942,0.009612,0.009612,0.009612,0.009612,0.009612],[0.935924,0.009716,0.009716,0.009716,0.025213,0.009716],[0.090762,0.020927,0.009745,0.009745,0.859077,0.009745],[0.935905,0.009717,0.009717,0.009717,0.025226,0.009717],[0.926860,0.009790,0.021927,0.009790,0.021842,0.009790],[1.000000,0.000000,0.000000,0.000000,0.000000,0.000000]],
  [[1.000000,0.000000,0.000000,0.000000,0.000000,0.000000],[0.074151,0.012283,0.028345,0.009821,0.865579,0.009821],[0.940528,0.009713,0.009713,0.009713,0.020621,0.009713],[0.952147,0.009571,0.009571,0.009571,0.009571,0.009571],[1.000000,0.000000,0.000000,0.000000,0.000000,0.000000],[1.000000,0.000000,0.000000,0.000000,0.000000,0.000000],[0.009571,0.009571,0.009571,0.009571,0.952147,0.009571],[0.952099,0.009580,0.009580,0.009580,0.009580,0.009580],[0.952088,0.009582,0.009582,0.009582,0.009582,0.009582],[1.000000,0.000000,0.000000,0.000000,0.000000,0.000000],[0.009564,0.009564,0.009564,0.009564,0.952178,0.009564],[0.009582,0.009582,0.009582,0.009582,0.952091,0.009582],[0.952119,0.009576,0.009576,0.009576,0.009576,0.009576],[0.952149,0.009570,0.009570,0.009570,0.009570,0.009570],[0.952140,0.009572,0.009572,0.009572,0.009572,0.009572],[0.952151,0.009570,0.009570,0.009570,0.009570,0.009570],[0.952132,0.009574,0.009574,0.009574,0.009574,0.009574],[0.009586,0.009586,0.009586,0.009586,0.952070,0.009586],[0.096812,0.021498,0.009741,0.009741,0.852468,0.009741],[0.939957,0.009713,0.009713,0.009713,0.021192,0.009713],[0.951922,0.009616,0.009616,0.009616,0.009616,0.009616],[0.951922,0.009616,0.009616,0.009616,0.009616,0.009616],[0.951934,0.009613,0.009613,0.009613,0.009613,0.009613],[0.018386,0.009562,0.009562,0.009562,0.943364,0.009562],[0.016543,0.009601,0.009601,0.009601,0.945054,0.009601],[0.100072,0.009625,0.009625,0.009625,0.861430,0.009625],[0.800050,0.083675,0.009763,0.009763,0.086987,0.009763],[0.019927,0.009576,0.009576,0.009576,0.941769,0.009576],[0.951799,0.009640,0.009640,0.009640,0.009640,0.009640],[0.876224,0.009681,0.009681,0.009681,0.085051,0.009681],[0.020189,0.009587,0.009587,0.009587,0.941463,0.009587],[0.017449,0.009572,0.009572,0.009572,0.944261,0.009572],[0.013522,0.009556,0.009556,0.009556,0.948254,0.009556],[0.951992,0.009602,0.009602,0.009602,0.009602,0.009602],[0.951930,0.009614,0.009614,0.009614,0.009614,0.009614],[0.930284,0.009711,0.009711,0.009711,0.030872,0.009711],[0.935524,0.009702,0.009702,0.009702,0.025666,0.009702],[0.934211,0.009716,0.009716,0.009716,0.026926,0.009716],[0.930866,0.009768,0.019292,0.009768,0.020539,0.009768],[1.000000,0.000000,0.000000,0.000000,0.000000,0.000000]],
