[
  [[1.000000,0.000000,0.000000,0.000000,0.000000,0.000000],[1.000000,0.000000,0.000000,0.000000,0.000000,0.000000],[1.000000,0.000000,0.000000,0.000000,0.000000,0.000000],[1.000000,0.000000,0.000000,0.000000,0.000000,0.000000],[1.000000,0.000000,0.000000,0.000000,0.000000,0.000000],[1.000000,0.000000,0.000000,0.000000,0.000000,0.000000],[1.000000,0.000000,0.000000,0.000000,0.000000,0.000000],[1.000000,0.000000,0.000000,0.000000,0.000000,0.000000],[1.000000,0.000000,0.000000,0.000000,0.000000,0.000000],[1.000000,0.000000,0.000000,0.000000,0.000000,0.000000],[1.000000,0.000000,0.000000,0.000000,0.000000,0.000000],[1.000000,0.000000,0.000000,0.000000,0.000000,0.000000],[1.000000,0.000000,0.000000,0.000000,0.000000,0.000000],[1.000000,0.000000,0.000000,0.000000,0.000000,0.000000],[1.000000,0.000000,0.000000,0.000000,0.000000,0.000000],[1.000000,0.000000,0.000000,0.000000,0.000000,0.000000],[1.000000,0.000000,0.000000,0.000000,0.000000,0.000000],[1.000000,0.000000,0.000000,0.000000,0.000000,0.000000],[1.000000,0.000000,0.000000,0.000000,0.000000,0.000000],[1.000000,0.000000,0.000000,0.000000,0.000000,0.000000],[1.000000,0.000000,0.000000,0.000000,0.000000,0.000000],[1.000000,0.000000,0.000000,0.000000,0.000000,0.000000],[1.000000,0.000000,0.000000,0.000000,0.000000,0.000000],[1.000000,0.000000,0.000000,0.000000,0.000000,0.000000],[1.000000,0.000000,0.000000,0.000000,0.000000,0.000000],[1.000000,0.000000,0.000000,0.000000,0.000000,0.000000],[1.000000,0.000000,0.000000,0.000000,0.000000,0.000000],[1.000000,0.000000,0.000000,0.000000,0.000000,0.000000],[1.000000,0.000000,0.000000,0.000000,0.000000,0.000000],[1.000000,0.000000,0.000000,0.000000,0.000000,0.000000],[1.000000,0.000000,0.000000,0.000000,0.000000,0.000000],[1.000000,0.000000,0.000000,0.000000,0.000000,0.000000],[1.000000,0.000000,0.000000,0.000000,0.000000,0.000000],[1.000000,0.000000,0.000000,0.000000,0.000000,0.000000],[1.000000,0.000000,0.000000,0.000000,0.000000,0.000000],[1.000000,0.000000,0.000000,0.000000,0.000000,0.000000],[1.000000,0.000000,0.000000,0.000000,0.000000,0.000000],[1.000000,0.000000,0.000000,0.000000,0.000000,0.000000],[1.000000,0.000000,0.000000,0.000000,0.000000,0.000000],[1.000000,0.000000,0.000000,0.000000,0.000000,0.000000]],
  [[1.000000,0.000000,0.000000,0.000000,0.000000,0.000000],[0.865049,0.021342,0.038663,0.009825,0.055296,0.009825],[0.097497,0.030283,0.041424,0.009831,0.811135,0.009831],[0.089685,0.031546,0.053297,0.009843,0.805785,0.009843],[0.859219,0.023701,0.048858,0.009831,0.048559,0.009831],[1.000000,0.000000,0.000000,0.000000,0.000000,0.000000],[0.878469,0.016260,0.045508,0.009829,0.040104,0.009829],[1.000000,0.000000,0.000000,0.000000,0.000000,0.000000],[1.000000,0.000000,0.000000,0.000000,0.000000,0.000000],[0.864858,0.020936,0.044456,0.009834,0.050082,0.009834],[0.850973,0.026294,0.045911,0.009828,0.057165,0.009828],[0.831921,0.034508,0.054318,0.009837,0.059579,0.009837],[0.829626,0.031823,0.054630,0.009844,0.064233,0.009844],[0.831945,0.033465,0.053650,0.009837,0.061267,0.009837],[0.843744,0.033842,0.045978,0.009853,0.056731,0.009853],[0.854881,0.028704,0.053097,0.009830,0.043658,0.009830],[1.000000,0.000000,0.000000,0.000000,0.000000,0.000000],[1.000000,0.000000,0.000000,0.000000,0.000000,0.000000],[1.000000,0.000000,0.000000,0.000000,0.000000,0.000000],[0.130365,0.043189,0.033376,0.009857,0.773357,0.009857],[0.135612,0.052737,0.028876,0.009837,0.763102,0.009837],[0.833545,0.031670,0.051200,0.009830,0.063924,0.009830],[0.092495,0.031360,0.033413,0.009835,0.823062,0.009835],[0.091274,0.030141,0.037795,0.009849,0.821092,0.009849],[0.856170,0.029555,0.044781,0.009833,0.049827,0.009833],[0.855138,0.030133,0.048380,0.009822,0.046703,0.009822],[0.094864,0.029062,0.037039,0.009835,0.819366,0.009835],[0.099373,0.030855,0.052387,0.009848,0.797689,0.009848],[0.862473,0.026248,0.044788,0.009819,0.046852,0.009819],[0.853763,0.028789,0.044573,0.009826,0.053224,0.009826],[0.860112,0.029019,0.045736,0.009829,0.045476,0.009829],[0.872083,0.023811,0.046170,0.009821,0.038294,0.009821],[0.865992,0.021302,0.043221,0.009818,0.049850,0.009818],[1.000000,0.000000,0.000000,0.000000,0.000000,0.000000],[1.000000,0.000000,0.000000,0.000000,0.000000,0.000000],[0.871840,0.017714,0.052884,0.009831,0.037900,0.009831],[0.096672,0.023004,0.038807,0.009834,0.821849,0.009834],[0.866627,0.024476,0.047591,0.009842,0.041621,0.009842],[0.871409,0.018288,0.044568,0.009824,0.046087,0.009824],[1.000000,0.000000,0.000000,0.000000,0.000000,0.000000]],
  [[1.000000,0.000000,0.000000,0.000000,0.000000,0.000000],[0.094011,0.029662,0.037553,0.009833,0.819108,0.009833],[0.114606,0.056811,0.009762,0.009762,0.799297,0.009762],[0.880242,0.043955,0.009735,0.009735,0.046597,0.009735],[0.855581,0.029748,0.046942,0.009835,0.048059,0.009835],[1.000000,0.000000,0.000000,0.000000,0.000000,0.000000],[0.866266,0.021863,0.043932,0.009827,0.048286,0.009827],[0.851221,0.026664,0.047577,0.009832,0.054875,0.009832],[1.000000,0.000000,0.000000,0.000000,0.000000,0.000000],[0.836185,0.030341,0.054539,0.009848,0.059240,0.009848],[0.831570,0.040923,0.054131,0.009842,0.053693,0.009842],[0.859275,0.052011,0.009744,0.009744,0.059483,0.009744],[0.566028,0.090375,0.009804,0.010394,0.313594,0.009804],[0.842470,0.055014,0.009751,0.009751,0.073264,0.009751],[0.122111,0.044661,0.009760,0.009760,0.803947,0.009760],[0.832808,0.039179,0.056664,0.009844,0.051662,0.009844],[0.837606,0.038025,0.041180,0.009828,0.063534,0.009828],[1.000000,0.000000,0.000000,0.000000,0.000000,0.000000],[0.794539,0.042381,0.058138,0.009857,0.085229,0.009857],[0.374435,0.041932,0.354517,0.009864,0.209389,0.009864],[0.804084,0.056362,0.040139,0.009842,0.079732,0.009842],[0.843647,0.058154,0.009736,0.009736,0.068991,0.009736],[0.860891,0.055919,0.009761,0.009761,0.053908,0.009761],[0.873921,0.044449,0.009747,0.009747,0.052390,0.009747],[0.859948,0.044537,0.009758,0.009758,0.066242,0.009758],[0.862056,0.046084,0.009751,0.009751,0.062606,0.009751],[0.873716,0.043439,0.009751,0.009751,0.053592,0.009751],[0.865776,0.046394,0.009736,0.009736,0.058624,0.009736],[0.109453,0.048046,0.009758,0.009758,0.813227,0.009758],[0.877393,0.042467,0.009745,0.009745,0.050905,0.009745],[0.122504,0.049507,0.009758,0.009758,0.798716,0.009758],[0.850105,0.032750,0.057764,0.009826,0.039730,0.009826],[1.000000,0.000000,0.000000,0.000000,0.000000,0.000000],[1.000000,0.000000,0.000000,0.000000,0.000000,0.000000],[1.000000,0.000000,0.000000,0.000000,0.000000,0.000000],[1.000000,0.000000,0.000000,0.000000,0.000000,0.000000],[1.000000,0.000000,0.000000,0.000000,0.000000,0.000000],[0.861573,0.028158,0.044046,0.009827,0.046569,0.009827],[0.854441,0.024865,0.054735,0.009832,0.046296,0.009832],[1.000000,0.000000,0.000000,0.000000,0.000000,0.000000]],
  [[1.000000,0.000000,0.000000,0.000000,0.000000,0.000000],[0.089480,0.028155,0.042659,0.009836,0.820035,0.009836],[0.113254,0.055275,0.009765,0.009765,0.802176,0.009765],[0.089008,0.038925,0.039169,0.009851,0.813196,0.009851],[0.862479,0.027474,0.040295,0.009827,0.050098,0.009827],[1.000000,0.000000,0.000000,0.000000,0.000000,0.000000],[1.000000,0.000000,0.000000,0.000000,0.000000,0.000000],[0.839378,0.032689,0.045711,0.009845,0.062532,0.009845],[0.821604,0.041046,0.042182,0.009847,0.075474,0.009847],[1.000000,0.000000,0.000000,0.000000,0.000000,0.000000],[0.098773,0.029953,0.041083,0.009842,0.810507,0.009842],[0.128257,0.044643,0.035336,0.009843,0.772077,0.009843],[0.138063,0.047347,0.037194,0.009848,0.757699,0.009848],[0.857599,0.054910,0.009759,0.009759,0.058215,0.009759],[0.857909,0.051765,0.009762,0.009762,0.061041,0.009762],[0.845666,0.055670,0.009744,0.009744,0.069432,0.009744],[0.789285,0.054525,0.064871,0.009861,0.071596,0.009861],[0.460315,0.058447,0.207519,0.009864,0.253991,0.009864],[1.000000,0.000000,0.000000,0.000000,0.000000,0.000000],[1.000000,0.000000,0.000000,0.000000,0.000000,0.000000],[0.787187,0.066742,0.049184,0.009854,0.077178,0.009854],[0.139262,0.070135,0.009787,0.009787,0.761241,0.009787],[0.848434,0.054331,0.009772,0.009772,0.067919,0.009772],[0.857526,0.046887,0.009747,0.009747,0.066347,0.009747],[0.864390,0.047351,0.009750,0.009750,0.059009,0.009750],[0.114204,0.050407,0.009746,0.009746,0.806150,0.009746],[0.871900,0.046068,0.009758,0.009758,0.052758,0.009758],[0.868650,0.049266,0.009742,0.009742,0.052858,0.009742],[0.873198,0.048281,0.009758,0.009758,0.049247,0.009758],[0.859975,0.051329,0.009747,0.009747,0.059455,0.009747],[0.850134,0.049462,0.009750,0.009750,0.071154,0.009750],[0.837538,0.033200,0.053737,0.009841,0.055843,0.009841],[0.858075,0.022863,0.049771,0.009830,0.049631,0.009830],[1.000000,0.000000,0.000000,0.000000,0.000000,0.000000],[0.866438,0.022636,0.046832,0.009841,0.044413,0.009841],[1.000000,0.000000,0.000000,0.000000,0.000000,0.000000],[1.000000,0.000000,0.000000,0.000000,0.000000,0.000000],[0.862344,0.027346,0.047148,0.009829,0.043504,0.009829],[0.876818,0.023360,0.039453,0.009827,0.040715,0.009827],[1.000000,0.000000,0.000000,0.000000,0.000000,0.000000]],
  [[1.000000,0.000000,0.000000,0.000000,0.000000,0.000000],[0.856376,0.031379,0.043845,0.009829,0.048743,0.009829],[0.882966,0.042476,0.009743,0.009743,0.045328,0.009743],[0.105202,0.036548,0.040285,0.009837,0.798291,0.009837],[1.000000,0.000000,0.000000,0.000000,0.000000,0.000000],[1.000000,0.000000,0.000000,0.000000,0.000000,0.000000],[0.841764,0.035705,0.043765,0.009835,0.059096,0.009835],[0.812063,0.048912,0.051602,0.009838,0.067748,0.009838],[0.466334,0.049568,0.205445,0.009877,0.258899,0.009877],[1.000000,0.000000,0.000000,0.000000,0.000000,0.000000],[1.000000,0.000000,0.000000,0.000000,0.000000,0.000000],[1.000000,0.000000,0.000000,0.000000,0.000000,0.000000],[0.083784,0.037746,0.044866,0.009848,0.813908,0.009848],[0.829310,0.042629,0.054988,0.009849,0.053376,0.009849],[0.860082,0.052123,0.009729,0.009729,0.058606,0.009729],[0.112038,0.050849,0.009752,0.009752,0.807856,0.009752],[0.131764,0.070320,0.009762,0.009762,0.768630,0.009762],[0.164379,0.068224,0.031422,0.009865,0.716245,0.009865],[0.761678,0.059222,0.055274,0.009870,0.104086,0.009870],[1.000000,0.000000,0.000000,0.000000,0.000000,0.000000],[0.359707,0.049850,0.359577,0.009865,0.211136,0.009865],[0.144972,0.062493,0.029759,0.009853,0.743070,0.009853],[0.111739,0.058009,0.009746,0.009746,0.801016,0.009746],[0.114861,0.050247,0.009764,0.009764,0.805599,0.009764],[0.838820,0.056673,0.009769,0.009769,0.075200,0.009769],[0.853984,0.053876,0.009746,0.009746,0.062903,0.009746],[0.144436,0.057379,0.009776,0.009776,0.768857,0.009776],[0.851738,0.048680,0.009747,0.009747,0.070341,0.009747],[0.111241,0.048260,0.009751,0.009751,0.811247,0.009751],[0.102703,0.045829,0.009740,0.009740,0.822247,0.009740],[0.872134,0.044413,0.009745,0.009745,0.054217,0.009745],[0.870430,0.041874,0.009756,0.009756,0.058429,0.009756],[0.841461,0.025398,0.058009,0.009839,0.055454,0.009839],[1.000000,0.000000,0.000000,0.000000,0.000000,0.000000],[0.858008,0.024550,0.048475,0.009835,0.049297,0.009835],[0.839054,0.035201,0.046401,0.009837,0.059670,0.009837],[0.840568,0.033853,0.050034,0.009838,0.055867,0.009838],[1.000000,0.000000,0.000000,0.000000,0.000000,0.000000],[0.857125,0.025916,0.050785,0.009838,0.046498,0.009838],[1.000000,0.000000,0.000000,0.000000,0.000000,0.000000]],
  [[1.000000,0.000000,0.000000,0.000000,0.000000,0.000000],[0.872907,0.018352,0.041639,0.009834,0.047434,0.009834],[0.864817,0.026903,0.041429,0.009836,0.047179,0.009836],[0.100922,0.028882,0.038604,0.009843,0.811906,0.009843],[0.855800,0.024146,0.040503,0.009830,0.059891,0.009830],[1.000000,0.000000,0.000000,0.000000,0.000000,0.000000],[0.796739,0.055107,0.053994,0.009843,0.074474,0.009843],[0.178333,0.082302,0.009767,0.009767,0.710063,0.009767],[0.784473,0.054903,0.065121,0.009873,0.075757,0.009873],[0.126888,0.043618,0.030270,0.009845,0.779534,0.009845],[1.000000,0.000000,0.000000,0.000000,0.000000,0.000000],[1.000000,0.000000,0.000000,0.000000,0.000000,0.000000],[1.000000,0.000000,0.000000,0.000000,0.000000,0.000000],[0.094662,0.034204,0.041372,0.009832,0.810098,0.009832],[0.113098,0.048271,0.009759,0.009759,0.809353,0.009759],[0.846749,0.059335,0.009764,0.009764,0.064624,0.009764],[0.840908,0.066770,0.009765,0.009765,0.063027,0.009765],[0.134207,0.080293,0.009772,0.009772,0.756185,0.009772],[0.459519,0.059745,0.211389,0.009879,0.249588,0.009879],[0.768160,0.062503,0.047816,0.009878,0.101766,0.009878],[1.000000,0.000000,0.000000,0.000000,0.000000,0.000000],[0.800882,0.057086,0.060418,0.009872,0.061870,0.009872],[0.120073,0.055459,0.009754,0.009754,0.795205,0.009754],[0.837125,0.055005,0.009762,0.009762,0.078584,0.009762],[0.841675,0.056658,0.009757,0.009757,0.072396,0.009757],[0.575910,0.078639,0.009780,0.009780,0.316111,0.009780],[0.840731,0.056520,0.009751,0.009751,0.073498,0.009751],[0.125286,0.051477,0.009761,0.009761,0.793953,0.009761],[0.860138,0.049301,0.009758,0.009758,0.061286,0.009758],[0.870572,0.040510,0.009735,0.009735,0.059713,0.009735],[0.115690,0.035321,0.009746,0.009746,0.819750,0.009746],[0.876526,0.041230,0.009734,0.009734,0.053043,0.009734],[0.101129,0.029376,0.038977,0.009832,0.810854,0.009832],[1.000000,0.000000,0.000000,0.000000,0.000000,0.000000],[0.845747,0.027645,0.047391,0.009849,0.059519,0.009849],[0.132633,0.055862,0.009768,0.009768,0.782201,0.009768],[0.816201,0.048831,0.050590,0.009843,0.064693,0.009843],[0.831261,0.037184,0.057413,0.009840,0.054461,0.009840],[1.000000,0.000000,0.000000,0.000000,0.000000,0.000000],[1.000000,0.000000,0.000000,0.000000,0.000000,0.000000]],
  [[1.000000,0.000000,0.000000,0.000000,0.000000,0.000000],[1.000000,0.000000,0.000000,0.000000,0.000000,0.000000],[1.000000,0.000000,0.000000,0.000000,0.000000,0.000000],[1.000000,0.000000,0.000000,0.000000,0.000000,0.000000],[1.000000,0.000000,0.000000,0.000000,0.000000,0.000000],[1.000000,0.000000,0.000000,0.000000,0.000000,0.000000],[0.375975,0.040975,0.371032,0.009877,0.192265,0.009877],[0.826524,0.064052,0.009765,0.009765,0.080131,0.009765],[0.832932,0.063049,0.009761,0.009761,0.074735,0.009761],[0.796361,0.049561,0.046411,0.009862,0.087943,0.009862],[0.806221,0.046217,0.056121,0.009865,0.071710,0.009865],[1.000000,0.000000,0.000000,0.000000,0.000000,0.000000],[1.000000,0.000000,0.000000,0.000000,0.000000,0.000000],[0.864730,0.030163,0.035984,0.009843,0.049438,0.009843],[0.841537,0.038860,0.050734,0.009845,0.049178,0.009845],[0.855684,0.051631,0.009755,0.009755,0.063419,0.009755],[0.120761,0.051470,0.009763,0.009763,0.798481,0.009763],[0.829376,0.061097,0.009763,0.009763,0.080239,0.009763],[0.831841,0.065257,0.009755,0.009755,0.073637,0.009755],[0.795450,0.062072,0.054569,0.009862,0.068184,0.009862],[0.095104,0.046605,0.034578,0.009863,0.803988,0.009863],[0.818631,0.044169,0.053984,0.009847,0.063522,0.009847],[0.853020,0.049566,0.009755,0.009755,0.068149,0.009755],[0.853570,0.049396,0.009766,0.009766,0.067735,0.009766],[0.854840,0.052374,0.009755,0.009755,0.063520,0.009755],[0.830504,0.056411,0.009759,0.009759,0.083808,0.009759],[0.851202,0.056794,0.009751,0.009751,0.062752,0.009751],[0.854532,0.050019,0.009749,0.009749,0.066203,0.009749],[0.865960,0.042457,0.009761,0.009761,0.062302,0.009761],[0.000000,0.000000,0.000000,0.000000,0.000000,1.000000],[0.000000,0.000000,0.000000,0.000000,0.000000,1.000000],[0.851603,0.042145,0.009757,0.009757,0.076980,0.009757],[0.822897,0.028882,0.059973,0.009841,0.068566,0.009841],[1.000000,0.000000,0.000000,0.000000,0.000000,0.000000],[0.087298,0.026928,0.044408,0.009836,0.821694,0.009836],[0.833046,0.038319,0.048302,0.009835,0.060662,0.009835],[0.496692,0.041323,0.199970,0.009859,0.242298,0.009859],[0.821842,0.042766,0.052576,0.009837,0.063141,0.009837],[0.850172,0.028389,0.052047,0.009835,0.049722,0.009835],[1.000000,0.000000,0.000000,0.000000,0.000000,0.000000]],
  [[1.000000,0.000000,0.000000,0.000000,0.000000,0.000000],[0.093098,0.021841,0.038024,0.009822,0.827394,0.009822],[0.855418,0.030077,0.052239,0.009832,0.042602,0.009832],[0.853782,0.025956,0.049514,0.009825,0.051097,0.009825],[0.840424,0.032051,0.056341,0.009845,0.051496,0.009845],[0.833985,0.046514,0.045473,0.009843,0.054344,0.009843],[0.804043,0.051050,0.051934,0.009846,0.073281,0.009846],[0.819064,0.063234,0.009766,0.009766,0.088404,0.009766],[0.831112,0.057746,0.009749,0.009749,0.081895,0.009749],[0.137233,0.065822,0.009774,0.009774,0.767623,0.009774],[0.450934,0.058068,0.222399,0.009881,0.248837,0.009881],[0.819033,0.048632,0.054961,0.009873,0.057629,0.009873],[0.101501,0.031204,0.042660,0.009841,0.804954,0.009841],[1.000000,0.000000,0.000000,0.000000,0.000000,0.000000],[0.855248,0.027229,0.044596,0.009838,0.053251,0.009838],[0.843472,0.034226,0.048513,0.009840,0.054110,0.009840],[0.838888,0.039783,0.042586,0.009839,0.059066,0.009839],[0.847465,0.052022,0.009739,0.009739,0.071296,0.009739],[0.845285,0.053492,0.009759,0.009759,0.071948,0.009759],[0.851672,0.054802,0.009746,0.009746,0.064290,0.009746],[0.850550,0.057177,0.009761,0.009761,0.062991,0.009761],[0.110856,0.052642,0.009748,0.009748,0.807257,0.009748],[0.851215,0.047447,0.009750,0.009750,0.072089,0.009750],[0.845338,0.052461,0.009754,0.009754,0.072940,0.009754],[0.841462,0.055922,0.009749,0.009749,0.073368,0.009749],[0.111714,0.048316,0.009762,0.009762,0.810683,0.009762],[0.851334,0.053726,0.009759,0.009759,0.065664,0.009759],[0.868571,0.043155,0.009746,0.009746,0.059034,0.009746],[0.874313,0.036990,0.009746,0.009746,0.059460,0.009746],[0.867511,0.044367,0.009732,0.009732,0.058925,0.009732],[0.857318,0.041354,0.009762,0.009762,0.072042,0.009762],[0.594791,0.070247,0.009784,0.009784,0.305611,0.009784],[0.000000,0.000000,0.000000,0.000000,0.000000,1.000000],[1.000000,0.000000,0.000000,0.000000,0.000000,0.000000],[1.000000,0.000000,0.000000,0.000000,0.000000,0.000000],[1.000000,0.000000,0.000000,0.000000,0.000000,0.000000],[1.000000,0.000000,0.000000,0.000000,0.000000,0.000000],[0.135253,0.048505,0.034863,0.009857,0.761665,0.009857],[0.100797,0.032736,0.038144,0.009852,0.808618,0.009852],[1.000000,0.000000,0.000000,0.000000,0.000000,0.000000]],
  [[1.000000,0.000000,0.000000,0.000000,0.000000,0.000000],[0.864203,0.025285,0.045263,0.009822,0.045605,0.009822],[0.883372,0.035122,0.009732,0.009732,0.052310,0.009732],[0.866537,0.046788,0.009737,0.009737,0.057463,0.009737],[0.119844,0.048690,0.009761,0.009761,0.802183,0.009761],[0.854571,0.047397,0.009768,0.009768,0.068728,0.009768],[0.128452,0.047964,0.009755,0.009755,0.794318,0.009755],[0.852762,0.048668,0.009756,0.009756,0.069301,0.009756],[0.842178,0.052145,0.009768,0.009768,0.076373,0.009768],[0.836174,0.061139,0.009771,0.009771,0.073374,0.009771],[0.141382,0.065257,0.009765,0.009765,0.764067,0.009765],[0.138050,0.063753,0.009772,0.009772,0.768880,0.009772],[0.821154,0.044782,0.049032,0.009841,0.065350,0.009841],[0.823424,0.039169,0.056109,0.009847,0.061604,0.009847],[1.000000,0.000000,0.000000,0.000000,0.000000,0.000000],[1.000000,0.000000,0.000000,0.000000,0.000000,0.000000],[0.094248,0.028592,0.039355,0.009833,0.818139,0.009833],[0.850726,0.033792,0.050475,0.009829,0.045349,0.009829],[0.834238,0.040439,0.057154,0.009831,0.048508,0.009831],[0.119536,0.037807,0.037612,0.009841,0.785363,0.009841],[0.846251,0.042661,0.039229,0.009850,0.052158,0.009850],[0.873493,0.048147,0.009750,0.009750,0.049110,0.009750],[0.108827,0.051427,0.009757,0.009757,0.810476,0.009757],[0.845328,0.053121,0.009749,0.009749,0.072305,0.009749],[0.842244,0.050232,0.009755,0.009755,0.078259,0.009755],[0.852998,0.050580,0.009760,0.009760,0.067143,0.009760],[0.116530,0.049148,0.009751,0.009751,0.805069,0.009751],[0.124204,0.042278,0.009746,0.009746,0.804281,0.009746],[0.861913,0.042984,0.009750,0.009750,0.065854,0.009750],[0.861149,0.047041,0.009744,0.009744,0.062579,0.009744],[0.138535,0.055173,0.009766,0.009766,0.776993,0.009766],[0.851370,0.049370,0.009755,0.009755,0.069996,0.009755],[0.820625,0.042765,0.056041,0.009849,0.060872,0.009849],[0.099136,0.029203,0.035787,0.009846,0.816182,0.009846],[1.000000,0.000000,0.000000,0.000000,0.000000,0.000000],[1.000000,0.000000,0.000000,0.000000,0.000000,0.000000],[0.102012,0.031790,0.040756,0.009838,0.805766,0.009838],[0.833983,0.040026,0.051108,0.009829,0.055225,0.009829],[0.854383,0.028530,0.048338,0.009832,0.049086,0.009832],[1.000000,0.000000,0.000000,0.000000,0.000000,0.000000]],
  [[1.000000,0.000000,0.000000,0.000000,0.000000,0.000000],[0.866559,0.024996,0.035931,0.009830,0.052855,0.009830],[0.870765,0.040668,0.009746,0.009746,0.059328,0.009746],[0.857354,0.050352,0.009745,0.009745,0.063058,0.009745],[0.130148,0.046493,0.009748,0.009748,0.794117,0.009748],[0.850153,0.051758,0.009744,0.009744,0.068857,0.009744],[0.856780,0.040792,0.009760,0.009760,0.073147,0.009760],[0.853409,0.050669,0.009765,0.009765,0.066627,0.009765],[0.850901,0.047692,0.009776,0.009776,0.072079,0.009776],[0.843760,0.052233,0.009752,0.009752,0.074752,0.009752],[0.839420,0.059996,0.009771,0.009771,0.071272,0.009771],[0.827281,0.057532,0.009759,0.009759,0.085911,0.009759],[0.819998,0.064624,0.009766,0.009766,0.086079,0.009766],[0.800568,0.048980,0.052773,0.009846,0.077987,0.009846],[0.843079,0.029278,0.053808,0.009841,0.054152,0.009841],[1.000000,0.000000,0.000000,0.000000,0.000000,0.000000],[1.000000,0.000000,0.000000,0.000000,0.000000,0.000000],[0.098375,0.029120,0.044036,0.009822,0.808824,0.009822],[0.099879,0.027027,0.036319,0.009829,0.817118,0.009829],[1.000000,0.000000,0.000000,0.000000,0.000000,0.000000],[0.102419,0.031049,0.038332,0.009842,0.808516,0.009842],[0.832051,0.042627,0.049352,0.009837,0.056296,0.009837],[0.113433,0.050285,0.009741,0.009741,0.807060,0.009741],[0.856011,0.059059,0.009766,0.009766,0.055633,0.009766],[0.611740,0.069172,0.009774,0.009774,0.289767,0.009774],[0.850197,0.047360,0.009745,0.009745,0.073208,0.009745],[0.858627,0.047393,0.009755,0.009755,0.064716,0.009755],[0.873842,0.042744,0.009753,0.009753,0.054156,0.009753],[0.861570,0.043856,0.009748,0.009748,0.065329,0.009748],[0.864436,0.044596,0.009748,0.009748,0.061724,0.009748],[0.846779,0.053603,0.009744,0.009744,0.070386,0.009744],[0.113936,0.056882,0.009757,0.009757,0.799910,0.009757],[0.846395,0.061315,0.009766,0.009766,0.062992,0.009766],[0.799562,0.048656,0.056628,0.009848,0.075460,0.009848],[0.118475,0.046797,0.033889,0.009836,0.781168,0.009836],[0.819196,0.037655,0.054175,0.009842,0.069291,0.009842],[0.833229,0.038142,0.052036,0.009834,0.056924,0.009834],[0.871524,0.038376,0.009746,0.009746,0.060861,0.009746],[0.851578,0.025875,0.048613,0.009836,0.054261,0.009836],[1.000000,0.000000,0.000000,0.000000,0.000000,0.000000]],
  [[1.000000,0.000000,0.000000,0.000000,0.000000,0.000000],[0.096802,0.029359,0.036105,0.009833,0.818068,0.009833],[0.865120,0.041664,0.009756,0.009756,0.063949,0.009756],[0.112411,0.048635,0.009752,0.009752,0.809697,0.009752],[0.870096,0.050028,0.009753,0.009753,0.050615,0.009753],[0.867989,0.046775,0.009758,0.009758,0.055962,0.009758],[0.868833,0.045290,0.009767,0.009767,0.056575,0.009767],[0.866323,0.045485,0.009758,0.009758,0.058918,0.009758],[0.871018,0.046272,0.009760,0.009760,0.053432,0.009760],[0.843841,0.053104,0.009759,0.009759,0.073780,0.009759],[0.846552,0.055907,0.009775,0.009775,0.068215,0.009775],[0.118164,0.057977,0.009765,0.009765,0.794563,0.009765],[0.816565,0.065468,0.009761,0.009761,0.088682,0.009761],[0.558063,0.078956,0.009776,0.009776,0.333652,0.009776],[0.820150,0.039845,0.056460,0.009832,0.063880,0.009832],[1.000000,0.000000,0.000000,0.000000,0.000000,0.000000],[1.000000,0.000000,0.000000,0.000000,0.000000,0.000000],[1.000000,0.000000,0.000000,0.000000,0.000000,0.000000],[1.000000,0.000000,0.000000,0.000000,0.000000,0.000000],[1.000000,0.000000,0.000000,0.000000,0.000000,0.000000],[1.000000,0.000000,0.000000,0.000000,0.000000,0.000000],[0.840231,0.030656,0.054781,0.009827,0.054678,0.009827],[0.109845,0.047853,0.009756,0.009756,0.813033,0.009756],[0.841627,0.067739,0.009772,0.009772,0.061317,0.009772],[0.848006,0.051202,0.009755,0.009755,0.071526,0.009755],[0.836392,0.057381,0.009757,0.009757,0.076956,0.009757],[0.859174,0.045987,0.009747,0.009747,0.065599,0.009747],[0.865490,0.040993,0.009746,0.009746,0.064278,0.009746],[0.873622,0.041200,0.009757,0.009757,0.055906,0.009757],[0.113342,0.042954,0.009741,0.009741,0.814480,0.009741],[0.871895,0.049512,0.009755,0.009755,0.049328,0.009755],[0.842991,0.054860,0.009762,0.009762,0.072863,0.009762],[0.138471,0.065198,0.009771,0.009771,0.767017,0.009771],[0.554929,0.085672,0.009786,0.009786,0.330042,0.009786],[0.835947,0.067524,0.009774,0.009774,0.067208,0.009774],[0.839299,0.052792,0.009754,0.009754,0.078649,0.009754],[0.853340,0.050996,0.009752,0.009752,0.066408,0.009752],[0.121435,0.047889,0.009745,0.009745,0.801442,0.009745],[0.868742,0.027573,0.044643,0.009833,0.039375,0.009833],[1.000000,0.000000,0.000000,0.000000,0.000000,0.000000]],
  [[1.000000,0.000000,0.000000,0.000000,0.000000,0.000000],[0.842852,0.031802,0.048520,0.009824,0.057179,0.009824],[0.860584,0.049864,0.009737,0.009737,0.060341,0.009737],[0.855289,0.050068,0.009741,0.009741,0.065422,0.009741],[0.102122,0.046008,0.009750,0.009750,0.822620,0.009750],[0.867388,0.043473,0.009756,0.009756,0.059871,0.009756],[0.871919,0.038351,0.009757,0.009757,0.060459,0.009757],[0.877997,0.045225,0.009748,0.009748,0.047534,0.009748],[0.863981,0.045419,0.009755,0.009755,0.061336,0.009755],[0.851844,0.046903,0.009750,0.009750,0.072004,0.009750],[0.844676,0.056918,0.009779,0.009779,0.069069,0.009779],[0.550333,0.082387,0.009791,0.009791,0.337909,0.009791],[0.825495,0.066218,0.009782,0.009782,0.078941,0.009782],[0.840689,0.055573,0.009770,0.009770,0.074427,0.009770],[0.130537,0.045365,0.034550,0.009855,0.769838,0.009855],[0.840443,0.030640,0.059798,0.009840,0.049439,0.009840],[1.000000,0.000000,0.000000,0.000000,0.000000,0.000000],[0.834602,0.032293,0.058084,0.009853,0.055316,0.009853],[0.858696,0.025322,0.053665,0.009825,0.042667,0.009825],[1.000000,0.000000,0.000000,0.000000,0.000000,0.000000],[1.000000,0.000000,0.000000,0.000000,0.000000,0.000000],[0.845482,0.032894,0.048202,0.009829,0.053763,0.009829],[0.853791,0.045148,0.009753,0.009753,0.071803,0.009753],[0.125481,0.052102,0.009750,0.009750,0.793169,0.009750],[0.858588,0.051476,0.009745,0.009745,0.060700,0.009745],[0.113694,0.047064,0.009758,0.009758,0.809969,0.009758],[0.858488,0.046555,0.009748,0.009748,0.065712,0.009748],[0.860483,0.041119,0.009745,0.009745,0.069164,0.009745],[0.859925,0.050600,0.009758,0.009758,0.060199,0.009758],[0.863271,0.044564,0.009746,0.009746,0.062925,0.009746],[0.863955,0.045629,0.009745,0.009745,0.061181,0.009745],[0.862235,0.050043,0.009768,0.009768,0.058418,0.009768],[0.846880,0.062154,0.009760,0.009760,0.061687,0.009760],[0.830305,0.056381,0.009767,0.009767,0.084013,0.009767],[0.829903,0.064478,0.009765,0.009765,0.076325,0.009765],[0.587746,0.077284,0.009778,0.009778,0.305636,0.009778],[0.848159,0.059949,0.009756,0.009756,0.062624,0.009756],[0.852624,0.052140,0.009754,0.009754,0.065974,0.009754],[0.100779,0.026591,0.040547,0.009829,0.812425,0.009829],[1.000000,0.000000,0.000000,0.000000,0.000000,0.000000]],
  [[1.000000,0.000000,0.000000,0.000000,0.000000,0.000000],[0.097629,0.030041,0.043600,0.009849,0.809032,0.009849],[0.876481,0.040214,0.009762,0.009762,0.054019,0.009762],[0.852815,0.053177,0.009749,0.009749,0.064762,0.009749],[0.855677,0.051926,0.009741,0.009741,0.063176,0.009741],[0.854967,0.048647,0.009744,0.009744,0.067155,0.009744],[0.865388,0.047198,0.009740,0.009740,0.058192,0.009740],[0.870089,0.040716,0.009775,0.009775,0.059871,0.009775],[0.865311,0.045587,0.009742,0.009742,0.059877,0.009742],[0.854603,0.049891,0.009752,0.009752,0.066251,0.009752],[0.842047,0.052161,0.009749,0.009749,0.076546,0.009749],[0.836430,0.053018,0.009757,0.009757,0.081281,0.009757],[0.816874,0.059914,0.009757,0.009757,0.093940,0.009757],[0.836987,0.060420,0.009746,0.009746,0.073355,0.009746],[0.861252,0.046600,0.009761,0.009761,0.062864,0.009761],[0.098605,0.044647,0.041174,0.009843,0.795887,0.009843],[0.836111,0.041446,0.050040,0.009854,0.052696,0.009854],[0.828457,0.037203,0.055831,0.009843,0.058822,0.009843],[0.104321,0.040703,0.040508,0.009823,0.794823,0.009823],[0.848942,0.031218,0.053879,0.009829,0.046303,0.009829],[0.861075,0.029932,0.036953,0.009838,0.052364,0.009838],[0.841283,0.030911,0.053896,0.009835,0.054240,0.009835],[0.864773,0.041460,0.009754,0.009754,0.064504,0.009754],[0.854183,0.050159,0.009757,0.009757,0.066388,0.009757],[0.111319,0.050301,0.009751,0.009751,0.809128,0.009751],[0.870142,0.044913,0.009755,0.009755,0.055681,0.009755],[0.861505,0.046601,0.009750,0.009750,0.062645,0.009750],[0.855724,0.048744,0.009760,0.009760,0.066253,0.009760],[0.121916,0.050873,0.009758,0.009758,0.797936,0.009758],[0.857161,0.049326,0.009750,0.009750,0.064263,0.009750],[0.851673,0.048909,0.009739,0.009739,0.070201,0.009739],[0.855389,0.047977,0.009758,0.009758,0.067360,0.009758],[0.848452,0.049518,0.009765,0.009765,0.072736,0.009765],[0.843248,0.055116,0.009765,0.009765,0.072340,0.009765],[0.829835,0.064128,0.009758,0.009758,0.076762,0.009758],[0.131638,0.056872,0.009750,0.009750,0.782240,0.009750],[0.835378,0.057631,0.009761,0.009761,0.077710,0.009761],[0.860922,0.049625,0.009734,0.009734,0.060250,0.009734],[0.857363,0.031295,0.043421,0.009837,0.048249,0.009837],[1.000000,0.000000,0.000000,0.000000,0.000000,0.000000]],
  [[1.000000,0.000000,0.000000,0.000000,0.000000,0.000000],[0.846449,0.031897,0.047079,0.009832,0.054911,0.009832],[0.849553,0.053310,0.009747,0.009747,0.067896,0.009747],[0.843563,0.056673,0.009757,0.009757,0.070492,0.009757],[0.134967,0.059413,0.009782,0.009782,0.776273,0.009782],[0.133204,0.049332,0.009772,0.009772,0.788149,0.009772],[0.865287,0.046495,0.009753,0.009753,0.058959,0.009753],[0.859238,0.047500,0.009750,0.009750,0.064012,0.009750],[0.865680,0.046237,0.009748,0.009748,0.058838,0.009748],[0.109107,0.043303,0.009744,0.009744,0.818358,0.009744],[0.117712,0.049526,0.009752,0.009752,0.803505,0.009752],[0.839410,0.056896,0.009761,0.009761,0.074412,0.009761],[0.841737,0.056533,0.009761,0.009761,0.072449,0.009761],[0.115693,0.049426,0.009765,0.009765,0.805585,0.009765],[0.852532,0.053393,0.009750,0.009750,0.064824,0.009750],[0.113541,0.053717,0.009757,0.009757,0.803470,0.009757],[0.116740,0.050945,0.009755,0.009755,0.803049,0.009755],[0.868136,0.049587,0.009750,0.009750,0.053027,0.009750],[0.861392,0.048099,0.009763,0.009763,0.061220,0.009763],[0.868103,0.047376,0.009750,0.009750,0.055271,0.009750],[0.865107,0.044175,0.009767,0.009767,0.061416,0.009767],[0.869493,0.051141,0.009754,0.009754,0.050106,0.009754],[0.119998,0.049147,0.009749,0.009749,0.801608,0.009749],[0.853127,0.050983,0.009762,0.009762,0.066605,0.009762],[0.874538,0.040645,0.009743,0.009743,0.055588,0.009743],[0.856791,0.051797,0.009754,0.009754,0.062152,0.009754],[0.866600,0.050174,0.009763,0.009763,0.053936,0.009763],[0.122011,0.047328,0.009751,0.009751,0.801410,0.009751],[0.124428,0.054620,0.009754,0.009754,0.791690,0.009754],[0.861193,0.050409,0.009768,0.009768,0.059094,0.009768],[0.845710,0.055356,0.009757,0.009757,0.069663,0.009757],[0.838152,0.054855,0.009754,0.009754,0.077732,0.009754],[0.845200,0.054184,0.009755,0.009755,0.071350,0.009755],[0.142743,0.050093,0.009763,0.009763,0.777875,0.009763],[0.101935,0.059548,0.009762,0.009762,0.809231,0.009762],[0.825605,0.064363,0.009761,0.009761,0.080748,0.009761],[0.120017,0.052718,0.009748,0.009748,0.798021,0.009748],[0.855338,0.051511,0.009749,0.009749,0.063905,0.009749],[0.093230,0.033197,0.037046,0.009842,0.816842,0.009842],[1.000000,0.000000,0.000000,0.000000,0.000000,0.000000]],
  [[1.000000,0.000000,0.000000,0.000000,0.000000,0.000000],[0.847271,0.030366,0.047974,0.009832,0.054725,0.009832],[0.142865,0.059000,0.009753,0.009753,0.768875,0.009753],[0.575025,0.095517,0.009769,0.009769,0.300152,0.009769],[0.138172,0.065993,0.009759,0.009759,0.766559,0.009759],[0.859844,0.052411,0.009755,0.009755,0.058479,0.009755],[0.863596,0.048428,0.009760,0.009760,0.058697,0.009760],[0.868897,0.047953,0.009740,0.009740,0.053929,0.009740],[0.865433,0.052384,0.009762,0.009762,0.052898,0.009762],[0.113481,0.055291,0.009757,0.009757,0.801956,0.009757],[0.844575,0.056518,0.009749,0.009749,0.069660,0.009749],[0.146519,0.063133,0.009766,0.009766,0.761050,0.009766],[0.823440,0.069752,0.009779,0.009779,0.077471,0.009779],[0.822034,0.061137,0.009749,0.009749,0.087581,0.009749],[0.122694,0.057103,0.009756,0.009756,0.790934,0.009756],[0.853214,0.057983,0.009743,0.009743,0.059575,0.009743],[0.856216,0.053081,0.009742,0.009742,0.061476,0.009742],[0.112728,0.053871,0.009748,0.009748,0.804157,0.009748],[0.111577,0.054193,0.009756,0.009756,0.804963,0.009756],[0.860035,0.052982,0.009746,0.009746,0.057746,0.009746],[0.858484,0.048550,0.009758,0.009758,0.063691,0.009758],[0.111699,0.046315,0.009764,0.009764,0.812696,0.009764],[0.115165,0.050761,0.009755,0.009755,0.804808,0.009755],[0.843073,0.048418,0.009756,0.009756,0.079239,0.009756],[0.857660,0.048176,0.009758,0.009758,0.064890,0.009758],[0.851741,0.054676,0.009749,0.009749,0.064337,0.009749],[0.113264,0.047182,0.009746,0.009746,0.810316,0.009746],[0.858832,0.050234,0.009770,0.009770,0.061625,0.009770],[0.833349,0.059562,0.009753,0.009753,0.077832,0.009753],[0.839055,0.059306,0.009766,0.009766,0.072342,0.009766],[0.839276,0.059114,0.009766,0.009766,0.072313,0.009766],[0.137950,0.056263,0.009768,0.009768,0.776483,0.009768],[0.849124,0.052828,0.009762,0.009762,0.068762,0.009762],[0.849569,0.054785,0.009755,0.009755,0.066380,0.009755],[0.129558,0.062571,0.009780,0.009780,0.778532,0.009780],[0.135870,0.073646,0.009771,0.009771,0.761172,0.009771],[0.837310,0.062744,0.009755,0.009755,0.070682,0.009755],[0.860268,0.050359,0.009755,0.009755,0.060108,0.009755],[0.103296,0.029309,0.038602,0.009839,0.809114,0.009839],[1.000000,0.000000,0.000000,0.000000,0.000000,0.000000]],
  [[1.000000,0.000000,0.000000,0.000000,0.000000,0.000000],[0.851717,0.032393,0.041285,0.009830,0.054944,0.009830],[0.844790,0.050877,0.009749,0.009749,0.075087,0.009749],[0.149530,0.061116,0.009757,0.009757,0.760084,0.009757],[0.848413,0.057837,0.009766,0.009766,0.064453,0.009766],[0.851367,0.052791,0.009749,0.009749,0.066596,0.009749],[0.122150,0.046977,0.009768,0.009768,0.801569,0.009768],[0.867796,0.046043,0.009747,0.009747,0.056921,0.009747],[0.869829,0.048095,0.009748,0.009748,0.052831,0.009748],[0.848502,0.049947,0.009768,0.009768,0.072248,0.009768],[0.137139,0.067758,0.009770,0.009770,0.765794,0.009770],[0.529261,0.103468,0.009783,0.009783,0.337921,0.009783],[0.807001,0.075646,0.009768,0.009768,0.088050,0.009768],[0.131129,0.069158,0.009768,0.009768,0.770408,0.009768],[0.836199,0.064489,0.009772,0.009772,0.069998,0.009772],[0.852605,0.056739,0.009748,0.009748,0.061413,0.009748],[0.122376,0.053393,0.009763,0.009763,0.794941,0.009763],[0.111956,0.054133,0.009753,0.009753,0.804653,0.009753],[0.854097,0.055231,0.009757,0.009757,0.061400,0.009757],[0.126525,0.049567,0.009769,0.009769,0.794603,0.009769],[0.113289,0.053448,0.009753,0.009753,0.804005,0.009753],[0.843626,0.056380,0.009743,0.009743,0.070766,0.009743],[0.858440,0.056254,0.009769,0.009769,0.056000,0.009769],[0.846930,0.049822,0.009761,0.009761,0.073964,0.009761],[0.578334,0.076015,0.009773,0.009773,0.316333,0.009773],[0.833842,0.055839,0.009777,0.009777,0.080988,0.009777],[0.851726,0.049232,0.009747,0.009747,0.069801,0.009747],[0.861316,0.050452,0.009760,0.009760,0.058952,0.009760],[0.131782,0.047048,0.009768,0.009768,0.791865,0.009768],[0.137786,0.061149,0.009763,0.009763,0.771776,0.009763],[0.567419,0.088361,0.009799,0.009799,0.314824,0.009799],[0.149792,0.054261,0.009760,0.009760,0.766666,0.009760],[0.851592,0.052044,0.009749,0.009749,0.067118,0.009749],[0.838106,0.060854,0.009784,0.009784,0.071687,0.009784],[0.128447,0.071646,0.009750,0.009750,0.770658,0.009750],[0.546403,0.118012,0.009777,0.009777,0.306255,0.009777],[0.151780,0.060007,0.009778,0.009778,0.758879,0.009778],[0.855811,0.041982,0.009745,0.009745,0.072973,0.009745],[0.858915,0.026096,0.052401,0.009838,0.042912,0.009838],[1.000000,0.000000,0.000000,0.000000,0.000000,0.000000]],
  [[1.000000,0.000000,0.000000,0.000000,0.000000,0.000000],[0.104749,0.031605,0.046449,0.009832,0.797533,0.009832],[0.862524,0.042450,0.009749,0.009749,0.065778,0.009749],[0.848901,0.053677,0.009757,0.009757,0.068152,0.009757],[0.849150,0.051603,0.009767,0.009767,0.069947,0.009767],[0.849010,0.051760,0.009765,0.009765,0.069935,0.009765],[0.866416,0.045645,0.009745,0.009745,0.058704,0.009745],[0.881537,0.042088,0.009778,0.009778,0.047039,0.009778],[0.849339,0.050625,0.009753,0.009753,0.070776,0.009753],[0.842759,0.058066,0.009751,0.009751,0.069923,0.009751],[0.137817,0.064112,0.009765,0.009765,0.768777,0.009765],[0.148263,0.069638,0.009765,0.009765,0.752803,0.009765],[0.817660,0.072209,0.009766,0.009766,0.080834,0.009766],[0.550847,0.099054,0.009778,0.009778,0.320767,0.009778],[0.138746,0.065707,0.009762,0.009762,0.766261,0.009762],[0.840638,0.060892,0.009758,0.009758,0.069197,0.009758],[0.843127,0.060173,0.009741,0.009741,0.067476,0.009741],[0.856896,0.055891,0.009770,0.009770,0.057902,0.009770],[0.849635,0.061719,0.009775,0.009775,0.059322,0.009775],[0.852011,0.054930,0.009752,0.009752,0.063802,0.009752],[0.843795,0.054235,0.009759,0.009759,0.072693,0.009759],[0.125799,0.044868,0.009752,0.009752,0.800078,0.009752],[0.853279,0.050267,0.009763,0.009763,0.067165,0.009763],[0.818209,0.063163,0.009755,0.009755,0.089364,0.009755],[0.829764,0.057460,0.009764,0.009764,0.083484,0.009764],[0.822085,0.060556,0.009749,0.009749,0.088110,0.009749],[0.845203,0.057359,0.009762,0.009762,0.068151,0.009762],[0.842279,0.057236,0.009757,0.009757,0.071212,0.009757],[0.860251,0.050558,0.009745,0.009745,0.059954,0.009745],[0.831886,0.061030,0.009768,0.009768,0.077781,0.009768],[0.845846,0.053623,0.009755,0.009755,0.071265,0.009755],[0.841215,0.052823,0.009775,0.009775,0.076636,0.009775],[0.855522,0.053380,0.009759,0.009759,0.061823,0.009759],[0.843831,0.053765,0.009754,0.009754,0.073143,0.009754],[0.124237,0.065221,0.009785,0.009785,0.781187,0.009785],[0.142553,0.062361,0.009766,0.009766,0.765788,0.009766],[0.853943,0.051826,0.009767,0.009767,0.064931,0.009767],[0.860911,0.043122,0.009759,0.009759,0.066690,0.009759],[0.853355,0.025897,0.049178,0.009838,0.051894,0.009838],[1.000000,0.000000,0.000000,0.000000,0.000000,0.000000]],
