[
  [[1.000000,0.000000,0.000000,0.000000,0.000000,0.000000],[1.000000,0.000000,0.000000,0.000000,0.000000,0.000000],[1.000000,0.000000,0.000000,0.000000,0.000000,0.000000],[1.000000,0.000000,0.000000,0.000000,0.000000,0.000000],[1.000000,0.000000,0.000000,0.000000,0.000000,0.000000],[1.000000,0.000000,0.000000,0.000000,0.000000,0.000000],[1.000000,0.000000,0.000000,0.000000,0.000000,0.000000],[1.000000,0.000000,0.000000,0.000000,0.000000,0.000000],[1.000000,0.000000,0.000000,0.000000,0.000000,0.000000],[1.000000,0.000000,0.000000,0.000000,0.000000,0.000000],[1.000000,0.000000,0.000000,0.000000,0.000000,0.000000],[1.000000,0.000000,0.000000,0.000000,0.000000,0.000000],[1.000000,0.000000,0.000000,0.000000,0.000000,0.000000],[1.000000,0.000000,0.000000,0.000000,0.000000,0.000000],[1.000000,0.000000,0.000000,0.000000,0.000000,0.000000],[1.000000,0.000000,0.000000,0.000000,0.000000,0.000000],[1.000000,0.000000,0.000000,0.000000,0.000000,0.000000],[1.000000,0.000000,0.000000,0.000000,0.000000,0.000000],[1.000000,0.000000,0.000000,0.000000,0.000000,0.000000],[1.000000,0.000000,0.000000,0.000000,0.000000,0.000000],[1.000000,0.000000,0.000000,0.000000,0.000000,0.000000],[1.000000,0.000000,0.000000,0.000000,0.000000,0.000000],[1.000000,0.000000,0.000000,0.000000,0.000000,0.000000],[1.000000,0.000000,0.000000,0.000000,0.000000,0.000000],[1.000000,0.000000,0.000000,0.000000,0.000000,0.000000],[1.000000,0.000000,0.000000,0.000000,0.000000,0.000000],[1.000000,0.000000,0.000000,0.000000,0.000000,0.000000],[1.000000,0.000000,0.000000,0.000000,0.000000,0.000000],[1.000000,0.000000,0.000000,0.000000,0.000000,0.000000],[1.000000,0.000000,0.000000,0.000000,0.000000,0.000000],[1.000000,0.000000,0.000000,0.000000,0.000000,0.000000],[1.000000,0.000000,0.000000,0.000000,0.000000,0.000000],[1.000000,0.000000,0.000000,0.000000,0.000000,0.000000],[1.000000,0.000000,0.000000,0.000000,0.000000,0.000000],[1.000000,0.000000,0.000000,0.000000,0.000000,0.000000],[1.000000,0.000000,0.000000,0.000000,0.000000,0.000000],[1.000000,0.000000,0.000000,0.000000,0.000000,0.000000],[1.000000,0.000000,0.000000,0.000000,0.000000,0.000000],[1.000000,0.000000,0.000000,0.000000,0.000000,0.000000],[1.000000,0.000000,0.000000,0.000000,0.000000,0.000000]],
  [[1.000000,0.000000,0.000000,0.000000,0.000000,0.000000],[0.871706,0.049259,0.027937,0.005881,0.045217,0.000000],[0.848704,0.076485,0.020904,0.007020,0.046887,0.000000],[0.118050,0.099915,0.027628,0.009053,0.745354,0.000000],[0.821965,0.097192,0.021556,0.008177,0.051110,0.000000],[0.818350,0.106360,0.007097,0.008839,0.059355,0.000000],[0.817648,0.106798,0.007171,0.008870,0.059513,0.000000],[0.817638,0.106801,0.007131,0.008886,0.059544,0.000000],[0.823333,0.095079,0.020968,0.008326,0.052294,0.000000],[0.829174,0.085845,0.029538,0.007636,0.047806,0.000000],[1.000000,0.000000,0.000000,0.000000,0.000000,0.000000],[0.831974,0.077470,0.037666,0.007145,0.045745,0.000000],[0.115733,0.089760,0.035367,0.008580,0.750561,0.000000],[0.820263,0.100676,0.018813,0.008364,0.051884,0.000000],[0.810479,0.112086,0.008228,0.009159,0.060048,0.000000],[0.811804,0.112529,0.007698,0.008983,0.058986,0.000000],[1.000000,0.000000,0.000000,0.000000,0.000000,0.000000],[1.000000,0.000000,0.000000,0.000000,0.000000,0.000000],[0.845511,0.060797,0.041736,0.006656,0.045300,0.000000],[0.856267,0.058653,0.032614,0.006447,0.046019,0.000000],[0.862508,0.063859,0.021674,0.006360,0.045599,0.000000],[0.167112,0.070264,0.014217,0.007620,0.740788,0.000000],[0.866536,0.067893,0.011292,0.006647,0.047633,0.000000],[0.152976,0.076809,0.018141,0.008071,0.744003,0.000000],[0.858234,0.069817,0.016563,0.006941,0.048445,0.000000],[0.859788,0.066381,0.017682,0.006943,0.049207,0.000000],[0.858310,0.069709,0.016623,0.006933,0.048424,0.000000],[0.151940,0.079299,0.018228,0.007995,0.742539,0.000000],[0.855526,0.075013,0.014215,0.007059,0.048186,0.000000],[0.841578,0.084588,0.016878,0.007661,0.049295,0.000000],[0.824352,0.098380,0.019653,0.008248,0.049367,0.000000],[0.824127,0.098941,0.019147,0.008272,0.049512,0.000000],[0.822029,0.102518,0.018553,0.008196,0.048703,0.000000],[0.117190,0.108886,0.023385,0.009191,0.741348,0.000000],[0.111339,0.082080,0.042691,0.008064,0.755825,0.000000],[1.000000,0.000000,0.000000,0.000000,0.000000,0.000000],[0.836413,0.072581,0.038023,0.007038,0.045945,0.000000],[0.851772,0.075513,0.019934,0.006842,0.045939,0.000000],[0.871096,0.049717,0.027840,0.005921,0.045425,0.000000],[1.000000,0.000000,0.000000,0.000000,0.000000,0.000000]],
  [[1.000000,0.000000,0.000000,0.000000,0.000000,0.000000],[0.863965,0.063075,0.018622,0.006609,0.047730,0.000000],[0.839629,0.098672,0.000000,0.008174,0.053524,0.000000],[0.815348,0.119700,0.000000,0.009279,0.055673,0.000000],[0.808528,0.123407,0.000000,0.009560,0.058506,0.000000],[0.798322,0.127685,0.000000,0.010125,0.063868,0.000000],[0.543120,0.177868,0.000000,0.014242,0.264770,0.000000],[0.794914,0.130165,0.000000,0.010322,0.064598,0.000000],[0.803419,0.127154,0.000000,0.009864,0.059562,0.000000],[0.798769,0.122972,0.013645,0.009395,0.055218,0.000000],[0.122887,0.122884,0.015916,0.010114,0.728199,0.000000],[1.000000,0.000000,0.000000,0.000000,0.000000,0.000000],[0.811018,0.110685,0.014693,0.008996,0.054608,0.000000],[0.798324,0.119671,0.013930,0.009519,0.058555,0.000000],[0.785616,0.140669,0.000000,0.010486,0.063230,0.000000],[0.457632,0.168655,0.137148,0.013511,0.223055,0.000000],[0.146679,0.142188,0.011010,0.011210,0.688912,0.000000],[0.822933,0.089616,0.028712,0.007933,0.050806,0.000000],[1.000000,0.000000,0.000000,0.000000,0.000000,0.000000],[1.000000,0.000000,0.000000,0.000000,0.000000,0.000000],[0.850805,0.084898,0.010317,0.007048,0.046932,0.000000],[0.166816,0.110697,0.000000,0.009257,0.713229,0.000000],[0.837632,0.103200,0.000000,0.007925,0.051243,0.000000],[0.842940,0.093797,0.000000,0.008216,0.055048,0.000000],[0.829878,0.106916,0.000000,0.008627,0.054579,0.000000],[0.834584,0.099849,0.000000,0.008762,0.056805,0.000000],[0.832075,0.103538,0.000000,0.008699,0.055688,0.000000],[0.828459,0.108092,0.000000,0.008698,0.054750,0.000000],[0.149518,0.122075,0.000000,0.009993,0.718414,0.000000],[0.823125,0.113757,0.000000,0.008819,0.054299,0.000000],[0.800552,0.136708,0.000000,0.009424,0.053317,0.000000],[0.130039,0.144460,0.000000,0.010957,0.714543,0.000000],[0.798390,0.135109,0.000000,0.009658,0.056843,0.000000],[0.808878,0.126086,0.000000,0.009205,0.055831,0.000000],[0.816493,0.104291,0.019571,0.008384,0.051262,0.000000],[1.000000,0.000000,0.000000,0.000000,0.000000,0.000000],[0.114857,0.110601,0.024388,0.009130,0.741024,0.000000],[0.839669,0.102994,0.000000,0.007697,0.049640,0.000000],[0.862036,0.067085,0.017021,0.006658,0.047201,0.000000],[1.000000,0.000000,0.000000,0.000000,0.000000,0.000000]],
  [[1.000000,0.000000,0.000000,0.000000,0.000000,0.000000],[0.858474,0.069225,0.016955,0.006914,0.048432,0.000000],[0.832862,0.102912,0.000000,0.008647,0.055579,0.000000],[0.806263,0.125506,0.000000,0.009913,0.058319,0.000000],[0.801820,0.125388,0.000000,0.010313,0.062479,0.000000],[0.788052,0.134370,0.000000,0.010833,0.066745,0.000000],[0.781819,0.141257,0.000000,0.010922,0.066002,0.000000],[0.773555,0.145747,0.000000,0.011282,0.069416,0.000000],[0.778078,0.147825,0.000000,0.010785,0.063312,0.000000],[0.133243,0.153364,0.000000,0.011709,0.701684,0.000000],[0.737743,0.149731,0.036450,0.010971,0.065105,0.000000],[0.761128,0.138662,0.024285,0.010613,0.065312,0.000000],[1.000000,0.000000,0.000000,0.000000,0.000000,0.000000],[0.791468,0.122003,0.014902,0.010099,0.061527,0.000000],[0.751831,0.137594,0.034570,0.010915,0.065089,0.000000],[0.154642,0.168113,0.000000,0.012847,0.664399,0.000000],[0.774620,0.150166,0.000000,0.010946,0.064268,0.000000],[0.807363,0.113545,0.013969,0.009246,0.055877,0.000000],[1.000000,0.000000,0.000000,0.000000,0.000000,0.000000],[1.000000,0.000000,0.000000,0.000000,0.000000,0.000000],[0.131087,0.092697,0.025013,0.008277,0.742926,0.000000],[0.141309,0.118146,0.013495,0.009528,0.717522,0.000000],[0.814623,0.121619,0.000000,0.009110,0.054648,0.000000],[0.153351,0.115031,0.000000,0.010357,0.721260,0.000000],[0.822055,0.109820,0.000000,0.009407,0.058717,0.000000],[0.806061,0.123697,0.000000,0.010208,0.060034,0.000000],[0.805462,0.124160,0.000000,0.010240,0.060138,0.000000],[0.800963,0.129586,0.000000,0.010244,0.059207,0.000000],[0.796367,0.135035,0.000000,0.010258,0.058341,0.000000],[0.129960,0.145490,0.000000,0.011213,0.713336,0.000000],[0.125257,0.155453,0.000000,0.011077,0.708213,0.000000],[0.128509,0.152505,0.000000,0.011271,0.707715,0.000000],[0.775457,0.150468,0.000000,0.010773,0.063302,0.000000],[0.792907,0.131700,0.000000,0.010463,0.064930,0.000000],[0.808507,0.112135,0.007532,0.009498,0.062328,0.000000],[1.000000,0.000000,0.000000,0.000000,0.000000,0.000000],[0.115585,0.112774,0.022259,0.009351,0.740030,0.000000],[0.149078,0.121471,0.000000,0.009720,0.719731,0.000000],[0.859304,0.070009,0.015557,0.006903,0.048227,0.000000],[1.000000,0.000000,0.000000,0.000000,0.000000,0.000000]],
  [[1.000000,0.000000,0.000000,0.000000,0.000000,0.000000],[0.856377,0.073949,0.014765,0.006988,0.047921,0.000000],[0.151027,0.117151,0.000000,0.009981,0.721841,0.000000],[0.801760,0.131044,0.000000,0.009926,0.057270,0.000000],[0.800950,0.126205,0.000000,0.010386,0.062459,0.000000],[0.795416,0.132288,0.000000,0.010457,0.061838,0.000000],[0.785554,0.143751,0.000000,0.010497,0.060198,0.000000],[0.132173,0.150811,0.000000,0.011598,0.705417,0.000000],[0.757820,0.164638,0.000000,0.011332,0.066210,0.000000],[0.154018,0.166066,0.000000,0.012802,0.667114,0.000000],[0.747384,0.168682,0.000000,0.011979,0.071956,0.000000],[0.457777,0.163905,0.136664,0.013762,0.227892,0.000000],[0.148148,0.137155,0.011373,0.011422,0.691903,0.000000],[1.000000,0.000000,0.000000,0.000000,0.000000,0.000000],[0.777825,0.130211,0.018610,0.010563,0.062792,0.000000],[0.776163,0.147234,0.000000,0.011150,0.065452,0.000000],[0.780465,0.143887,0.000000,0.010927,0.064721,0.000000],[0.792151,0.123435,0.014241,0.009948,0.060225,0.000000],[0.815525,0.104937,0.018425,0.008860,0.052254,0.000000],[1.000000,0.000000,0.000000,0.000000,0.000000,0.000000],[1.000000,0.000000,0.000000,0.000000,0.000000,0.000000],[0.117285,0.129129,0.016676,0.009871,0.727038,0.000000],[0.793196,0.131359,0.014170,0.009370,0.051904,0.000000],[0.795878,0.137789,0.000000,0.009993,0.056341,0.000000],[0.796170,0.135076,0.000000,0.010291,0.058464,0.000000],[0.795572,0.135398,0.000000,0.010326,0.058704,0.000000],[0.789441,0.138621,0.000000,0.010580,0.061358,0.000000],[0.787728,0.140003,0.000000,0.010661,0.061607,0.000000],[0.786202,0.141141,0.000000,0.010742,0.061915,0.000000],[0.785998,0.141365,0.000000,0.010743,0.061893,0.000000],[0.781330,0.148970,0.000000,0.010482,0.059218,0.000000],[0.131286,0.148690,0.000000,0.011427,0.708597,0.000000],[0.776505,0.147622,0.000000,0.010971,0.064902,0.000000],[0.539199,0.181679,0.000000,0.014601,0.264521,0.000000],[0.800203,0.118323,0.008529,0.009849,0.063097,0.000000],[1.000000,0.000000,0.000000,0.000000,0.000000,0.000000],[0.816980,0.105185,0.019075,0.008528,0.050232,0.000000],[0.835038,0.098218,0.011074,0.007645,0.048025,0.000000],[0.859728,0.071960,0.014850,0.006731,0.046730,0.000000],[1.000000,0.000000,0.000000,0.000000,0.000000,0.000000]],
  [[1.000000,0.000000,0.000000,0.000000,0.000000,0.000000],[0.855760,0.074736,0.014308,0.007046,0.048150,0.000000],[0.149575,0.121996,0.000000,0.009979,0.718450,0.000000],[0.797596,0.136241,0.000000,0.009916,0.056248,0.000000],[0.801787,0.129034,0.000000,0.010202,0.058977,0.000000],[0.799754,0.130481,0.000000,0.010329,0.059435,0.000000],[0.129964,0.145456,0.000000,0.011241,0.713339,0.000000],[0.129714,0.156140,0.000000,0.011559,0.702587,0.000000],[0.763759,0.162008,0.000000,0.011086,0.063147,0.000000],[0.520782,0.204200,0.000000,0.015422,0.259596,0.000000],[0.767612,0.147910,0.000000,0.011360,0.073118,0.000000],[0.786421,0.135534,0.000000,0.010552,0.067493,0.000000],[0.790119,0.127480,0.009691,0.010075,0.062635,0.000000],[0.790422,0.124742,0.013645,0.010065,0.061125,0.000000],[0.776257,0.130201,0.016929,0.010743,0.065871,0.000000],[0.773062,0.147912,0.000000,0.011411,0.067615,0.000000],[0.151187,0.157975,0.000000,0.012389,0.678450,0.000000],[0.788237,0.139981,0.000000,0.010560,0.061221,0.000000],[0.800395,0.123040,0.013154,0.009468,0.053944,0.000000],[0.123450,0.115616,0.016969,0.010025,0.733939,0.000000],[0.816201,0.096942,0.028433,0.008338,0.050086,0.000000],[1.000000,0.000000,0.000000,0.000000,0.000000,0.000000],[0.121731,0.128109,0.015388,0.010260,0.724512,0.000000],[0.785253,0.144442,0.000000,0.010481,0.059825,0.000000],[0.133612,0.143199,0.000000,0.011523,0.711666,0.000000],[0.783439,0.145253,0.000000,0.010645,0.060663,0.000000],[0.129646,0.154389,0.000000,0.011487,0.704478,0.000000],[0.146316,0.169751,0.000000,0.012325,0.671608,0.000000],[0.768952,0.153104,0.000000,0.011419,0.066525,0.000000],[0.777208,0.142393,0.000000,0.011475,0.068924,0.000000],[0.788858,0.136924,0.000000,0.010829,0.063389,0.000000],[0.789845,0.136350,0.000000,0.010765,0.063040,0.000000],[0.777665,0.146487,0.000000,0.010919,0.064928,0.000000],[0.785430,0.139078,0.000000,0.010676,0.064815,0.000000],[0.791234,0.127213,0.009409,0.010019,0.062125,0.000000],[0.807709,0.112395,0.015017,0.009253,0.055625,0.000000],[1.000000,0.000000,0.000000,0.000000,0.000000,0.000000],[0.841489,0.085447,0.017717,0.007438,0.047909,0.000000],[0.144977,0.057588,0.031859,0.006995,0.758581,0.000000],[1.000000,0.000000,0.000000,0.000000,0.000000,0.000000]],
  [[1.000000,0.000000,0.000000,0.000000,0.000000,0.000000],[0.856847,0.072138,0.014841,0.007111,0.049063,0.000000],[0.825039,0.112395,0.000000,0.008695,0.053871,0.000000],[0.149996,0.122885,0.000000,0.010226,0.716893,0.000000],[0.818230,0.114632,0.000000,0.009414,0.057724,0.000000],[0.819566,0.111710,0.000000,0.009567,0.059157,0.000000],[0.792222,0.140109,0.000000,0.010257,0.057412,0.000000],[0.777764,0.153900,0.000000,0.010395,0.057941,0.000000],[0.145796,0.168107,0.000000,0.012048,0.674049,0.000000],[0.786876,0.136698,0.000000,0.010349,0.066077,0.000000],[0.000000,0.000000,0.000000,0.000000,0.000000,1.000000],[0.000000,0.000000,0.000000,0.000000,0.000000,1.000000],[0.815723,0.116201,0.000000,0.009274,0.058802,0.000000],[0.794571,0.131731,0.000000,0.010271,0.063426,0.000000],[0.777808,0.144452,0.000000,0.011080,0.066661,0.000000],[0.521031,0.201556,0.000000,0.015702,0.261710,0.000000],[0.752814,0.165514,0.000000,0.011954,0.069718,0.000000],[0.134275,0.156481,0.000000,0.011995,0.697249,0.000000],[0.776956,0.149175,0.000000,0.010806,0.063062,0.000000],[0.787752,0.125613,0.016073,0.010090,0.060471,0.000000],[0.804518,0.112254,0.017252,0.009455,0.056520,0.000000],[1.000000,0.000000,0.000000,0.000000,0.000000,0.000000],[0.765635,0.142515,0.016468,0.010609,0.064774,0.000000],[0.147053,0.171601,0.000000,0.012364,0.668983,0.000000],[0.769660,0.152580,0.000000,0.011404,0.066356,0.000000],[0.781028,0.147079,0.000000,0.010772,0.061121,0.000000],[0.130068,0.155730,0.000000,0.011576,0.702627,0.000000],[0.147041,0.171971,0.000000,0.012448,0.668540,0.000000],[0.514774,0.211606,0.000000,0.015871,0.257749,0.000000],[0.770857,0.145523,0.000000,0.011690,0.071930,0.000000],[0.786357,0.135257,0.000000,0.011092,0.067293,0.000000],[0.789108,0.133308,0.000000,0.010952,0.066631,0.000000],[0.788404,0.136024,0.000000,0.010745,0.064827,0.000000],[0.135434,0.135592,0.000000,0.011262,0.717712,0.000000],[0.800397,0.128991,0.000000,0.010118,0.060493,0.000000],[0.803362,0.117126,0.013972,0.009440,0.056101,0.000000],[0.122308,0.112619,0.018072,0.009863,0.737139,0.000000],[1.000000,0.000000,0.000000,0.000000,0.000000,0.000000],[1.000000,0.000000,0.000000,0.000000,0.000000,0.000000],[1.000000,0.000000,0.000000,0.000000,0.000000,0.000000]],
  [[1.000000,0.000000,0.000000,0.000000,0.000000,0.000000],[0.857029,0.071746,0.015222,0.007078,0.048924,0.000000],[0.841633,0.096487,0.000000,0.008107,0.053774,0.000000],[0.167542,0.105355,0.000000,0.009539,0.717563,0.000000],[0.833681,0.101259,0.000000,0.008684,0.056375,0.000000],[0.820670,0.110963,0.000000,0.009494,0.058873,0.000000],[0.800314,0.130180,0.000000,0.010296,0.059211,0.000000],[0.130552,0.145267,0.000000,0.011212,0.712969,0.000000],[0.131024,0.145086,0.000000,0.011054,0.712836,0.000000],[0.819336,0.114982,0.000000,0.008936,0.056746,0.000000],[0.000000,0.000000,0.000000,0.000000,0.000000,1.000000],[0.000000,0.000000,0.000000,0.000000,0.000000,1.000000],[0.828449,0.105508,0.000000,0.008663,0.057380,0.000000],[0.134792,0.128835,0.000000,0.010786,0.725586,0.000000],[0.768077,0.149559,0.000000,0.011539,0.070824,0.000000],[0.753342,0.156319,0.000000,0.012562,0.077778,0.000000],[0.727531,0.180485,0.000000,0.013096,0.078887,0.000000],[0.155881,0.177320,0.000000,0.013559,0.653240,0.000000],[0.731790,0.150887,0.037278,0.011599,0.068445,0.000000],[0.759293,0.134313,0.025866,0.011187,0.069340,0.000000],[1.000000,0.000000,0.000000,0.000000,0.000000,0.000000],[0.743187,0.143866,0.034164,0.011197,0.067586,0.000000],[0.143455,0.158625,0.014426,0.012213,0.671281,0.000000],[0.514156,0.214258,0.000000,0.015955,0.255631,0.000000],[0.770192,0.150057,0.000000,0.011635,0.068116,0.000000],[0.786039,0.139184,0.000000,0.011008,0.063769,0.000000],[0.784518,0.142297,0.000000,0.010845,0.062340,0.000000],[0.771290,0.151236,0.000000,0.011284,0.066190,0.000000],[0.767582,0.150234,0.000000,0.011616,0.070568,0.000000],[0.759601,0.152330,0.000000,0.012032,0.076038,0.000000],[0.774550,0.142728,0.000000,0.011477,0.071244,0.000000],[0.779748,0.142728,0.000000,0.011061,0.066462,0.000000],[0.790314,0.138137,0.000000,0.010486,0.061063,0.000000],[0.797299,0.134177,0.000000,0.010203,0.058321,0.000000],[0.803832,0.127585,0.000000,0.010059,0.058525,0.000000],[0.807897,0.124849,0.000000,0.009786,0.057468,0.000000],[0.810337,0.113342,0.013792,0.009162,0.053367,0.000000],[0.839786,0.088232,0.014038,0.007821,0.050122,0.000000],[0.868308,0.050779,0.028424,0.006097,0.046392,0.000000],[1.000000,0.000000,0.000000,0.000000,0.000000,0.000000]],
  [[1.000000,0.000000,0.000000,0.000000,0.000000,0.000000],[0.166619,0.066005,0.015694,0.007588,0.744094,0.000000],[0.856569,0.080722,0.000000,0.007720,0.054989,0.000000],[0.849854,0.084396,0.000000,0.008229,0.057521,0.000000],[0.168309,0.101433,0.000000,0.009571,0.720686,0.000000],[0.822061,0.109917,0.000000,0.009410,0.058612,0.000000],[0.803455,0.127689,0.000000,0.010119,0.058737,0.000000],[0.801172,0.131333,0.000000,0.009980,0.057516,0.000000],[0.807812,0.129040,0.000000,0.009249,0.053899,0.000000],[0.830133,0.108738,0.000000,0.008385,0.052744,0.000000],[0.000000,0.000000,0.000000,0.000000,0.000000,1.000000],[0.000000,0.000000,0.000000,0.000000,0.000000,1.000000],[0.000000,0.000000,0.000000,0.000000,0.000000,1.000000],[0.788933,0.134905,0.000000,0.010299,0.065863,0.000000],[0.767433,0.153914,0.000000,0.011172,0.067482,0.000000],[0.755359,0.159054,0.000000,0.012007,0.073580,0.000000],[0.745363,0.171298,0.000000,0.012030,0.071309,0.000000],[0.442189,0.177032,0.143263,0.014323,0.223193,0.000000],[0.738866,0.148972,0.034713,0.011140,0.066309,0.000000],[1.000000,0.000000,0.000000,0.000000,0.000000,0.000000],[0.441490,0.177926,0.144903,0.014255,0.221427,0.000000],[0.142404,0.173329,0.014850,0.012709,0.656708,0.000000],[0.749005,0.171669,0.000000,0.011830,0.067496,0.000000],[0.762776,0.160363,0.000000,0.011474,0.065387,0.000000],[0.769890,0.152408,0.000000,0.011387,0.066315,0.000000],[0.786338,0.140906,0.000000,0.010747,0.062010,0.000000],[0.792071,0.134584,0.000000,0.010673,0.062672,0.000000],[0.794532,0.130720,0.000000,0.010755,0.063992,0.000000],[0.788194,0.133958,0.000000,0.010985,0.066862,0.000000],[0.775708,0.141816,0.000000,0.011415,0.071061,0.000000],[0.533721,0.184999,0.000000,0.015025,0.266256,0.000000],[0.776568,0.147494,0.000000,0.010975,0.064963,0.000000],[0.133066,0.141556,0.000000,0.011337,0.714041,0.000000],[0.794300,0.138496,0.000000,0.010134,0.057070,0.000000],[0.820518,0.111023,0.000000,0.009499,0.058961,0.000000],[0.824489,0.108326,0.000000,0.009234,0.057951,0.000000],[0.830331,0.102435,0.000000,0.009060,0.058174,0.000000],[0.838980,0.097010,0.000000,0.008457,0.055553,0.000000],[0.863150,0.063332,0.018861,0.006659,0.047998,0.000000],[1.000000,0.000000,0.000000,0.000000,0.000000,0.000000]],
  [[1.000000,0.000000,0.000000,0.000000,0.000000,0.000000],[0.878085,0.058150,0.009935,0.006274,0.047557,0.000000],[0.866842,0.072031,0.000000,0.007249,0.053878,0.000000],[0.849631,0.084472,0.000000,0.008246,0.057650,0.000000],[0.837520,0.094942,0.000000,0.008828,0.058710,0.000000],[0.822456,0.109615,0.000000,0.009381,0.058548,0.000000],[0.824928,0.105978,0.000000,0.009436,0.059658,0.000000],[0.827625,0.104190,0.000000,0.009238,0.058947,0.000000],[0.834332,0.101874,0.000000,0.008541,0.055253,0.000000],[0.144653,0.095029,0.000000,0.008737,0.751581,0.000000],[0.000000,0.000000,0.000000,0.000000,0.000000,1.000000],[0.000000,0.000000,0.000000,0.000000,0.000000,1.000000],[0.827618,0.084178,0.031425,0.007531,0.049248,0.000000],[0.800661,0.121270,0.009139,0.009361,0.059569,0.000000],[0.474797,0.156082,0.123495,0.013615,0.232011,0.000000],[0.148330,0.139693,0.012894,0.011617,0.687466,0.000000],[0.775363,0.136871,0.010405,0.010643,0.066718,0.000000],[0.145474,0.139287,0.010812,0.011333,0.693094,0.000000],[1.000000,0.000000,0.000000,0.000000,0.000000,0.000000],[0.139348,0.159330,0.013892,0.011917,0.675514,0.000000],[0.722915,0.163152,0.040982,0.011223,0.061729,0.000000],[0.149405,0.185767,0.000000,0.013292,0.651536,0.000000],[0.130983,0.160269,0.000000,0.011943,0.696805,0.000000],[0.777118,0.150334,0.000000,0.010993,0.061555,0.000000],[0.130778,0.148008,0.000000,0.011434,0.709781,0.000000],[0.132427,0.140546,0.000000,0.011308,0.715718,0.000000],[0.799408,0.130736,0.000000,0.010350,0.059506,0.000000],[0.802681,0.126225,0.000000,0.010392,0.060701,0.000000],[0.797680,0.128444,0.000000,0.010572,0.063304,0.000000],[0.785067,0.136511,0.000000,0.011030,0.067393,0.000000],[0.782784,0.138456,0.000000,0.011148,0.067612,0.000000],[0.777599,0.146740,0.000000,0.010940,0.064721,0.000000],[0.132904,0.141887,0.000000,0.011371,0.713838,0.000000],[0.792594,0.139904,0.000000,0.010231,0.057271,0.000000],[0.151875,0.119679,0.000000,0.010381,0.718064,0.000000],[0.835994,0.097874,0.000000,0.008733,0.057399,0.000000],[0.840147,0.093008,0.000000,0.008653,0.058192,0.000000],[0.850301,0.085046,0.000000,0.008116,0.056537,0.000000],[0.860880,0.064495,0.019030,0.006818,0.048777,0.000000],[1.000000,0.000000,0.000000,0.000000,0.000000,0.000000]],
  [[1.000000,0.000000,0.000000,0.000000,0.000000,0.000000],[0.166994,0.073392,0.013507,0.007661,0.738447,0.000000],[0.183295,0.091577,0.000000,0.008882,0.716247,0.000000],[0.849082,0.084929,0.000000,0.008281,0.057708,0.000000],[0.837291,0.095120,0.000000,0.008842,0.058746,0.000000],[0.837080,0.097049,0.000000,0.008661,0.057209,0.000000],[0.837625,0.096618,0.000000,0.008619,0.057137,0.000000],[0.841447,0.094279,0.000000,0.008335,0.055939,0.000000],[0.852400,0.086615,0.000000,0.007644,0.053341,0.000000],[0.866644,0.075437,0.000000,0.006869,0.051050,0.000000],[0.000000,0.000000,0.000000,0.000000,0.000000,1.000000],[0.842721,0.063544,0.042320,0.006652,0.044762,0.000000],[0.113084,0.077149,0.043221,0.008025,0.758522,0.000000],[1.000000,0.000000,0.000000,0.000000,0.000000,0.000000],[0.805292,0.115894,0.007768,0.009476,0.061570,0.000000],[1.000000,0.000000,0.000000,0.000000,0.000000,0.000000],[1.000000,0.000000,0.000000,0.000000,0.000000,0.000000],[1.000000,0.000000,0.000000,0.000000,0.000000,0.000000],[0.116024,0.141008,0.015060,0.010164,0.717743,0.000000],[0.118661,0.147694,0.015930,0.010862,0.706853,0.000000],[0.130169,0.159437,0.000000,0.011796,0.698598,0.000000],[0.776140,0.151212,0.000000,0.011063,0.061585,0.000000],[0.774696,0.153693,0.000000,0.010930,0.060681,0.000000],[0.127664,0.151463,0.000000,0.011284,0.709589,0.000000],[0.788519,0.144952,0.000000,0.010218,0.056311,0.000000],[0.793558,0.139153,0.000000,0.010191,0.057098,0.000000],[0.795305,0.137797,0.000000,0.010086,0.056813,0.000000],[0.798569,0.133375,0.000000,0.010142,0.057915,0.000000],[0.796691,0.131360,0.000000,0.010402,0.061547,0.000000],[0.797880,0.128450,0.000000,0.010576,0.063095,0.000000],[0.793054,0.134145,0.000000,0.010598,0.062204,0.000000],[0.787241,0.142621,0.000000,0.010426,0.059713,0.000000],[0.787025,0.142862,0.000000,0.010451,0.059662,0.000000],[0.789242,0.144441,0.000000,0.010169,0.056148,0.000000],[0.811181,0.123686,0.000000,0.009389,0.055744,0.000000],[0.166853,0.109752,0.000000,0.009562,0.713833,0.000000],[0.850191,0.084072,0.000000,0.008214,0.057523,0.000000],[0.860806,0.074490,0.000000,0.007761,0.056943,0.000000],[0.871848,0.057099,0.015309,0.006535,0.049210,0.000000],[1.000000,0.000000,0.000000,0.000000,0.000000,0.000000]],
  [[1.000000,0.000000,0.000000,0.000000,0.000000,0.000000],[0.851090,0.082552,0.012218,0.007077,0.047063,0.000000],[0.167044,0.110547,0.000000,0.009412,0.712997,0.000000],[0.832301,0.102304,0.000000,0.008763,0.056632,0.000000],[0.838187,0.094744,0.000000,0.008768,0.058301,0.000000],[0.168185,0.101180,0.000000,0.009506,0.721128,0.000000],[0.168096,0.100895,0.000000,0.009440,0.721569,0.000000],[0.845003,0.092388,0.000000,0.008065,0.054544,0.000000],[0.156423,0.082299,0.014240,0.008357,0.738682,0.000000],[0.000000,0.000000,0.000000,0.000000,0.000000,1.000000],[0.000000,0.000000,0.000000,0.000000,0.000000,1.000000],[1.000000,0.000000,0.000000,0.000000,0.000000,0.000000],[1.000000,0.000000,0.000000,0.000000,0.000000,0.000000],[1.000000,0.000000,0.000000,0.000000,0.000000,0.000000],[1.000000,0.000000,0.000000,0.000000,0.000000,0.000000],[0.811179,0.105203,0.020119,0.008966,0.054533,0.000000],[0.806376,0.110915,0.019415,0.009074,0.054220,0.000000],[0.117636,0.129104,0.016523,0.009957,0.726780,0.000000],[0.119305,0.137544,0.015940,0.010413,0.716798,0.000000],[0.789196,0.144889,0.000000,0.010113,0.055802,0.000000],[0.790702,0.141475,0.000000,0.010343,0.057480,0.000000],[0.791661,0.138562,0.000000,0.010576,0.059201,0.000000],[0.790124,0.141765,0.000000,0.010396,0.057714,0.000000],[0.131991,0.140632,0.000000,0.011302,0.716075,0.000000],[0.815620,0.116567,0.000000,0.009593,0.058220,0.000000],[0.818464,0.112707,0.000000,0.009632,0.059197,0.000000],[0.151732,0.119365,0.000000,0.010361,0.718542,0.000000],[0.129367,0.143104,0.000000,0.011044,0.716485,0.000000],[0.797831,0.134032,0.000000,0.010192,0.057945,0.000000],[0.796884,0.134607,0.000000,0.010253,0.058256,0.000000],[0.795495,0.135769,0.000000,0.010327,0.058409,0.000000],[0.129758,0.144954,0.000000,0.011192,0.714096,0.000000],[0.132078,0.140837,0.000000,0.011313,0.715772,0.000000],[0.793616,0.137291,0.000000,0.010446,0.058647,0.000000],[0.150747,0.125439,0.000000,0.010458,0.713356,0.000000],[0.168812,0.107772,0.000000,0.009760,0.713656,0.000000],[0.846142,0.088575,0.000000,0.008313,0.056970,0.000000],[0.855683,0.081339,0.000000,0.007782,0.055196,0.000000],[0.879342,0.055575,0.010569,0.006289,0.048225,0.000000],[1.000000,0.000000,0.000000,0.000000,0.000000,0.000000]],
  [[1.000000,0.000000,0.000000,0.000000,0.000000,0.000000],[0.852705,0.079557,0.012744,0.007126,0.047868,0.000000],[0.148441,0.128159,0.000000,0.010055,0.713346,0.000000],[0.814156,0.119526,0.000000,0.009430,0.056888,0.000000],[0.818740,0.114380,0.000000,0.009372,0.057509,0.000000],[0.824677,0.109161,0.000000,0.009086,0.057076,0.000000],[0.825565,0.110345,0.000000,0.008798,0.055291,0.000000],[0.834801,0.103454,0.000000,0.008261,0.053484,0.000000],[0.842568,0.075499,0.027419,0.007110,0.047403,0.000000],[1.000000,0.000000,0.000000,0.000000,0.000000,0.000000],[1.000000,0.000000,0.000000,0.000000,0.000000,0.000000],[1.000000,0.000000,0.000000,0.000000,0.000000,0.000000],[0.823193,0.093367,0.027491,0.007876,0.048073,0.000000],[0.119718,0.106189,0.022128,0.009480,0.742486,0.000000],[0.815728,0.110474,0.014551,0.008617,0.050631,0.000000],[0.813974,0.113992,0.012802,0.008638,0.050594,0.000000],[0.129329,0.142044,0.000000,0.010670,0.717957,0.000000],[0.802866,0.135223,0.000000,0.009242,0.052669,0.000000],[0.820631,0.115531,0.000000,0.008964,0.054873,0.000000],[0.819413,0.114210,0.000000,0.009307,0.057070,0.000000],[0.818596,0.112425,0.000000,0.009639,0.059340,0.000000],[0.153172,0.115033,0.000000,0.010419,0.721377,0.000000],[0.814782,0.118946,0.000000,0.009428,0.056845,0.000000],[0.816808,0.115726,0.000000,0.009523,0.057944,0.000000],[0.815116,0.118663,0.000000,0.009411,0.056810,0.000000],[0.833572,0.099476,0.000000,0.008909,0.058043,0.000000],[0.814779,0.119014,0.000000,0.009422,0.056784,0.000000],[0.814160,0.119532,0.000000,0.009452,0.056856,0.000000],[0.151891,0.119968,0.000000,0.010432,0.717708,0.000000],[0.814040,0.117711,0.000000,0.009693,0.058555,0.000000],[0.150700,0.125322,0.000000,0.010474,0.713504,0.000000],[0.809245,0.125077,0.000000,0.009524,0.056154,0.000000],[0.811263,0.121574,0.000000,0.009644,0.057519,0.000000],[0.811398,0.121421,0.000000,0.009636,0.057545,0.000000],[0.809847,0.124629,0.000000,0.009487,0.056037,0.000000],[0.827832,0.107322,0.000000,0.008863,0.055983,0.000000],[0.828206,0.106998,0.000000,0.008827,0.055969,0.000000],[0.183237,0.095533,0.000000,0.008881,0.712350,0.000000],[0.179672,0.065902,0.011179,0.007216,0.736031,0.000000],[1.000000,0.000000,0.000000,0.000000,0.000000,0.000000]],
  [[1.000000,0.000000,0.000000,0.000000,0.000000,0.000000],[0.152582,0.080823,0.017003,0.008102,0.741489,0.000000],[0.823598,0.113564,0.000000,0.008776,0.054062,0.000000],[0.129581,0.144168,0.000000,0.011130,0.715121,0.000000],[0.794314,0.138738,0.000000,0.010113,0.056835,0.000000],[0.803057,0.129170,0.000000,0.009958,0.057815,0.000000],[0.000000,0.000000,0.000000,0.000000,0.000000,1.000000],[0.130872,0.117949,0.000000,0.010052,0.741127,0.000000],[0.000000,0.000000,0.000000,0.000000,0.000000,1.000000],[1.000000,0.000000,0.000000,0.000000,0.000000,0.000000],[1.000000,0.000000,0.000000,0.000000,0.000000,0.000000],[0.115026,0.122191,0.019106,0.009455,0.734222,0.000000],[0.791819,0.132731,0.015496,0.008927,0.051027,0.000000],[0.798548,0.135254,0.000000,0.009611,0.056588,0.000000],[0.805465,0.128862,0.000000,0.009321,0.056351,0.000000],[0.129236,0.123698,0.000000,0.010042,0.737024,0.000000],[0.820168,0.114109,0.000000,0.008917,0.056807,0.000000],[0.818421,0.117612,0.000000,0.009062,0.054906,0.000000],[0.148774,0.111585,0.000000,0.009756,0.729884,0.000000],[0.820417,0.113129,0.000000,0.009263,0.057191,0.000000],[0.818204,0.114521,0.000000,0.009433,0.057842,0.000000],[0.819545,0.111781,0.000000,0.009574,0.059100,0.000000],[0.817072,0.115425,0.000000,0.009508,0.057994,0.000000],[0.153531,0.115979,0.000000,0.010478,0.720012,0.000000],[0.816058,0.116253,0.000000,0.009568,0.058120,0.000000],[0.170459,0.100015,0.000000,0.009832,0.719694,0.000000],[0.831851,0.100723,0.000000,0.009023,0.058402,0.000000],[0.813761,0.117965,0.000000,0.009713,0.058562,0.000000],[0.810239,0.122362,0.000000,0.009710,0.057688,0.000000],[0.805801,0.127540,0.000000,0.009742,0.056918,0.000000],[0.803062,0.131560,0.000000,0.009666,0.055711,0.000000],[0.149632,0.131274,0.000000,0.010567,0.708526,0.000000],[0.811119,0.119892,0.000000,0.009891,0.059098,0.000000],[0.811987,0.119200,0.000000,0.009830,0.058983,0.000000],[0.150738,0.125486,0.000000,0.010484,0.713293,0.000000],[0.150815,0.125631,0.000000,0.010477,0.713077,0.000000],[0.829774,0.104158,0.000000,0.008928,0.057140,0.000000],[0.183260,0.095570,0.000000,0.008885,0.712284,0.000000],[0.179695,0.065929,0.011164,0.007219,0.735993,0.000000],[1.000000,0.000000,0.000000,0.000000,0.000000,0.000000]],
  [[1.000000,0.000000,0.000000,0.000000,0.000000,0.000000],[0.857463,0.070964,0.015812,0.007027,0.048734,0.000000],[0.827262,0.108899,0.000000,0.008784,0.055055,0.000000],[0.793519,0.139134,0.000000,0.010177,0.057170,0.000000],[0.126002,0.156518,0.000000,0.011149,0.706332,0.000000],[0.127664,0.145343,0.000000,0.010928,0.716064,0.000000],[0.795382,0.135484,0.000000,0.010003,0.059131,0.000000],[0.812292,0.118461,0.000000,0.009544,0.059702,0.000000],[0.811574,0.109138,0.015884,0.008987,0.054417,0.000000],[0.818388,0.102130,0.019624,0.008646,0.051213,0.000000],[0.139351,0.106818,0.014695,0.009191,0.729945,0.000000],[0.119445,0.138866,0.015852,0.010374,0.715462,0.000000],[0.127231,0.160483,0.000000,0.011289,0.700997,0.000000],[0.149963,0.164444,0.000000,0.012201,0.673392,0.000000],[0.792893,0.136083,0.000000,0.009864,0.061160,0.000000],[0.000000,0.000000,0.000000,0.000000,0.000000,1.000000],[0.000000,0.000000,0.000000,0.000000,0.000000,1.000000],[0.000000,0.000000,0.000000,0.000000,0.000000,1.000000],[0.813565,0.121730,0.000000,0.009284,0.055421,0.000000],[0.131728,0.137245,0.000000,0.010978,0.720048,0.000000],[0.796516,0.134850,0.000000,0.010266,0.058368,0.000000],[0.797485,0.132292,0.000000,0.010473,0.059750,0.000000],[0.792041,0.140253,0.000000,0.010289,0.057417,0.000000],[0.791348,0.140904,0.000000,0.010321,0.057427,0.000000],[0.808164,0.127591,0.000000,0.009365,0.054880,0.000000],[0.829144,0.104511,0.000000,0.008996,0.057349,0.000000],[0.826873,0.107880,0.000000,0.008944,0.056303,0.000000],[0.151197,0.126815,0.000000,0.010598,0.711390,0.000000],[0.780449,0.153263,0.000000,0.010425,0.055863,0.000000],[0.128105,0.155544,0.000000,0.011590,0.704762,0.000000],[0.123512,0.165974,0.000000,0.011471,0.699043,0.000000],[0.125863,0.161008,0.000000,0.011552,0.701577,0.000000],[0.780667,0.150953,0.000000,0.010697,0.057684,0.000000],[0.786631,0.144374,0.000000,0.010622,0.058374,0.000000],[0.127350,0.150372,0.000000,0.011205,0.711073,0.000000],[0.809762,0.124662,0.000000,0.009492,0.056084,0.000000],[0.830718,0.103284,0.000000,0.008885,0.057113,0.000000],[0.855041,0.081756,0.000000,0.007832,0.055371,0.000000],[0.878784,0.056036,0.010386,0.006337,0.048457,0.000000],[1.000000,0.000000,0.000000,0.000000,0.000000,0.000000]],
  [[1.000000,0.000000,0.000000,0.000000,0.000000,0.000000],[0.859420,0.066806,0.017468,0.006979,0.049327,0.000000],[0.832664,0.101261,0.000000,0.008884,0.057191,0.000000],[0.796625,0.134747,0.000000,0.010254,0.058374,0.000000],[0.126925,0.158601,0.000000,0.011284,0.703190,0.000000],[0.143674,0.175966,0.000000,0.012199,0.668161,0.000000],[0.772762,0.152870,0.000000,0.010869,0.063499,0.000000],[0.788675,0.134471,0.000000,0.010731,0.066124,0.000000],[0.806507,0.122656,0.000000,0.009967,0.060871,0.000000],[0.804600,0.129294,0.000000,0.009721,0.056384,0.000000],[0.819260,0.116330,0.000000,0.009070,0.055341,0.000000],[0.790644,0.143887,0.000000,0.010006,0.055464,0.000000],[0.778837,0.151199,0.000000,0.010576,0.059388,0.000000],[0.148018,0.171705,0.000000,0.012287,0.667990,0.000000],[0.529842,0.195523,0.000000,0.014520,0.260115,0.000000],[0.000000,0.000000,0.000000,0.000000,0.000000,1.000000],[0.000000,0.000000,0.000000,0.000000,0.000000,1.000000],[0.837220,0.098810,0.000000,0.008481,0.055489,0.000000],[0.810896,0.120191,0.000000,0.009559,0.059353,0.000000],[0.795606,0.132228,0.000000,0.010402,0.061764,0.000000],[0.783316,0.145325,0.000000,0.010639,0.060719,0.000000],[0.131411,0.149126,0.000000,0.011541,0.707922,0.000000],[0.779415,0.150513,0.000000,0.010634,0.059438,0.000000],[0.130039,0.147705,0.000000,0.011403,0.710852,0.000000],[0.150938,0.126089,0.000000,0.010536,0.712437,0.000000],[0.169463,0.109021,0.000000,0.009892,0.711624,0.000000],[0.823705,0.112188,0.000000,0.008924,0.055183,0.000000],[0.148294,0.136545,0.000000,0.010543,0.704618,0.000000],[0.123165,0.163761,0.000000,0.011302,0.701772,0.000000],[0.126842,0.162272,0.000000,0.011684,0.699202,0.000000],[0.758054,0.173114,0.000000,0.010988,0.057845,0.000000],[0.124049,0.177953,0.000000,0.011899,0.686099,0.000000],[0.127986,0.165075,0.000000,0.011907,0.695033,0.000000],[0.776028,0.150800,0.000000,0.011122,0.062050,0.000000],[0.789557,0.140327,0.000000,0.010690,0.059426,0.000000],[0.150692,0.125234,0.000000,0.010466,0.713608,0.000000],[0.832844,0.100003,0.000000,0.008942,0.058211,0.000000],[0.857229,0.078503,0.000000,0.007856,0.056413,0.000000],[0.880948,0.050861,0.012044,0.006333,0.049814,0.000000],[1.000000,0.000000,0.000000,0.000000,0.000000,0.000000]],
  [[1.000000,0.000000,0.000000,0.000000,0.000000,0.000000],[0.858591,0.069149,0.017068,0.006898,0.048294,0.000000],[0.831558,0.103883,0.000000,0.008732,0.055827,0.000000],[0.801043,0.129369,0.000000,0.010252,0.059335,0.000000],[0.783781,0.145087,0.000000,0.010618,0.060514,0.000000],[0.149970,0.166412,0.000000,0.012504,0.671113,0.000000],[0.516567,0.210714,0.000000,0.015795,0.256924,0.000000],[0.780396,0.140140,0.000000,0.011273,0.068191,0.000000],[0.797481,0.128638,0.000000,0.010580,0.063301,0.000000],[0.801851,0.128816,0.000000,0.010205,0.059128,0.000000],[0.153188,0.114813,0.000000,0.010390,0.721609,0.000000],[0.793582,0.137044,0.000000,0.010440,0.058934,0.000000],[0.784159,0.142685,0.000000,0.010855,0.062302,0.000000],[0.773556,0.152455,0.000000,0.010799,0.063190,0.000000],[0.146781,0.146280,0.000000,0.011117,0.695822,0.000000],[0.000000,0.000000,0.000000,0.000000,0.000000,1.000000],[0.000000,0.000000,0.000000,0.000000,0.000000,1.000000],[0.830629,0.105156,0.000000,0.008729,0.055486,0.000000],[0.805876,0.124811,0.000000,0.009757,0.059555,0.000000],[0.778781,0.143617,0.000000,0.011079,0.066522,0.000000],[0.764379,0.158942,0.000000,0.011382,0.065297,0.000000],[0.146734,0.172833,0.000000,0.012523,0.667909,0.000000],[0.124426,0.165261,0.000000,0.011391,0.698921,0.000000],[0.781833,0.152234,0.000000,0.010319,0.055614,0.000000],[0.807857,0.126102,0.000000,0.009611,0.056430,0.000000],[0.825915,0.108642,0.000000,0.008999,0.056443,0.000000],[0.167293,0.116213,0.000000,0.009772,0.706722,0.000000],[0.148082,0.135849,0.000000,0.010511,0.705558,0.000000],[0.781211,0.150683,0.000000,0.010650,0.057456,0.000000],[0.772967,0.153293,0.000000,0.011285,0.062455,0.000000],[0.148745,0.180193,0.000000,0.013130,0.657932,0.000000],[0.144808,0.196449,0.000000,0.013265,0.645478,0.000000],[0.143691,0.192811,0.000000,0.013034,0.650464,0.000000],[0.767717,0.161255,0.000000,0.011035,0.059993,0.000000],[0.786362,0.144615,0.000000,0.010614,0.058408,0.000000],[0.810081,0.124435,0.000000,0.009465,0.056019,0.000000],[0.166932,0.109850,0.000000,0.009565,0.713652,0.000000],[0.855461,0.083078,0.000000,0.007648,0.053813,0.000000],[0.880677,0.052750,0.011502,0.006271,0.048799,0.000000],[1.000000,0.000000,0.000000,0.000000,0.000000,0.000000]],
