[
  [[1.000000,0.000000,0.000000,0.000000,0.000000,0.000000],[1.000000,0.000000,0.000000,0.000000,0.000000,0.000000],[1.000000,0.000000,0.000000,0.000000,0.000000,0.000000],[1.000000,0.000000,0.000000,0.000000,0.000000,0.000000],[1.000000,0.000000,0.000000,0.000000,0.000000,0.000000],[1.000000,0.000000,0.000000,0.000000,0.000000,0.000000],[1.000000,0.000000,0.000000,0.000000,0.000000,0.000000],[1.000000,0.000000,0.000000,0.000000,0.000000,0.000000],[1.000000,0.000000,0.000000,0.000000,0.000000,0.000000],[1.000000,0.000000,0.000000,0.000000,0.000000,0.000000],[1.000000,0.000000,0.000000,0.000000,0.000000,0.000000],[1.000000,0.000000,0.000000,0.000000,0.000000,0.000000],[1.000000,0.000000,0.000000,0.000000,0.000000,0.000000],[1.000000,0.000000,0.000000,0.000000,0.000000,0.000000],[1.000000,0.000000,0.000000,0.000000,0.000000,0.000000],[1.000000,0.000000,0.000000,0.000000,0.000000,0.000000],[1.000000,0.000000,0.000000,0.000000,0.000000,0.000000],[1.000000,0.000000,0.000000,0.000000,0.000000,0.000000],[1.000000,0.000000,0.000000,0.000000,0.000000,0.000000],[1.000000,0.000000,0.000000,0.000000,0.000000,0.000000],[1.000000,0.000000,0.000000,0.000000,0.000000,0.000000],[1.000000,0.000000,0.000000,0.000000,0.000000,0.000000],[1.000000,0.000000,0.000000,0.000000,0.000000,0.000000],[1.000000,0.000000,0.000000,0.000000,0.000000,0.000000],[1.000000,0.000000,0.000000,0.000000,0.000000,0.000000],[1.000000,0.000000,0.000000,0.000000,0.000000,0.000000],[1.000000,0.000000,0.000000,0.000000,0.000000,0.000000],[1.000000,0.000000,0.000000,0.000000,0.000000,0.000000],[1.000000,0.000000,0.000000,0.000000,0.000000,0.000000],[1.000000,0.000000,0.000000,0.000000,0.000000,0.000000],[1.000000,0.000000,0.000000,0.000000,0.000000,0.000000],[1.000000,0.000000,0.000000,0.000000,0.000000,0.000000],[1.000000,0.000000,0.000000,0.000000,0.000000,0.000000],[1.000000,0.000000,0.000000,0.000000,0.000000,0.000000],[1.000000,0.000000,0.000000,0.000000,0.000000,0.000000],[1.000000,0.000000,0.000000,0.000000,0.000000,0.000000],[1.000000,0.000000,0.000000,0.000000,0.000000,0.000000],[1.000000,0.000000,0.000000,0.000000,0.000000,0.000000],[1.000000,0.000000,0.000000,0.000000,0.000000,0.000000],[1.000000,0.000000,0.000000,0.000000,0.000000,0.000000]],
  [[1.000000,0.000000,0.000000,0.000000,0.000000,0.000000],[0.888290,0.044155,0.019241,0.006673,0.041640,0.000000],[0.186624,0.068780,0.011297,0.009298,0.724001,0.000000],[0.188101,0.072658,0.010394,0.009475,0.719372,0.000000],[0.189071,0.073540,0.010154,0.009573,0.717662,0.000000],[0.189058,0.073460,0.010170,0.009579,0.717732,0.000000],[0.862190,0.073511,0.009970,0.008587,0.045742,0.000000],[0.158916,0.085331,0.016257,0.010656,0.728841,0.000000],[0.839439,0.088300,0.016311,0.009571,0.046378,0.000000],[0.824645,0.098376,0.019561,0.010305,0.047113,0.000000],[0.819592,0.100549,0.019807,0.010537,0.049515,0.000000],[0.818953,0.102337,0.017884,0.010669,0.050157,0.000000],[0.819158,0.102792,0.017144,0.010677,0.050229,0.000000],[0.819310,0.101926,0.018095,0.010634,0.050035,0.000000],[0.819246,0.101006,0.019597,0.010559,0.049592,0.000000],[0.121586,0.114098,0.022646,0.012113,0.729557,0.000000],[0.120316,0.120510,0.020833,0.012195,0.726146,0.000000],[0.810834,0.113715,0.015439,0.010785,0.049227,0.000000],[0.800905,0.124502,0.008313,0.011419,0.054861,0.000000],[0.148886,0.134546,0.009507,0.013575,0.693487,0.000000],[0.809177,0.114712,0.007824,0.011430,0.056857,0.000000],[0.815492,0.106899,0.017570,0.010645,0.049394,0.000000],[0.120406,0.120231,0.020884,0.012158,0.726321,0.000000],[0.118142,0.124048,0.020901,0.012048,0.724862,0.000000],[0.821741,0.103340,0.018029,0.010304,0.046586,0.000000],[0.825340,0.096864,0.020672,0.010201,0.046924,0.000000],[0.828270,0.091489,0.022700,0.010127,0.047414,0.000000],[0.828106,0.091630,0.022693,0.010144,0.047427,0.000000],[0.825118,0.097726,0.019991,0.010235,0.046930,0.000000],[0.121442,0.113858,0.022968,0.012044,0.729689,0.000000],[0.118294,0.100176,0.033827,0.011244,0.736459,0.000000],[1.000000,0.000000,0.000000,0.000000,0.000000,0.000000],[0.838053,0.070357,0.037888,0.008917,0.044785,0.000000],[0.834122,0.080824,0.031658,0.009114,0.044282,0.000000],[0.121849,0.103058,0.028957,0.011616,0.734520,0.000000],[0.846775,0.078596,0.020195,0.009002,0.045432,0.000000],[0.861971,0.063934,0.019255,0.008459,0.046381,0.000000],[0.877466,0.052891,0.016903,0.007634,0.045106,0.000000],[0.884069,0.041887,0.024229,0.006866,0.042949,0.000000],[1.000000,0.000000,0.000000,0.000000,0.000000,0.000000]],
  [[1.000000,0.000000,0.000000,0.000000,0.000000,0.000000],[0.172735,0.075690,0.014251,0.009778,0.727546,0.000000],[0.189596,0.098956,0.000000,0.011317,0.700130,0.000000],[0.845276,0.095874,0.000000,0.009713,0.049136,0.000000],[0.191328,0.113349,0.000000,0.011674,0.683649,0.000000],[0.190982,0.117073,0.000000,0.011609,0.680335,0.000000],[0.191130,0.108740,0.000000,0.011693,0.688437,0.000000],[0.835775,0.101088,0.000000,0.010640,0.052497,0.000000],[0.822114,0.114785,0.000000,0.011115,0.051987,0.000000],[0.136113,0.142729,0.000000,0.014099,0.707058,0.000000],[0.800255,0.131709,0.000000,0.012285,0.055751,0.000000],[0.789145,0.136935,0.000000,0.013038,0.060881,0.000000],[0.159280,0.154516,0.000000,0.015467,0.670737,0.000000],[0.789932,0.136276,0.000000,0.012987,0.060805,0.000000],[0.803528,0.127371,0.000000,0.012352,0.056749,0.000000],[0.803020,0.133117,0.000000,0.011886,0.051977,0.000000],[0.795226,0.142977,0.000000,0.011775,0.050023,0.000000],[0.130692,0.164266,0.000000,0.014330,0.690712,0.000000],[0.151246,0.175930,0.000000,0.015579,0.657245,0.000000],[0.525603,0.209657,0.000000,0.019250,0.245489,0.000000],[0.786536,0.138907,0.000000,0.013199,0.061358,0.000000],[0.798204,0.133256,0.000000,0.012400,0.056140,0.000000],[0.134416,0.150374,0.000000,0.014179,0.701032,0.000000],[0.793426,0.141187,0.000000,0.012084,0.053304,0.000000],[0.137292,0.145633,0.000000,0.014253,0.702822,0.000000],[0.806298,0.127674,0.000000,0.011810,0.054218,0.000000],[0.811104,0.122114,0.000000,0.011791,0.054992,0.000000],[0.812860,0.123957,0.000000,0.011497,0.051686,0.000000],[0.808047,0.129606,0.000000,0.011503,0.050844,0.000000],[0.797024,0.138598,0.000000,0.011820,0.052559,0.000000],[0.798086,0.125961,0.013413,0.011484,0.051056,0.000000],[0.812059,0.110670,0.014413,0.011168,0.051690,0.000000],[1.000000,0.000000,0.000000,0.000000,0.000000,0.000000],[0.817589,0.104986,0.016384,0.010762,0.050278,0.000000],[0.820076,0.107344,0.013482,0.010678,0.048421,0.000000],[0.838060,0.099897,0.000000,0.010392,0.051652,0.000000],[0.852930,0.083620,0.000000,0.009965,0.053484,0.000000],[0.858207,0.080643,0.000000,0.009491,0.051659,0.000000],[0.865592,0.061538,0.019609,0.008126,0.045135,0.000000],[1.000000,0.000000,0.000000,0.000000,0.000000,0.000000]],
  [[1.000000,0.000000,0.000000,0.000000,0.000000,0.000000],[0.853949,0.078490,0.013366,0.008822,0.045373,0.000000],[0.840598,0.097814,0.000000,0.010223,0.051364,0.000000],[0.827876,0.109666,0.000000,0.010781,0.051677,0.000000],[0.173106,0.126274,0.000000,0.012601,0.688019,0.000000],[0.170065,0.139053,0.000000,0.012338,0.678544,0.000000],[0.172095,0.130562,0.000000,0.012530,0.684813,0.000000],[0.825174,0.111504,0.000000,0.011026,0.052297,0.000000],[0.810498,0.124273,0.000000,0.011803,0.053426,0.000000],[0.133881,0.148991,0.000000,0.014364,0.702763,0.000000],[0.785968,0.143491,0.000000,0.013100,0.057441,0.000000],[0.773610,0.149804,0.000000,0.013930,0.062657,0.000000],[0.522781,0.210279,0.000000,0.019670,0.247270,0.000000],[0.774904,0.148789,0.000000,0.013834,0.062473,0.000000],[0.792977,0.134198,0.000000,0.013259,0.059566,0.000000],[0.796520,0.134953,0.000000,0.012841,0.055686,0.000000],[0.133925,0.149984,0.000000,0.014478,0.701613,0.000000],[0.133215,0.159105,0.000000,0.014757,0.692923,0.000000],[0.763781,0.161739,0.000000,0.013926,0.060553,0.000000],[0.769305,0.153066,0.000000,0.014223,0.063406,0.000000],[0.775319,0.146044,0.000000,0.014155,0.064482,0.000000],[0.788899,0.136980,0.000000,0.013531,0.060590,0.000000],[0.789408,0.136770,0.000000,0.013494,0.060327,0.000000],[0.774223,0.149276,0.000000,0.013910,0.062591,0.000000],[0.778735,0.144288,0.000000,0.013862,0.063115,0.000000],[0.777435,0.135326,0.015199,0.012867,0.059174,0.000000],[0.128136,0.119678,0.017049,0.013075,0.722062,0.000000],[0.807064,0.115691,0.015145,0.011528,0.050573,0.000000],[0.127572,0.131201,0.016300,0.013447,0.711480,0.000000],[0.135460,0.152894,0.000000,0.014621,0.697025,0.000000],[0.775174,0.150507,0.000000,0.013663,0.060655,0.000000],[0.764930,0.132014,0.030610,0.012954,0.059492,0.000000],[0.804065,0.116123,0.008427,0.012076,0.059308,0.000000],[1.000000,0.000000,0.000000,0.000000,0.000000,0.000000],[0.821903,0.101222,0.016368,0.010869,0.049639,0.000000],[0.835337,0.099497,0.000000,0.010921,0.054246,0.000000],[0.831943,0.101287,0.000000,0.011238,0.055532,0.000000],[0.837975,0.097687,0.000000,0.010706,0.053631,0.000000],[0.847514,0.074705,0.022196,0.009083,0.046502,0.000000],[1.000000,0.000000,0.000000,0.000000,0.000000,0.000000]],
  [[1.000000,0.000000,0.000000,0.000000,0.000000,0.000000],[0.843429,0.082400,0.018292,0.009389,0.046490,0.000000],[0.157864,0.116841,0.000000,0.012963,0.712332,0.000000],[0.823833,0.112184,0.000000,0.011142,0.052841,0.000000],[0.149532,0.121162,0.000000,0.012437,0.716870,0.000000],[0.146627,0.130854,0.000000,0.012409,0.710111,0.000000],[0.150856,0.134125,0.000000,0.012993,0.702027,0.000000],[0.154504,0.135223,0.000000,0.013457,0.696816,0.000000],[0.155642,0.129048,0.000000,0.013462,0.701848,0.000000],[0.795176,0.136138,0.000000,0.012927,0.055760,0.000000],[0.788483,0.139571,0.000000,0.013276,0.058670,0.000000],[0.155791,0.161174,0.000000,0.015786,0.667249,0.000000],[0.772467,0.150866,0.000000,0.014001,0.062666,0.000000],[0.774668,0.149036,0.000000,0.013867,0.062430,0.000000],[0.139382,0.140524,0.000000,0.014675,0.705419,0.000000],[0.795514,0.135686,0.000000,0.012925,0.055875,0.000000],[0.793832,0.137005,0.000000,0.013049,0.056114,0.000000],[0.786061,0.141484,0.000000,0.013466,0.058989,0.000000],[0.778687,0.145400,0.000000,0.013850,0.062063,0.000000],[0.141222,0.145823,0.000000,0.015189,0.697765,0.000000],[0.777640,0.145911,0.000000,0.013905,0.062543,0.000000],[0.781625,0.140820,0.000000,0.013952,0.063603,0.000000],[0.781160,0.141166,0.000000,0.013978,0.063695,0.000000],[0.773005,0.147791,0.000000,0.014348,0.064857,0.000000],[0.528938,0.201295,0.000000,0.019503,0.250264,0.000000],[0.761261,0.143130,0.023332,0.013170,0.059107,0.000000],[1.000000,0.000000,0.000000,0.000000,0.000000,0.000000],[1.000000,0.000000,0.000000,0.000000,0.000000,0.000000],[0.802109,0.121930,0.014278,0.011569,0.050114,0.000000],[0.776122,0.138280,0.020170,0.012431,0.052997,0.000000],[0.154630,0.179615,0.000000,0.016360,0.649395,0.000000],[0.464032,0.162411,0.139864,0.016963,0.216731,0.000000],[0.807158,0.113579,0.007922,0.011968,0.059373,0.000000],[1.000000,0.000000,0.000000,0.000000,0.000000,0.000000],[0.827169,0.082966,0.032415,0.009895,0.047554,0.000000],[0.813272,0.111648,0.013670,0.011224,0.050185,0.000000],[0.808353,0.124302,0.000000,0.012233,0.055112,0.000000],[0.814965,0.120070,0.000000,0.011671,0.053293,0.000000],[0.828894,0.090509,0.023281,0.010038,0.047278,0.000000],[1.000000,0.000000,0.000000,0.000000,0.000000,0.000000]],
  [[1.000000,0.000000,0.000000,0.000000,0.000000,0.000000],[0.844947,0.079301,0.020601,0.009159,0.045992,0.000000],[0.817361,0.118433,0.000000,0.011496,0.052710,0.000000],[0.812109,0.122621,0.000000,0.011759,0.053510,0.000000],[0.000000,0.000000,0.000000,0.000000,0.000000,1.000000],[0.000000,0.000000,0.000000,0.000000,0.000000,1.000000],[0.802849,0.134765,0.000000,0.011598,0.050789,0.000000],[0.791780,0.145027,0.000000,0.012107,0.051086,0.000000],[0.795618,0.137909,0.000000,0.012563,0.053910,0.000000],[0.799426,0.130795,0.000000,0.012965,0.056814,0.000000],[0.793293,0.133823,0.000000,0.013291,0.059593,0.000000],[0.787860,0.139974,0.000000,0.013330,0.058836,0.000000],[0.138193,0.147816,0.000000,0.014835,0.699156,0.000000],[0.786718,0.140750,0.000000,0.013395,0.059136,0.000000],[0.790303,0.136024,0.000000,0.013479,0.060194,0.000000],[0.792947,0.137431,0.000000,0.013107,0.056515,0.000000],[0.792334,0.138014,0.000000,0.013155,0.056497,0.000000],[0.790399,0.139406,0.000000,0.013285,0.056910,0.000000],[0.783813,0.142848,0.000000,0.013623,0.059716,0.000000],[0.772205,0.148516,0.000000,0.014404,0.064875,0.000000],[0.767639,0.154043,0.000000,0.014375,0.063943,0.000000],[0.159549,0.159144,0.000000,0.016219,0.665088,0.000000],[0.776754,0.144432,0.000000,0.014273,0.064541,0.000000],[0.764402,0.152510,0.000000,0.014818,0.068270,0.000000],[0.160483,0.162697,0.000000,0.016424,0.660396,0.000000],[0.750409,0.143642,0.028448,0.013787,0.063715,0.000000],[0.131806,0.127242,0.014958,0.013752,0.712243,0.000000],[0.797730,0.115697,0.017423,0.012237,0.056914,0.000000],[1.000000,0.000000,0.000000,0.000000,0.000000,0.000000],[0.128519,0.129342,0.015692,0.013527,0.712920,0.000000],[0.743743,0.148066,0.033361,0.013540,0.061290,0.000000],[0.762495,0.135209,0.032380,0.012613,0.057302,0.000000],[1.000000,0.000000,0.000000,0.000000,0.000000,0.000000],[1.000000,0.000000,0.000000,0.000000,0.000000,0.000000],[1.000000,0.000000,0.000000,0.000000,0.000000,0.000000],[0.806635,0.115241,0.013904,0.011517,0.052704,0.000000],[0.137581,0.144177,0.000000,0.014399,0.703843,0.000000],[0.801722,0.130504,0.000000,0.012169,0.055605,0.000000],[0.819375,0.101530,0.018453,0.010609,0.050033,0.000000],[1.000000,0.000000,0.000000,0.000000,0.000000,0.000000]],
  [[1.000000,0.000000,0.000000,0.000000,0.000000,0.000000],[0.850985,0.073012,0.021777,0.008800,0.045426,0.000000],[0.825508,0.111041,0.000000,0.011125,0.052325,0.000000],[0.817200,0.114122,0.000000,0.011780,0.056898,0.000000],[0.819888,0.112284,0.000000,0.011503,0.056325,0.000000],[0.000000,0.000000,0.000000,0.000000,0.000000,1.000000],[0.127880,0.130644,0.000000,0.012613,0.728862,0.000000],[0.132149,0.139468,0.000000,0.013568,0.714814,0.000000],[0.801691,0.131460,0.000000,0.012413,0.054436,0.000000],[0.804854,0.125002,0.000000,0.012852,0.057293,0.000000],[0.800431,0.130163,0.000000,0.012858,0.056548,0.000000],[0.788188,0.139759,0.000000,0.013308,0.058745,0.000000],[0.785150,0.142016,0.000000,0.013503,0.059331,0.000000],[0.786331,0.138991,0.000000,0.013737,0.060942,0.000000],[0.784456,0.136882,0.000000,0.014070,0.064592,0.000000],[0.778992,0.145082,0.000000,0.013834,0.062093,0.000000],[0.135903,0.154295,0.000000,0.014904,0.694898,0.000000],[0.135680,0.153861,0.000000,0.014882,0.695577,0.000000],[0.777396,0.146424,0.000000,0.013945,0.062236,0.000000],[0.770295,0.150109,0.000000,0.014540,0.065056,0.000000],[0.518273,0.214416,0.000000,0.020159,0.247152,0.000000],[0.757090,0.160310,0.000000,0.014979,0.067620,0.000000],[0.763697,0.154671,0.000000,0.014733,0.066898,0.000000],[0.763319,0.154924,0.000000,0.014767,0.066989,0.000000],[0.756807,0.156968,0.000000,0.015124,0.071101,0.000000],[0.758183,0.158406,0.000000,0.014649,0.068761,0.000000],[0.764340,0.151846,0.000000,0.014551,0.069263,0.000000],[0.748707,0.139742,0.033525,0.013830,0.064196,0.000000],[0.775767,0.132159,0.018318,0.013106,0.060649,0.000000],[1.000000,0.000000,0.000000,0.000000,0.000000,0.000000],[0.793833,0.123234,0.015274,0.012079,0.055579,0.000000],[0.128562,0.121896,0.016824,0.012999,0.719719,0.000000],[0.820681,0.090428,0.030052,0.010089,0.048749,0.000000],[1.000000,0.000000,0.000000,0.000000,0.000000,0.000000],[0.826110,0.085460,0.030501,0.010035,0.047894,0.000000],[0.800775,0.121686,0.013265,0.011661,0.052614,0.000000],[0.773280,0.152476,0.000000,0.013554,0.060690,0.000000],[0.154771,0.167947,0.000000,0.015501,0.661780,0.000000],[0.808453,0.115127,0.007984,0.011457,0.056979,0.000000],[1.000000,0.000000,0.000000,0.000000,0.000000,0.000000]],
  [[1.000000,0.000000,0.000000,0.000000,0.000000,0.000000],[0.855619,0.058650,0.033326,0.008137,0.044267,0.000000],[0.829902,0.087530,0.025743,0.009865,0.046959,0.000000],[0.813896,0.106145,0.015469,0.011346,0.053143,0.000000],[0.793296,0.125764,0.009572,0.012357,0.059010,0.000000],[0.155002,0.150805,0.000000,0.014873,0.679321,0.000000],[0.000000,0.000000,0.000000,0.000000,0.000000,1.000000],[0.131566,0.133658,0.000000,0.013240,0.721536,0.000000],[0.802576,0.131360,0.000000,0.012178,0.053887,0.000000],[0.807063,0.124353,0.000000,0.012502,0.056082,0.000000],[0.794741,0.138392,0.000000,0.012634,0.054233,0.000000],[0.135304,0.152398,0.000000,0.014737,0.697561,0.000000],[0.767361,0.156727,0.000000,0.014069,0.061843,0.000000],[0.767805,0.153976,0.000000,0.014384,0.063835,0.000000],[0.764851,0.152361,0.000000,0.014778,0.068009,0.000000],[0.759346,0.160957,0.000000,0.014495,0.065202,0.000000],[0.153515,0.171002,0.000000,0.016091,0.659392,0.000000],[0.762973,0.162241,0.000000,0.014029,0.060757,0.000000],[0.773269,0.151685,0.000000,0.013890,0.061156,0.000000],[0.156095,0.163847,0.000000,0.016095,0.663963,0.000000],[0.764308,0.156704,0.000000,0.014616,0.064372,0.000000],[0.752516,0.166040,0.000000,0.014958,0.066486,0.000000],[0.155948,0.176993,0.000000,0.016702,0.650357,0.000000],[0.750887,0.165033,0.000000,0.015372,0.068708,0.000000],[0.747220,0.161914,0.000000,0.015941,0.074926,0.000000],[0.531343,0.193731,0.000000,0.019655,0.255272,0.000000],[0.766018,0.149574,0.000000,0.014975,0.069433,0.000000],[0.763649,0.152696,0.000000,0.015060,0.068595,0.000000],[0.457603,0.165206,0.141734,0.017548,0.217910,0.000000],[0.772943,0.132915,0.019826,0.013277,0.061039,0.000000],[1.000000,0.000000,0.000000,0.000000,0.000000,0.000000],[0.821802,0.100226,0.019392,0.010552,0.048027,0.000000],[0.829673,0.076414,0.038892,0.009358,0.045663,0.000000],[1.000000,0.000000,0.000000,0.000000,0.000000,0.000000],[0.821663,0.097848,0.020256,0.010795,0.049437,0.000000],[0.797338,0.133718,0.000000,0.012515,0.056429,0.000000],[0.155568,0.171376,0.000000,0.016025,0.657032,0.000000],[0.516886,0.221975,0.000000,0.019608,0.241531,0.000000],[0.806390,0.116525,0.008206,0.011579,0.057300,0.000000],[1.000000,0.000000,0.000000,0.000000,0.000000,0.000000]],
  [[1.000000,0.000000,0.000000,0.000000,0.000000,0.000000],[1.000000,0.000000,0.000000,0.000000,0.000000,0.000000],[1.000000,0.000000,0.000000,0.000000,0.000000,0.000000],[1.000000,0.000000,0.000000,0.000000,0.000000,0.000000],[0.759636,0.139002,0.025060,0.013309,0.062992,0.000000],[0.457352,0.170454,0.135886,0.017649,0.218658,0.000000],[0.758760,0.161637,0.000000,0.014397,0.065206,0.000000],[0.787717,0.136272,0.000000,0.013366,0.062645,0.000000],[0.000000,0.000000,0.000000,0.000000,0.000000,1.000000],[0.134721,0.136323,0.000000,0.013925,0.715031,0.000000],[0.789972,0.144070,0.000000,0.012635,0.053324,0.000000],[0.133317,0.159452,0.000000,0.014794,0.692438,0.000000],[0.153750,0.171376,0.000000,0.016103,0.658770,0.000000],[0.518316,0.214932,0.000000,0.020148,0.246604,0.000000],[0.161171,0.163469,0.000000,0.016575,0.658786,0.000000],[0.759532,0.158699,0.000000,0.014796,0.066972,0.000000],[0.526078,0.203849,0.000000,0.019845,0.250228,0.000000],[0.764703,0.158824,0.000000,0.014237,0.062235,0.000000],[0.136395,0.155751,0.000000,0.015050,0.692805,0.000000],[0.779685,0.148036,0.000000,0.013593,0.058686,0.000000],[0.779233,0.146317,0.000000,0.013939,0.060511,0.000000],[0.135795,0.164519,0.000000,0.015377,0.684310,0.000000],[0.153642,0.183545,0.000000,0.016681,0.646131,0.000000],[0.504648,0.231327,0.000000,0.020907,0.243118,0.000000],[0.748230,0.161205,0.000000,0.015869,0.074695,0.000000],[0.766296,0.149010,0.000000,0.014978,0.069716,0.000000],[0.764811,0.152182,0.000000,0.014809,0.068199,0.000000],[0.757692,0.161232,0.000000,0.014856,0.066220,0.000000],[0.758909,0.166753,0.000000,0.014131,0.060206,0.000000],[0.146013,0.161582,0.014340,0.015388,0.662677,0.000000],[0.799402,0.120656,0.014457,0.011944,0.053540,0.000000],[1.000000,0.000000,0.000000,0.000000,0.000000,0.000000],[1.000000,0.000000,0.000000,0.000000,0.000000,0.000000],[1.000000,0.000000,0.000000,0.000000,0.000000,0.000000],[0.813553,0.107721,0.015278,0.011567,0.051882,0.000000],[0.793419,0.136262,0.000000,0.012858,0.057461,0.000000],[0.154353,0.169108,0.000000,0.015918,0.660621,0.000000],[0.777758,0.149824,0.000000,0.013155,0.059263,0.000000],[0.807356,0.115962,0.008011,0.011534,0.057137,0.000000],[1.000000,0.000000,0.000000,0.000000,0.000000,0.000000]],
  [[1.000000,0.000000,0.000000,0.000000,0.000000,0.000000],[0.852699,0.062938,0.032390,0.008205,0.043768,0.000000],[0.118995,0.115630,0.024085,0.011899,0.729391,0.000000],[0.121526,0.121145,0.019570,0.012454,0.725306,0.000000],[1.000000,0.000000,0.000000,0.000000,0.000000,0.000000],[0.709460,0.158207,0.046333,0.015317,0.070683,0.000000],[0.177453,0.200525,0.019184,0.018776,0.584062,0.000000],[0.750321,0.168854,0.000000,0.014932,0.065893,0.000000],[0.785254,0.145221,0.000000,0.012887,0.056639,0.000000],[0.795084,0.139387,0.000000,0.012386,0.053143,0.000000],[0.131563,0.155522,0.000000,0.014418,0.698496,0.000000],[0.781200,0.147199,0.000000,0.013485,0.058115,0.000000],[0.766249,0.157605,0.000000,0.014152,0.061995,0.000000],[0.764028,0.159089,0.000000,0.014291,0.062592,0.000000],[0.761709,0.156877,0.000000,0.014645,0.066770,0.000000],[0.765905,0.151418,0.000000,0.014706,0.067971,0.000000],[0.771362,0.149278,0.000000,0.014433,0.064928,0.000000],[0.767678,0.156350,0.000000,0.014040,0.061932,0.000000],[0.135098,0.152752,0.000000,0.014759,0.697391,0.000000],[0.790151,0.139520,0.000000,0.013299,0.057030,0.000000],[0.785500,0.139462,0.000000,0.013832,0.061207,0.000000],[0.769314,0.154085,0.000000,0.014184,0.062417,0.000000],[0.156120,0.176813,0.000000,0.016660,0.650407,0.000000],[0.747744,0.165785,0.000000,0.015450,0.071021,0.000000],[0.758516,0.152929,0.000000,0.015377,0.073179,0.000000],[0.779097,0.142898,0.000000,0.014088,0.063917,0.000000],[0.777849,0.145904,0.000000,0.013906,0.062342,0.000000],[0.135852,0.155150,0.000000,0.014993,0.694005,0.000000],[0.131069,0.166112,0.000000,0.014788,0.688032,0.000000],[0.133297,0.159833,0.000000,0.014734,0.692137,0.000000],[0.790346,0.130347,0.013740,0.012199,0.053368,0.000000],[0.814972,0.106961,0.015100,0.011452,0.051516,0.000000],[0.820116,0.097148,0.022204,0.010863,0.049669,0.000000],[0.813316,0.109398,0.015638,0.011317,0.050331,0.000000],[0.802587,0.121047,0.013597,0.011745,0.051023,0.000000],[0.789850,0.140888,0.000000,0.012817,0.056444,0.000000],[0.783957,0.144953,0.000000,0.013256,0.057834,0.000000],[0.135574,0.152235,0.000000,0.014409,0.697782,0.000000],[0.814167,0.108335,0.016993,0.010758,0.049747,0.000000],[1.000000,0.000000,0.000000,0.000000,0.000000,0.000000]],
  [[1.000000,0.000000,0.000000,0.000000,0.000000,0.000000],[0.847955,0.079013,0.018999,0.008953,0.045080,0.000000],[0.814211,0.125347,0.000000,0.011014,0.049427,0.000000],[0.125444,0.134535,0.015935,0.013185,0.710900,0.000000],[0.789666,0.126063,0.014717,0.012376,0.057177,0.000000],[1.000000,0.000000,0.000000,0.000000,0.000000,0.000000],[0.364347,0.144350,0.300409,0.017225,0.173669,0.000000],[0.148783,0.174906,0.015424,0.016135,0.644751,0.000000],[0.125088,0.147488,0.016129,0.014011,0.697283,0.000000],[0.131960,0.158032,0.000000,0.014556,0.695452,0.000000],[0.790754,0.139552,0.000000,0.013223,0.056470,0.000000],[0.784016,0.142935,0.000000,0.013608,0.059441,0.000000],[0.783269,0.143460,0.000000,0.013642,0.059629,0.000000],[0.138003,0.148733,0.000000,0.014912,0.698351,0.000000],[0.782818,0.140110,0.000000,0.013852,0.063219,0.000000],[0.781123,0.137693,0.000000,0.014159,0.067025,0.000000],[0.781853,0.140927,0.000000,0.013906,0.063315,0.000000],[0.138627,0.149537,0.000000,0.014967,0.696868,0.000000],[0.781759,0.143261,0.000000,0.013617,0.061363,0.000000],[0.790494,0.135913,0.000000,0.013468,0.060125,0.000000],[0.790891,0.133466,0.000000,0.013745,0.061898,0.000000],[0.765909,0.151306,0.000000,0.014719,0.068066,0.000000],[0.757322,0.160270,0.000000,0.014927,0.067482,0.000000],[0.757607,0.159932,0.000000,0.014913,0.067548,0.000000],[0.777985,0.143449,0.000000,0.014189,0.064378,0.000000],[0.788736,0.137063,0.000000,0.013563,0.060638,0.000000],[0.136394,0.144191,0.000000,0.014497,0.704918,0.000000],[0.790085,0.141721,0.000000,0.012968,0.055226,0.000000],[0.781997,0.148601,0.000000,0.013088,0.056314,0.000000],[0.135066,0.152409,0.000000,0.014634,0.697891,0.000000],[0.792589,0.137017,0.000000,0.012920,0.057474,0.000000],[0.802446,0.125821,0.000000,0.012824,0.058909,0.000000],[0.804915,0.124033,0.000000,0.012666,0.058386,0.000000],[0.805478,0.127039,0.000000,0.012429,0.055054,0.000000],[0.136095,0.144156,0.000000,0.014373,0.705375,0.000000],[0.136321,0.145404,0.000000,0.014531,0.703744,0.000000],[0.791147,0.141121,0.000000,0.012876,0.054856,0.000000],[0.798353,0.138756,0.000000,0.011870,0.051021,0.000000],[0.118246,0.124381,0.020702,0.012077,0.724593,0.000000],[1.000000,0.000000,0.000000,0.000000,0.000000,0.000000]],
  [[1.000000,0.000000,0.000000,0.000000,0.000000,0.000000],[0.846064,0.076862,0.020860,0.009269,0.046946,0.000000],[0.816192,0.119478,0.000000,0.011572,0.052757,0.000000],[0.803355,0.130247,0.000000,0.012258,0.054141,0.000000],[0.794622,0.124925,0.013991,0.012109,0.054354,0.000000],[0.784356,0.130849,0.010180,0.013055,0.061560,0.000000],[1.000000,0.000000,0.000000,0.000000,0.000000,0.000000],[1.000000,0.000000,0.000000,0.000000,0.000000,0.000000],[0.122210,0.149520,0.016147,0.013710,0.698412,0.000000],[0.778843,0.151087,0.000000,0.013281,0.056789,0.000000],[0.780062,0.147837,0.000000,0.013584,0.058517,0.000000],[0.780532,0.147504,0.000000,0.013532,0.058432,0.000000],[0.135506,0.152376,0.000000,0.014748,0.697371,0.000000],[0.788561,0.139362,0.000000,0.013278,0.058799,0.000000],[0.797391,0.132083,0.000000,0.013080,0.057447,0.000000],[0.794774,0.130707,0.000000,0.013448,0.061071,0.000000],[0.778025,0.144097,0.000000,0.013983,0.063894,0.000000],[0.773213,0.150059,0.000000,0.013979,0.062749,0.000000],[0.774908,0.148718,0.000000,0.013884,0.062489,0.000000],[0.791129,0.135354,0.000000,0.013415,0.060103,0.000000],[0.793163,0.131819,0.000000,0.013563,0.061455,0.000000],[0.777580,0.142394,0.000000,0.014317,0.065710,0.000000],[0.519859,0.213112,0.000000,0.019974,0.247055,0.000000],[0.157480,0.165473,0.000000,0.016184,0.660863,0.000000],[0.784995,0.141882,0.000000,0.013529,0.059594,0.000000],[0.798163,0.131596,0.000000,0.013032,0.057209,0.000000],[0.801376,0.129333,0.000000,0.012819,0.056472,0.000000],[0.800547,0.129992,0.000000,0.012868,0.056594,0.000000],[0.794256,0.133395,0.000000,0.013186,0.059163,0.000000],[0.781638,0.141737,0.000000,0.013741,0.062884,0.000000],[0.780505,0.142556,0.000000,0.013811,0.063128,0.000000],[0.781530,0.141697,0.000000,0.013764,0.063009,0.000000],[0.790026,0.138543,0.000000,0.013183,0.058248,0.000000],[0.788709,0.144868,0.000000,0.012745,0.053678,0.000000],[0.807619,0.128297,0.000000,0.011724,0.052359,0.000000],[0.810143,0.124565,0.000000,0.011833,0.053459,0.000000],[0.813415,0.120190,0.000000,0.011872,0.054523,0.000000],[0.155035,0.127870,0.000000,0.013038,0.704057,0.000000],[0.140074,0.102175,0.019006,0.011213,0.727533,0.000000],[1.000000,0.000000,0.000000,0.000000,0.000000,0.000000]],
  [[1.000000,0.000000,0.000000,0.000000,0.000000,0.000000],[0.846009,0.076997,0.020768,0.009277,0.046948,0.000000],[0.834558,0.100185,0.000000,0.010983,0.054274,0.000000],[0.806629,0.125693,0.000000,0.012373,0.055305,0.000000],[0.138826,0.137421,0.000000,0.014200,0.709553,0.000000],[0.808011,0.107456,0.020057,0.011480,0.052996,0.000000],[1.000000,0.000000,0.000000,0.000000,0.000000,0.000000],[0.117231,0.107098,0.029832,0.011713,0.734126,0.000000],[0.787431,0.131546,0.015104,0.012245,0.053674,0.000000],[0.784402,0.142879,0.000000,0.013544,0.059174,0.000000],[0.156512,0.163983,0.000000,0.016111,0.663394,0.000000],[0.154136,0.170144,0.000000,0.016026,0.659694,0.000000],[0.773524,0.149887,0.000000,0.013971,0.062617,0.000000],[0.793110,0.134069,0.000000,0.013261,0.059561,0.000000],[0.802597,0.126394,0.000000,0.013016,0.057993,0.000000],[0.796568,0.129550,0.000000,0.013322,0.060560,0.000000],[0.781275,0.139846,0.000000,0.014067,0.064812,0.000000],[0.530463,0.199072,0.000000,0.019402,0.251063,0.000000],[0.158585,0.156178,0.000000,0.015891,0.669346,0.000000],[0.791061,0.135562,0.000000,0.013405,0.059973,0.000000],[0.795402,0.130244,0.000000,0.013404,0.060950,0.000000],[0.781763,0.139238,0.000000,0.014039,0.064959,0.000000],[0.772832,0.150256,0.000000,0.014019,0.062893,0.000000],[0.156364,0.161914,0.000000,0.015893,0.665828,0.000000],[0.788089,0.139678,0.000000,0.013331,0.058902,0.000000],[0.802479,0.126609,0.000000,0.013034,0.057878,0.000000],[0.824101,0.106774,0.000000,0.011904,0.057222,0.000000],[0.805770,0.124094,0.000000,0.012792,0.057343,0.000000],[0.799536,0.127410,0.000000,0.013098,0.059955,0.000000],[0.785985,0.136346,0.000000,0.013728,0.063941,0.000000],[0.540552,0.185496,0.000000,0.018820,0.255133,0.000000],[0.776189,0.148150,0.000000,0.013773,0.061888,0.000000],[0.135232,0.153647,0.000000,0.014765,0.696356,0.000000],[0.129267,0.162137,0.000000,0.014442,0.694154,0.000000],[0.131699,0.157248,0.000000,0.014545,0.696508,0.000000],[0.133961,0.150414,0.000000,0.014491,0.701134,0.000000],[0.796745,0.134855,0.000000,0.012807,0.055593,0.000000],[0.807872,0.127489,0.000000,0.011867,0.052772,0.000000],[0.822982,0.101512,0.019153,0.010170,0.046183,0.000000],[1.000000,0.000000,0.000000,0.000000,0.000000,0.000000]],
  [[1.000000,0.000000,0.000000,0.000000,0.000000,0.000000],[0.858669,0.069896,0.016536,0.008684,0.046215,0.000000],[0.829802,0.107262,0.000000,0.010807,0.052129,0.000000],[0.802353,0.130516,0.000000,0.012412,0.054718,0.000000],[0.809507,0.126335,0.000000,0.011758,0.052400,0.000000],[0.818148,0.101855,0.020219,0.010836,0.048941,0.000000],[1.000000,0.000000,0.000000,0.000000,0.000000,0.000000],[0.120382,0.119888,0.020828,0.012320,0.726581,0.000000],[0.798159,0.138990,0.000000,0.011860,0.050991,0.000000],[0.785600,0.141950,0.000000,0.013457,0.058993,0.000000],[0.766362,0.157340,0.000000,0.014148,0.062150,0.000000],[0.521144,0.211800,0.000000,0.019875,0.247181,0.000000],[0.777022,0.145050,0.000000,0.014052,0.063875,0.000000],[0.796735,0.129431,0.000000,0.013305,0.060529,0.000000],[0.800679,0.129732,0.000000,0.012854,0.056735,0.000000],[0.794277,0.133306,0.000000,0.013182,0.059235,0.000000],[0.776254,0.147908,0.000000,0.013779,0.062059,0.000000],[0.773441,0.150150,0.000000,0.013962,0.062447,0.000000],[0.772381,0.152899,0.000000,0.013720,0.061000,0.000000],[0.789401,0.138802,0.000000,0.013216,0.058582,0.000000],[0.794145,0.133182,0.000000,0.013198,0.059475,0.000000],[0.795908,0.129990,0.000000,0.013374,0.060728,0.000000],[0.791374,0.135342,0.000000,0.013394,0.059890,0.000000],[0.788017,0.139891,0.000000,0.013314,0.058778,0.000000],[0.786951,0.142631,0.000000,0.013083,0.057336,0.000000],[0.796854,0.134670,0.000000,0.012810,0.055665,0.000000],[0.802213,0.128743,0.000000,0.012743,0.056301,0.000000],[0.805052,0.124610,0.000000,0.012824,0.057514,0.000000],[0.799863,0.127057,0.000000,0.013061,0.060019,0.000000],[0.787118,0.135294,0.000000,0.013644,0.063944,0.000000],[0.784085,0.137787,0.000000,0.013851,0.064277,0.000000],[0.774633,0.151336,0.000000,0.013558,0.060473,0.000000],[0.132369,0.157319,0.000000,0.014561,0.695750,0.000000],[0.782174,0.153952,0.000000,0.012514,0.051360,0.000000],[0.131568,0.155563,0.000000,0.014416,0.698453,0.000000],[0.788842,0.141546,0.000000,0.012939,0.056674,0.000000],[0.796493,0.131631,0.000000,0.013009,0.058867,0.000000],[0.810015,0.120553,0.000000,0.012202,0.057230,0.000000],[0.823614,0.093900,0.022347,0.010358,0.049782,0.000000],[1.000000,0.000000,0.000000,0.000000,0.000000,0.000000]],
  [[1.000000,0.000000,0.000000,0.000000,0.000000,0.000000],[0.141668,0.091744,0.022201,0.011102,0.733284,0.000000],[0.827971,0.108719,0.000000,0.010933,0.052377,0.000000],[0.156471,0.121763,0.000000,0.013215,0.708551,0.000000],[0.805911,0.128864,0.000000,0.012052,0.053173,0.000000],[0.807765,0.106934,0.021109,0.011526,0.052667,0.000000],[1.000000,0.000000,0.000000,0.000000,0.000000,0.000000],[0.123681,0.117757,0.019449,0.012671,0.726441,0.000000],[0.786697,0.145723,0.000000,0.012624,0.054955,0.000000],[0.137885,0.148538,0.000000,0.014972,0.698606,0.000000],[0.771815,0.151111,0.000000,0.014092,0.062982,0.000000],[0.778144,0.142192,0.000000,0.014285,0.065379,0.000000],[0.781951,0.139079,0.000000,0.014033,0.064937,0.000000],[0.797160,0.129063,0.000000,0.013282,0.060495,0.000000],[0.800390,0.130060,0.000000,0.012872,0.056678,0.000000],[0.136544,0.144240,0.000000,0.014480,0.704735,0.000000],[0.783389,0.147722,0.000000,0.012957,0.055933,0.000000],[0.135268,0.153190,0.000000,0.014709,0.696833,0.000000],[0.786677,0.143186,0.000000,0.013064,0.057073,0.000000],[0.138956,0.139503,0.000000,0.014569,0.706972,0.000000],[0.797200,0.134402,0.000000,0.012787,0.055610,0.000000],[0.796869,0.134744,0.000000,0.012805,0.055581,0.000000],[0.795608,0.135722,0.000000,0.012889,0.055782,0.000000],[0.794331,0.136670,0.000000,0.012978,0.056021,0.000000],[0.136530,0.145119,0.000000,0.014552,0.703800,0.000000],[0.133957,0.149006,0.000000,0.014380,0.702657,0.000000],[0.791705,0.137256,0.000000,0.013040,0.057998,0.000000],[0.794871,0.132756,0.000000,0.013116,0.059257,0.000000],[0.793376,0.130434,0.000000,0.013388,0.062801,0.000000],[0.793596,0.130235,0.000000,0.013372,0.062797,0.000000],[0.792828,0.130936,0.000000,0.013437,0.062799,0.000000],[0.791582,0.137355,0.000000,0.013045,0.058018,0.000000],[0.136536,0.144677,0.000000,0.014516,0.704270,0.000000],[0.793599,0.139225,0.000000,0.012732,0.054444,0.000000],[0.799049,0.131247,0.000000,0.012973,0.056731,0.000000],[0.795548,0.132401,0.000000,0.013088,0.058963,0.000000],[0.788691,0.134203,0.000000,0.013528,0.063577,0.000000],[0.798929,0.127548,0.000000,0.012652,0.060871,0.000000],[0.819002,0.106293,0.007070,0.011052,0.056582,0.000000],[1.000000,0.000000,0.000000,0.000000,0.000000,0.000000]],
  [[1.000000,0.000000,0.000000,0.000000,0.000000,0.000000],[0.822230,0.102616,0.018601,0.010236,0.046316,0.000000],[0.801600,0.136073,0.000000,0.011670,0.050657,0.000000],[0.794199,0.138663,0.000000,0.012671,0.054467,0.000000],[0.133980,0.149253,0.000000,0.014241,0.702526,0.000000],[0.798479,0.118856,0.015273,0.012274,0.055117,0.000000],[1.000000,0.000000,0.000000,0.000000,0.000000,0.000000],[0.772257,0.133583,0.019788,0.013316,0.061055,0.000000],[0.768846,0.156931,0.000000,0.013803,0.060419,0.000000],[0.135414,0.153112,0.000000,0.014841,0.696634,0.000000],[0.783485,0.145316,0.000000,0.013301,0.057897,0.000000],[0.789873,0.136587,0.000000,0.013482,0.060058,0.000000],[0.791812,0.134928,0.000000,0.013355,0.059904,0.000000],[0.793711,0.133560,0.000000,0.013223,0.059506,0.000000],[0.796267,0.135059,0.000000,0.012847,0.055827,0.000000],[0.795614,0.135755,0.000000,0.012884,0.055747,0.000000],[0.131387,0.153892,0.000000,0.014272,0.700449,0.000000],[0.133890,0.149494,0.000000,0.014400,0.702216,0.000000],[0.794766,0.138296,0.000000,0.012643,0.054295,0.000000],[0.801127,0.129695,0.000000,0.012824,0.056354,0.000000],[0.798823,0.133331,0.000000,0.012679,0.055167,0.000000],[0.155058,0.127221,0.000000,0.013261,0.704460,0.000000],[0.133749,0.148877,0.000000,0.014340,0.703034,0.000000],[0.787890,0.142204,0.000000,0.012997,0.056909,0.000000],[0.788476,0.139746,0.000000,0.013263,0.058515,0.000000],[0.784336,0.144836,0.000000,0.013205,0.057623,0.000000],[0.138478,0.148660,0.000000,0.014860,0.698003,0.000000],[0.774044,0.145634,0.000000,0.014107,0.066215,0.000000],[0.783435,0.138102,0.000000,0.013879,0.064584,0.000000],[0.786931,0.135398,0.000000,0.013651,0.064020,0.000000],[0.799348,0.127445,0.000000,0.013098,0.060109,0.000000],[0.801999,0.128786,0.000000,0.012744,0.056471,0.000000],[0.802583,0.128537,0.000000,0.012717,0.056163,0.000000],[0.802812,0.128349,0.000000,0.012713,0.056125,0.000000],[0.804441,0.125145,0.000000,0.012895,0.057518,0.000000],[0.798716,0.128029,0.000000,0.013164,0.060091,0.000000],[0.787273,0.135371,0.000000,0.013612,0.063744,0.000000],[0.547970,0.179581,0.000000,0.017965,0.254485,0.000000],[0.817165,0.107512,0.007257,0.011161,0.056904,0.000000],[1.000000,0.000000,0.000000,0.000000,0.000000,0.000000]],
  [[1.000000,0.000000,0.000000,0.000000,0.000000,0.000000],[0.122432,0.115500,0.021338,0.012216,0.728514,0.000000],[0.795952,0.137125,0.000000,0.012245,0.054678,0.000000],[0.137647,0.147470,0.000000,0.014778,0.700104,0.000000],[0.788156,0.140428,0.000000,0.013219,0.058196,0.000000],[0.772931,0.134819,0.020415,0.013213,0.058621,0.000000],[0.747711,0.141286,0.034036,0.014087,0.062881,0.000000],[0.456888,0.164935,0.142351,0.017623,0.218205,0.000000],[0.769286,0.152104,0.000000,0.014487,0.064123,0.000000],[0.781946,0.144390,0.000000,0.013740,0.059924,0.000000],[0.134361,0.150670,0.000000,0.014557,0.700411,0.000000],[0.787592,0.140222,0.000000,0.013338,0.058848,0.000000],[0.787798,0.140051,0.000000,0.013313,0.058838,0.000000],[0.138009,0.146870,0.000000,0.014733,0.700389,0.000000],[0.789371,0.138863,0.000000,0.013211,0.058555,0.000000],[0.791282,0.137404,0.000000,0.013091,0.058224,0.000000],[0.798001,0.133860,0.000000,0.012725,0.055414,0.000000],[0.820328,0.113465,0.000000,0.011608,0.054599,0.000000],[0.820917,0.113009,0.000000,0.011564,0.054510,0.000000],[0.823089,0.109635,0.000000,0.011676,0.055601,0.000000],[0.820371,0.113462,0.000000,0.011607,0.054560,0.000000],[0.817356,0.117556,0.000000,0.011553,0.053535,0.000000],[0.133786,0.148519,0.000000,0.014314,0.703381,0.000000],[0.789951,0.138598,0.000000,0.013162,0.058290,0.000000],[0.781010,0.139983,0.000000,0.014095,0.064912,0.000000],[0.772550,0.150481,0.000000,0.014015,0.062954,0.000000],[0.765740,0.154141,0.000000,0.014329,0.065790,0.000000],[0.767351,0.152823,0.000000,0.014217,0.065609,0.000000],[0.539712,0.186450,0.000000,0.018873,0.254965,0.000000],[0.786663,0.135776,0.000000,0.013648,0.063912,0.000000],[0.800967,0.126323,0.000000,0.012971,0.059739,0.000000],[0.806997,0.123192,0.000000,0.012681,0.057130,0.000000],[0.823606,0.109051,0.000000,0.011654,0.055688,0.000000],[0.823082,0.109500,0.000000,0.011697,0.055721,0.000000],[0.802814,0.128317,0.000000,0.012694,0.056176,0.000000],[0.796131,0.131939,0.000000,0.013043,0.058887,0.000000],[0.780989,0.144401,0.000000,0.013417,0.061192,0.000000],[0.789759,0.138828,0.000000,0.012657,0.058755,0.000000],[0.813367,0.112138,0.007413,0.011168,0.055914,0.000000],[1.000000,0.000000,0.000000,0.000000,0.000000,0.000000]],
