[
  [[1.000000,0.000000,0.000000,0.000000,0.000000,0.000000],[1.000000,0.000000,0.000000,0.000000,0.000000,0.000000],[1.000000,0.000000,0.000000,0.000000,0.000000,0.000000],[1.000000,0.000000,0.000000,0.000000,0.000000,0.000000],[1.000000,0.000000,0.000000,0.000000,0.000000,0.000000],[1.000000,0.000000,0.000000,0.000000,0.000000,0.000000],[1.000000,0.000000,0.000000,0.000000,0.000000,0.000000],[1.000000,0.000000,0.000000,0.000000,0.000000,0.000000],[1.000000,0.000000,0.000000,0.000000,0.000000,0.000000],[1.000000,0.000000,0.000000,0.000000,0.000000,0.000000],[1.000000,0.000000,0.000000,0.000000,0.000000,0.000000],[1.000000,0.000000,0.000000,0.000000,0.000000,0.000000],[1.000000,0.000000,0.000000,0.000000,0.000000,0.000000],[1.000000,0.000000,0.000000,0.000000,0.000000,0.000000],[1.000000,0.000000,0.000000,0.000000,0.000000,0.000000],[1.000000,0.000000,0.000000,0.000000,0.000000,0.000000],[1.000000,0.000000,0.000000,0.000000,0.000000,0.000000],[1.000000,0.000000,0.000000,0.000000,0.000000,0.000000],[1.000000,0.000000,0.000000,0.000000,0.000000,0.000000],[1.000000,0.000000,0.000000,0.000000,0.000000,0.000000],[1.000000,0.000000,0.000000,0.000000,0.000000,0.000000],[1.000000,0.000000,0.000000,0.000000,0.000000,0.000000],[1.000000,0.000000,0.000000,0.000000,0.000000,0.000000],[1.000000,0.000000,0.000000,0.000000,0.000000,0.000000],[1.000000,0.000000,0.000000,0.000000,0.000000,0.000000],[1.000000,0.000000,0.000000,0.000000,0.000000,0.000000],[1.000000,0.000000,0.000000,0.000000,0.000000,0.000000],[1.000000,0.000000,0.000000,0.000000,0.000000,0.000000],[1.000000,0.000000,0.000000,0.000000,0.000000,0.000000],[1.000000,0.000000,0.000000,0.000000,0.000000,0.000000],[1.000000,0.000000,0.000000,0.000000,0.000000,0.000000],[1.000000,0.000000,0.000000,0.000000,0.000000,0.000000],[1.000000,0.000000,0.000000,0.000000,0.000000,0.000000],[1.000000,0.000000,0.000000,0.000000,0.000000,0.000000],[1.000000,0.000000,0.000000,0.000000,0.000000,0.000000],[1.000000,0.000000,0.000000,0.000000,0.000000,0.000000],[1.000000,0.000000,0.000000,0.000000,0.000000,0.000000],[1.000000,0.000000,0.000000,0.000000,0.000000,0.000000],[1.000000,0.000000,0.000000,0.000000,0.000000,0.000000],[1.000000,0.000000,0.000000,0.000000,0.000000,0.000000]],
  [[1.000000,0.000000,0.000000,0.000000,0.000000,0.000000],[0.893734,0.032478,0.026742,0.004870,0.042176,0.000000],[0.891050,0.033320,0.027367,0.005037,0.043227,0.000000],[1.000000,0.000000,0.000000,0.000000,0.000000,0.000000],[0.129918,0.066650,0.037295,0.007423,0.758714,0.000000],[0.830398,0.092860,0.021397,0.007754,0.047591,0.000000],[0.823275,0.094391,0.021854,0.008304,0.052176,0.000000],[0.822585,0.095805,0.020633,0.008387,0.052591,0.000000],[0.822329,0.096837,0.019572,0.008439,0.052823,0.000000],[0.820599,0.099654,0.019800,0.008329,0.051618,0.000000],[0.119186,0.103393,0.024439,0.009258,0.743724,0.000000],[0.825428,0.096425,0.021027,0.008117,0.049003,0.000000],[0.840401,0.086990,0.016820,0.007552,0.048236,0.000000],[0.136340,0.094341,0.019435,0.008688,0.741196,0.000000],[0.818510,0.107895,0.017277,0.008227,0.048092,0.000000],[0.118990,0.113274,0.019705,0.009562,0.738468,0.000000],[0.116885,0.124362,0.017204,0.009592,0.731956,0.000000],[0.119708,0.121529,0.016628,0.009735,0.732400,0.000000],[0.814714,0.111033,0.015384,0.008352,0.050517,0.000000],[0.116688,0.092954,0.032992,0.008688,0.748678,0.000000],[0.832953,0.067397,0.044198,0.007061,0.048391,0.000000],[1.000000,0.000000,0.000000,0.000000,0.000000,0.000000],[1.000000,0.000000,0.000000,0.000000,0.000000,0.000000],[0.821198,0.095720,0.023368,0.008189,0.051526,0.000000],[0.817351,0.100784,0.018837,0.008775,0.054253,0.000000],[0.826227,0.093391,0.021897,0.008250,0.050234,0.000000],[0.842490,0.082953,0.018123,0.007550,0.048885,0.000000],[0.152288,0.080199,0.017503,0.008057,0.741954,0.000000],[0.855353,0.075272,0.014049,0.007077,0.048249,0.000000],[0.840024,0.087430,0.016530,0.007592,0.048425,0.000000],[0.821889,0.102459,0.018750,0.008201,0.048700,0.000000],[0.119146,0.112217,0.020042,0.009491,0.739103,0.000000],[0.806131,0.118659,0.007918,0.009036,0.058256,0.000000],[0.146413,0.124946,0.008946,0.010479,0.709217,0.000000],[0.807441,0.117721,0.007787,0.008970,0.058081,0.000000],[0.120196,0.105754,0.022297,0.009398,0.742354,0.000000],[0.825908,0.095471,0.021640,0.008055,0.048927,0.000000],[0.847548,0.078841,0.019155,0.007154,0.047301,0.000000],[0.869579,0.052288,0.027572,0.005904,0.044657,0.000000],[1.000000,0.000000,0.000000,0.000000,0.000000,0.000000]],
  [[1.000000,0.000000,0.000000,0.000000,0.000000,0.000000],[1.000000,0.000000,0.000000,0.000000,0.000000,0.000000],[1.000000,0.000000,0.000000,0.000000,0.000000,0.000000],[1.000000,0.000000,0.000000,0.000000,0.000000,0.000000],[0.843098,0.084571,0.017587,0.007329,0.047414,0.000000],[0.814050,0.125216,0.000000,0.008801,0.051933,0.000000],[0.804033,0.128668,0.000000,0.009590,0.057710,0.000000],[0.793558,0.133320,0.000000,0.010153,0.062969,0.000000],[0.795066,0.130191,0.000000,0.010304,0.064439,0.000000],[0.793334,0.133642,0.000000,0.010152,0.062872,0.000000],[0.806091,0.125230,0.000000,0.009716,0.058963,0.000000],[0.810991,0.122930,0.000000,0.009560,0.056520,0.000000],[0.826034,0.109821,0.000000,0.008857,0.055287,0.000000],[0.150064,0.123660,0.000000,0.010130,0.716145,0.000000],[0.797386,0.139328,0.000000,0.009567,0.053719,0.000000],[0.792123,0.139938,0.000000,0.010010,0.057928,0.000000],[0.773936,0.155100,0.000000,0.010425,0.060538,0.000000],[0.146863,0.171835,0.000000,0.012092,0.669210,0.000000],[0.779068,0.153836,0.000000,0.009798,0.057298,0.000000],[0.809990,0.116298,0.013544,0.008591,0.051576,0.000000],[1.000000,0.000000,0.000000,0.000000,0.000000,0.000000],[1.000000,0.000000,0.000000,0.000000,0.000000,0.000000],[0.148783,0.142869,0.011577,0.011432,0.685340,0.000000],[0.737424,0.144816,0.044402,0.010790,0.062568,0.000000],[0.794956,0.133113,0.000000,0.010406,0.061525,0.000000],[0.810911,0.120996,0.000000,0.009836,0.058257,0.000000],[0.826533,0.109402,0.000000,0.008830,0.055236,0.000000],[0.840673,0.097270,0.000000,0.008167,0.053890,0.000000],[0.167385,0.105478,0.000000,0.009381,0.717756,0.000000],[0.826188,0.109651,0.000000,0.008852,0.055309,0.000000],[0.131788,0.138087,0.000000,0.010889,0.719236,0.000000],[0.795543,0.137015,0.000000,0.009810,0.057632,0.000000],[0.779328,0.148419,0.000000,0.010389,0.061864,0.000000],[0.522420,0.206321,0.000000,0.015173,0.256086,0.000000],[0.784601,0.142255,0.000000,0.010342,0.062801,0.000000],[0.804327,0.126441,0.000000,0.009788,0.059444,0.000000],[0.810409,0.125256,0.000000,0.009323,0.055013,0.000000],[0.835929,0.103246,0.000000,0.008184,0.052642,0.000000],[0.151334,0.077407,0.020035,0.007810,0.743415,0.000000],[1.000000,0.000000,0.000000,0.000000,0.000000,0.000000]],
  [[1.000000,0.000000,0.000000,0.000000,0.000000,0.000000],[1.000000,0.000000,0.000000,0.000000,0.000000,0.000000],[1.000000,0.000000,0.000000,0.000000,0.000000,0.000000],[1.000000,0.000000,0.000000,0.000000,0.000000,0.000000],[0.840399,0.086822,0.016906,0.007534,0.048339,0.000000],[0.129144,0.141446,0.000000,0.010638,0.718772,0.000000],[0.132979,0.139015,0.000000,0.011077,0.716928,0.000000],[0.784160,0.139762,0.000000,0.010747,0.065330,0.000000],[0.529138,0.193868,0.000000,0.015119,0.261875,0.000000],[0.781225,0.141667,0.000000,0.010964,0.066144,0.000000],[0.794380,0.132921,0.000000,0.010516,0.062183,0.000000],[0.799572,0.130450,0.000000,0.010346,0.059633,0.000000],[0.815032,0.116900,0.000000,0.009622,0.058446,0.000000],[0.808338,0.125728,0.000000,0.009563,0.056371,0.000000],[0.127899,0.152953,0.000000,0.011362,0.707786,0.000000],[0.778831,0.148969,0.000000,0.010901,0.061300,0.000000],[0.767002,0.154745,0.000000,0.011528,0.066725,0.000000],[0.516691,0.211869,0.000000,0.015728,0.255712,0.000000],[0.142165,0.151574,0.013416,0.011551,0.681293,0.000000],[0.121389,0.115615,0.017294,0.009814,0.735888,0.000000],[1.000000,0.000000,0.000000,0.000000,0.000000,0.000000],[1.000000,0.000000,0.000000,0.000000,0.000000,0.000000],[0.334240,0.143497,0.342717,0.013003,0.166542,0.000000],[0.154072,0.199575,0.000000,0.013895,0.632457,0.000000],[0.775386,0.151273,0.000000,0.011091,0.062251,0.000000],[0.793182,0.137261,0.000000,0.010484,0.059073,0.000000],[0.813513,0.119889,0.000000,0.009490,0.057108,0.000000],[0.168453,0.107060,0.000000,0.009696,0.714791,0.000000],[0.831669,0.102655,0.000000,0.008817,0.056860,0.000000],[0.816551,0.115723,0.000000,0.009520,0.058206,0.000000],[0.798025,0.131758,0.000000,0.010413,0.059804,0.000000],[0.781142,0.143249,0.000000,0.010897,0.064712,0.000000],[0.155652,0.154921,0.000000,0.012593,0.676833,0.000000],[0.765856,0.151388,0.000000,0.011677,0.071078,0.000000],[0.773757,0.143105,0.000000,0.011495,0.071643,0.000000],[0.792439,0.130567,0.000000,0.010728,0.066266,0.000000],[0.804284,0.126933,0.000000,0.010019,0.058765,0.000000],[0.150675,0.116307,0.000000,0.009897,0.723120,0.000000],[0.857153,0.073067,0.015267,0.006906,0.047607,0.000000],[1.000000,0.000000,0.000000,0.000000,0.000000,0.000000]],
  [[1.000000,0.000000,0.000000,0.000000,0.000000,0.000000],[0.110566,0.067619,0.048064,0.007524,0.766226,0.000000],[0.841935,0.063523,0.042799,0.006695,0.045049,0.000000],[0.000000,0.000000,0.000000,0.000000,0.000000,1.000000],[0.113626,0.092099,0.035967,0.008547,0.749761,0.000000],[0.813464,0.124130,0.000000,0.008980,0.053426,0.000000],[0.802556,0.128344,0.000000,0.009815,0.059285,0.000000],[0.785844,0.138621,0.000000,0.010655,0.064880,0.000000],[0.779470,0.143048,0.000000,0.011063,0.066420,0.000000],[0.150535,0.154266,0.000000,0.012092,0.683106,0.000000],[0.789559,0.138776,0.000000,0.010547,0.061118,0.000000],[0.791820,0.140438,0.000000,0.010284,0.057457,0.000000],[0.150950,0.125982,0.000000,0.010523,0.712544,0.000000],[0.801523,0.134782,0.000000,0.009490,0.054205,0.000000],[0.123326,0.164863,0.000000,0.011329,0.700482,0.000000],[0.126482,0.160359,0.000000,0.011480,0.701680,0.000000],[0.768401,0.153582,0.000000,0.011475,0.066542,0.000000],[0.775565,0.148978,0.000000,0.010949,0.064508,0.000000],[0.786948,0.133923,0.009360,0.009821,0.059949,0.000000],[1.000000,0.000000,0.000000,0.000000,0.000000,0.000000],[0.806024,0.104797,0.026079,0.008903,0.054197,0.000000],[0.741590,0.141378,0.042729,0.010795,0.063508,0.000000],[0.147871,0.176520,0.015369,0.013176,0.647064,0.000000],[0.746394,0.174891,0.000000,0.012230,0.066485,0.000000],[0.131858,0.151550,0.000000,0.011818,0.704773,0.000000],[0.130126,0.147834,0.000000,0.011438,0.710603,0.000000],[0.805564,0.129778,0.000000,0.009490,0.055168,0.000000],[0.149351,0.130294,0.000000,0.010444,0.709912,0.000000],[0.812544,0.120676,0.000000,0.009553,0.057227,0.000000],[0.817488,0.113180,0.000000,0.009705,0.059627,0.000000],[0.793301,0.137138,0.000000,0.010462,0.059100,0.000000],[0.775744,0.149331,0.000000,0.010966,0.063958,0.000000],[0.760828,0.157403,0.000000,0.011739,0.070031,0.000000],[0.763620,0.153085,0.000000,0.011826,0.071469,0.000000],[0.772037,0.144325,0.000000,0.011614,0.072023,0.000000],[0.791844,0.131013,0.000000,0.010773,0.066370,0.000000],[0.804328,0.126875,0.000000,0.010024,0.058773,0.000000],[0.832861,0.102934,0.000000,0.008643,0.055561,0.000000],[0.858712,0.069179,0.016877,0.006899,0.048332,0.000000],[1.000000,0.000000,0.000000,0.000000,0.000000,0.000000]],
  [[1.000000,0.000000,0.000000,0.000000,0.000000,0.000000],[0.833545,0.078387,0.033437,0.007115,0.047517,0.000000],[0.000000,0.000000,0.000000,0.000000,0.000000,1.000000],[0.000000,0.000000,0.000000,0.000000,0.000000,1.000000],[0.829891,0.104455,0.000000,0.008605,0.057049,0.000000],[0.000000,0.000000,0.000000,0.000000,0.000000,1.000000],[0.810418,0.119483,0.000000,0.009701,0.060398,0.000000],[0.798106,0.130495,0.000000,0.010247,0.061152,0.000000],[0.792264,0.134588,0.000000,0.010638,0.062510,0.000000],[0.786571,0.142971,0.000000,0.010463,0.059994,0.000000],[0.130589,0.146026,0.000000,0.011292,0.712092,0.000000],[0.788320,0.145201,0.000000,0.010222,0.056257,0.000000],[0.151272,0.127038,0.000000,0.010596,0.711094,0.000000],[0.146539,0.140564,0.000000,0.010447,0.702451,0.000000],[0.123252,0.164919,0.000000,0.011336,0.700493,0.000000],[0.125998,0.159185,0.000000,0.011415,0.703402,0.000000],[0.782668,0.143870,0.000000,0.010976,0.062486,0.000000],[0.792388,0.137539,0.000000,0.010274,0.059799,0.000000],[0.119773,0.113853,0.018809,0.009761,0.737803,0.000000],[1.000000,0.000000,0.000000,0.000000,0.000000,0.000000],[0.805153,0.110674,0.018384,0.009394,0.056394,0.000000],[0.133882,0.143779,0.000000,0.011383,0.710956,0.000000],[0.782447,0.144172,0.000000,0.010928,0.062454,0.000000],[0.780000,0.145482,0.000000,0.011135,0.063382,0.000000],[0.775842,0.150270,0.000000,0.011147,0.062741,0.000000],[0.782209,0.149812,0.000000,0.010576,0.057403,0.000000],[0.123042,0.162617,0.000000,0.011199,0.703141,0.000000],[0.127836,0.152877,0.000000,0.011349,0.707938,0.000000],[0.790190,0.141683,0.000000,0.010393,0.057733,0.000000],[0.796426,0.133014,0.000000,0.010546,0.060013,0.000000],[0.132327,0.141348,0.000000,0.011373,0.714951,0.000000],[0.132112,0.151381,0.000000,0.011687,0.704820,0.000000],[0.760866,0.161611,0.000000,0.011588,0.065935,0.000000],[0.513929,0.213440,0.000000,0.016009,0.256623,0.000000],[0.773708,0.147124,0.000000,0.011401,0.067767,0.000000],[0.796469,0.129270,0.000000,0.010623,0.063637,0.000000],[0.808093,0.122097,0.000000,0.010061,0.059749,0.000000],[0.835876,0.098902,0.000000,0.008671,0.056551,0.000000],[0.860557,0.065188,0.018481,0.006858,0.048916,0.000000],[1.000000,0.000000,0.000000,0.000000,0.000000,0.000000]],
  [[1.000000,0.000000,0.000000,0.000000,0.000000,0.000000],[0.824428,0.094480,0.015486,0.008160,0.057446,0.000000],[0.812093,0.116014,0.000000,0.009415,0.062477,0.000000],[0.809341,0.117558,0.000000,0.009618,0.063484,0.000000],[0.822000,0.110668,0.000000,0.009017,0.058316,0.000000],[0.000000,0.000000,0.000000,0.000000,0.000000,1.000000],[0.126643,0.127994,0.000000,0.010095,0.735268,0.000000],[0.800128,0.134627,0.000000,0.009716,0.055529,0.000000],[0.795869,0.135417,0.000000,0.010285,0.058428,0.000000],[0.793069,0.139469,0.000000,0.010212,0.057250,0.000000],[0.131918,0.140062,0.000000,0.011259,0.716760,0.000000],[0.788708,0.144810,0.000000,0.010216,0.056267,0.000000],[0.810166,0.122592,0.000000,0.009697,0.057545,0.000000],[0.804958,0.130149,0.000000,0.009550,0.055343,0.000000],[0.127665,0.152692,0.000000,0.011371,0.708272,0.000000],[0.783835,0.148629,0.000000,0.010506,0.057029,0.000000],[0.785875,0.145069,0.000000,0.010637,0.058419,0.000000],[0.791512,0.145903,0.000000,0.009623,0.052962,0.000000],[0.115179,0.121689,0.019034,0.009610,0.734489,0.000000],[1.000000,0.000000,0.000000,0.000000,0.000000,0.000000],[0.815053,0.103082,0.020854,0.008852,0.052160,0.000000],[0.809130,0.124371,0.000000,0.009686,0.056813,0.000000],[0.798445,0.131260,0.000000,0.010426,0.059869,0.000000],[0.797225,0.130342,0.000000,0.010749,0.061683,0.000000],[0.788880,0.140392,0.000000,0.010735,0.059993,0.000000],[0.131030,0.150290,0.000000,0.011629,0.707052,0.000000],[0.771809,0.158479,0.000000,0.010747,0.058965,0.000000],[0.131703,0.151338,0.000000,0.011658,0.705301,0.000000],[0.784971,0.142078,0.000000,0.010834,0.062118,0.000000],[0.787610,0.140169,0.000000,0.010698,0.061523,0.000000],[0.785356,0.147310,0.000000,0.010396,0.056937,0.000000],[0.772601,0.157804,0.000000,0.010718,0.058878,0.000000],[0.143854,0.178122,0.000000,0.012476,0.665547,0.000000],[0.150115,0.168399,0.000000,0.012682,0.668803,0.000000],[0.771963,0.150812,0.000000,0.011262,0.065962,0.000000],[0.796884,0.129062,0.000000,0.010615,0.063439,0.000000],[0.808258,0.122016,0.000000,0.010059,0.059667,0.000000],[0.835953,0.098865,0.000000,0.008668,0.056514,0.000000],[0.860549,0.065200,0.018476,0.006859,0.048916,0.000000],[1.000000,0.000000,0.000000,0.000000,0.000000,0.000000]],
  [[1.000000,0.000000,0.000000,0.000000,0.000000,0.000000],[0.814094,0.111306,0.007510,0.008825,0.058265,0.000000],[0.534836,0.190668,0.000000,0.014552,0.259944,0.000000],[0.786002,0.141108,0.000000,0.010319,0.062571,0.000000],[0.808577,0.123251,0.000000,0.009513,0.058659,0.000000],[0.124379,0.132096,0.000000,0.009973,0.733552,0.000000],[0.827222,0.110550,0.000000,0.008519,0.053708,0.000000],[0.148421,0.127694,0.000000,0.010073,0.713812,0.000000],[0.152127,0.120209,0.000000,0.010393,0.717271,0.000000],[0.817200,0.115556,0.000000,0.009473,0.057771,0.000000],[0.816783,0.113874,0.000000,0.009740,0.059603,0.000000],[0.812206,0.120899,0.000000,0.009577,0.057317,0.000000],[0.152274,0.121079,0.000000,0.010523,0.716124,0.000000],[0.811902,0.121099,0.000000,0.009606,0.057392,0.000000],[0.815247,0.114997,0.000000,0.009856,0.059900,0.000000],[0.809291,0.123089,0.000000,0.009771,0.057849,0.000000],[0.150148,0.132910,0.000000,0.010610,0.706331,0.000000],[0.144517,0.146151,0.000000,0.010087,0.699245,0.000000],[0.134654,0.110139,0.015641,0.008927,0.730640,0.000000],[1.000000,0.000000,0.000000,0.000000,0.000000,0.000000],[0.836593,0.085673,0.018961,0.007945,0.050829,0.000000],[0.830282,0.104915,0.000000,0.008813,0.055990,0.000000],[0.799029,0.132820,0.000000,0.010130,0.058022,0.000000],[0.791939,0.134793,0.000000,0.010690,0.062578,0.000000],[0.780385,0.147391,0.000000,0.010824,0.061401,0.000000],[0.133733,0.154357,0.000000,0.011945,0.699965,0.000000],[0.752282,0.168495,0.000000,0.011693,0.067531,0.000000],[0.760699,0.157565,0.000000,0.011791,0.069945,0.000000],[0.774321,0.146747,0.000000,0.011411,0.067521,0.000000],[0.786092,0.141359,0.000000,0.010765,0.061783,0.000000],[0.130259,0.147818,0.000000,0.011422,0.710501,0.000000],[0.128934,0.155571,0.000000,0.011584,0.703912,0.000000],[0.770471,0.159516,0.000000,0.010846,0.059168,0.000000],[0.127664,0.161989,0.000000,0.011593,0.698755,0.000000],[0.780576,0.149513,0.000000,0.010549,0.059362,0.000000],[0.795103,0.132470,0.000000,0.010488,0.061939,0.000000],[0.804828,0.126609,0.000000,0.010020,0.058543,0.000000],[0.832783,0.103014,0.000000,0.008657,0.055546,0.000000],[0.858537,0.069352,0.016809,0.006916,0.048384,0.000000],[1.000000,0.000000,0.000000,0.000000,0.000000,0.000000]],
  [[1.000000,0.000000,0.000000,0.000000,0.000000,0.000000],[0.804308,0.119699,0.008048,0.009172,0.058774,0.000000],[0.149156,0.163882,0.000000,0.012123,0.674840,0.000000],[0.763597,0.164053,0.000000,0.010816,0.061534,0.000000],[0.125129,0.150096,0.000000,0.010854,0.713920,0.000000],[0.000000,0.000000,0.000000,0.000000,0.000000,1.000000],[0.122430,0.138985,0.000000,0.010108,0.728476,0.000000],[0.799007,0.138399,0.000000,0.009368,0.053226,0.000000],[0.798445,0.136732,0.000000,0.009698,0.055124,0.000000],[0.814087,0.121784,0.000000,0.009181,0.054947,0.000000],[0.812178,0.121015,0.000000,0.009564,0.057243,0.000000],[0.810461,0.124095,0.000000,0.009447,0.055998,0.000000],[0.150189,0.123761,0.000000,0.010346,0.715704,0.000000],[0.816408,0.115883,0.000000,0.009554,0.058155,0.000000],[0.817656,0.113180,0.000000,0.009702,0.059462,0.000000],[0.810815,0.122027,0.000000,0.009670,0.057488,0.000000],[0.146642,0.141231,0.000000,0.010409,0.701718,0.000000],[0.158156,0.114907,0.011913,0.008908,0.706115,0.000000],[0.148721,0.087637,0.017275,0.007986,0.738382,0.000000],[1.000000,0.000000,0.000000,0.000000,0.000000,0.000000],[0.853458,0.072928,0.016111,0.007315,0.050188,0.000000],[0.152620,0.113210,0.000000,0.010027,0.724143,0.000000],[0.800399,0.132174,0.000000,0.010012,0.057414,0.000000],[0.133470,0.142186,0.000000,0.011437,0.712907,0.000000],[0.764386,0.158737,0.000000,0.011390,0.065487,0.000000],[0.751582,0.167049,0.000000,0.011959,0.069410,0.000000],[0.174428,0.181721,0.000000,0.013870,0.629981,0.000000],[0.520621,0.202081,0.000000,0.015795,0.261503,0.000000],[0.777064,0.142633,0.000000,0.011482,0.068821,0.000000],[0.786861,0.140829,0.000000,0.010706,0.061605,0.000000],[0.127673,0.151137,0.000000,0.011247,0.709943,0.000000],[0.780830,0.152931,0.000000,0.010372,0.055867,0.000000],[0.779820,0.153798,0.000000,0.010425,0.055958,0.000000],[0.127904,0.153273,0.000000,0.011374,0.707449,0.000000],[0.129860,0.145455,0.000000,0.011247,0.713439,0.000000],[0.799992,0.130346,0.000000,0.010316,0.059345,0.000000],[0.803825,0.127502,0.000000,0.010080,0.058593,0.000000],[0.150902,0.117095,0.000000,0.009968,0.722034,0.000000],[0.856217,0.074262,0.014579,0.006999,0.047943,0.000000],[1.000000,0.000000,0.000000,0.000000,0.000000,0.000000]],
  [[1.000000,0.000000,0.000000,0.000000,0.000000,0.000000],[0.798455,0.123632,0.014081,0.009022,0.054810,0.000000],[0.129676,0.166466,0.000000,0.011666,0.692192,0.000000],[0.126897,0.171980,0.000000,0.011827,0.689297,0.000000],[0.127256,0.156870,0.000000,0.011408,0.704466,0.000000],[0.121476,0.162373,0.000000,0.010767,0.705383,0.000000],[0.122982,0.134642,0.000000,0.010009,0.732368,0.000000],[0.000000,0.000000,0.000000,0.000000,0.000000,1.000000],[0.126836,0.129703,0.000000,0.010262,0.733200,0.000000],[0.127377,0.150449,0.000000,0.011017,0.711156,0.000000],[0.127718,0.151905,0.000000,0.011239,0.709138,0.000000],[0.129932,0.145911,0.000000,0.011249,0.712908,0.000000],[0.796243,0.135226,0.000000,0.010280,0.058251,0.000000],[0.799921,0.130404,0.000000,0.010328,0.059347,0.000000],[0.796316,0.135046,0.000000,0.010293,0.058344,0.000000],[0.129745,0.145623,0.000000,0.011256,0.713376,0.000000],[0.806831,0.129199,0.000000,0.009376,0.054594,0.000000],[0.160630,0.102869,0.011976,0.009056,0.715470,0.000000],[1.000000,0.000000,0.000000,0.000000,0.000000,0.000000],[1.000000,0.000000,0.000000,0.000000,0.000000,0.000000],[0.853806,0.065946,0.023316,0.007070,0.049862,0.000000],[0.828828,0.097907,0.011816,0.008495,0.052954,0.000000],[0.798754,0.133390,0.000000,0.010107,0.057750,0.000000],[0.786034,0.141218,0.000000,0.010750,0.061997,0.000000],[0.150404,0.166986,0.000000,0.012522,0.670087,0.000000],[0.504528,0.226467,0.000000,0.016276,0.252729,0.000000],[0.746292,0.167398,0.000000,0.012194,0.074115,0.000000],[0.768328,0.149528,0.000000,0.011558,0.070586,0.000000],[0.780071,0.142564,0.000000,0.011020,0.066346,0.000000],[0.789944,0.138443,0.000000,0.010523,0.061090,0.000000],[0.791469,0.140825,0.000000,0.010296,0.057410,0.000000],[0.150986,0.126085,0.000000,0.010524,0.712405,0.000000],[0.149386,0.130491,0.000000,0.010471,0.709651,0.000000],[0.809401,0.125038,0.000000,0.009499,0.056062,0.000000],[0.814134,0.119458,0.000000,0.009460,0.056948,0.000000],[0.820039,0.111317,0.000000,0.009543,0.059101,0.000000],[0.819343,0.113770,0.000000,0.009345,0.057542,0.000000],[0.825228,0.112413,0.000000,0.008668,0.053691,0.000000],[0.151862,0.084140,0.016471,0.008068,0.739459,0.000000],[1.000000,0.000000,0.000000,0.000000,0.000000,0.000000]],
  [[1.000000,0.000000,0.000000,0.000000,0.000000,0.000000],[0.140636,0.145301,0.010350,0.010815,0.692899,0.000000],[0.146607,0.185731,0.000000,0.012658,0.655004,0.000000],[0.742761,0.176172,0.000000,0.012107,0.068960,0.000000],[0.744233,0.174970,0.000000,0.012041,0.068757,0.000000],[0.145169,0.181356,0.000000,0.012417,0.661058,0.000000],[0.143302,0.145951,0.000000,0.011005,0.699743,0.000000],[0.000000,0.000000,0.000000,0.000000,0.000000,1.000000],[0.812694,0.122211,0.000000,0.009318,0.055777,0.000000],[0.124888,0.154245,0.000000,0.010882,0.709985,0.000000],[0.780063,0.152288,0.000000,0.010286,0.057363,0.000000],[0.785998,0.143591,0.000000,0.010494,0.059917,0.000000],[0.793380,0.133899,0.000000,0.010586,0.062135,0.000000],[0.797362,0.128865,0.000000,0.010613,0.063160,0.000000],[0.791959,0.136922,0.000000,0.010438,0.060682,0.000000],[0.129683,0.144723,0.000000,0.011189,0.714405,0.000000],[0.811520,0.123599,0.000000,0.009352,0.055529,0.000000],[0.838321,0.090204,0.010136,0.008184,0.053155,0.000000],[0.861651,0.066782,0.012234,0.007290,0.052043,0.000000],[1.000000,0.000000,0.000000,0.000000,0.000000,0.000000],[1.000000,0.000000,0.000000,0.000000,0.000000,0.000000],[0.823790,0.103153,0.011708,0.008605,0.052744,0.000000],[0.796779,0.134987,0.000000,0.010210,0.058024,0.000000],[0.786736,0.140614,0.000000,0.010711,0.061939,0.000000],[0.773964,0.149424,0.000000,0.011083,0.065528,0.000000],[0.152419,0.152313,0.000000,0.012055,0.683212,0.000000],[0.778495,0.140879,0.000000,0.011031,0.069596,0.000000],[0.797377,0.126336,0.000000,0.010471,0.065816,0.000000],[0.798222,0.130293,0.000000,0.010235,0.061249,0.000000],[0.134339,0.133398,0.000000,0.011153,0.721110,0.000000],[0.797800,0.134003,0.000000,0.010196,0.058001,0.000000],[0.813864,0.119731,0.000000,0.009468,0.056936,0.000000],[0.829158,0.106322,0.000000,0.008781,0.055739,0.000000],[0.168083,0.106493,0.000000,0.009660,0.715765,0.000000],[0.836149,0.095946,0.000000,0.008929,0.058976,0.000000],[0.837872,0.092923,0.000000,0.009002,0.060204,0.000000],[0.834765,0.098721,0.000000,0.008807,0.057707,0.000000],[0.167903,0.106379,0.000000,0.009436,0.716282,0.000000],[0.852969,0.079249,0.012885,0.007105,0.047791,0.000000],[1.000000,0.000000,0.000000,0.000000,0.000000,0.000000]],
  [[1.000000,0.000000,0.000000,0.000000,0.000000,0.000000],[0.141489,0.146362,0.010569,0.010886,0.690694,0.000000],[0.496419,0.241912,0.000000,0.016381,0.245289,0.000000],[0.745318,0.169501,0.000000,0.012577,0.072603,0.000000],[0.747396,0.167702,0.000000,0.012484,0.072418,0.000000],[0.505549,0.227149,0.000000,0.016191,0.251111,0.000000],[0.777932,0.148684,0.000000,0.010530,0.062854,0.000000],[0.000000,0.000000,0.000000,0.000000,0.000000,1.000000],[0.807805,0.126743,0.000000,0.009506,0.055946,0.000000],[0.797210,0.136927,0.000000,0.009893,0.055970,0.000000],[0.133123,0.142608,0.000000,0.011423,0.712846,0.000000],[0.779272,0.143307,0.000000,0.011113,0.066308,0.000000],[0.782692,0.138533,0.000000,0.011167,0.067608,0.000000],[0.784533,0.137022,0.000000,0.011077,0.067368,0.000000],[0.793203,0.133998,0.000000,0.010603,0.062195,0.000000],[0.794629,0.136412,0.000000,0.010378,0.058581,0.000000],[0.150442,0.124453,0.000000,0.010354,0.714751,0.000000],[0.837397,0.097450,0.000000,0.008613,0.056540,0.000000],[0.855953,0.073882,0.008798,0.007647,0.053720,0.000000],[0.859329,0.070307,0.009905,0.007471,0.052989,0.000000],[0.844019,0.085016,0.011008,0.007883,0.052074,0.000000],[0.140845,0.116552,0.013581,0.009520,0.719503,0.000000],[0.129831,0.145402,0.000000,0.011148,0.713620,0.000000],[0.788579,0.141635,0.000000,0.010303,0.059483,0.000000],[0.796291,0.134097,0.000000,0.010063,0.059548,0.000000],[0.806975,0.124078,0.000000,0.009622,0.059326,0.000000],[0.000000,0.000000,0.000000,0.000000,0.000000,1.000000],[0.816582,0.113145,0.000000,0.009523,0.060750,0.000000],[0.809230,0.123577,0.000000,0.009704,0.057489,0.000000],[0.803762,0.127350,0.000000,0.010088,0.058800,0.000000],[0.802148,0.128652,0.000000,0.010198,0.059002,0.000000],[0.819677,0.111666,0.000000,0.009559,0.059099,0.000000],[0.151541,0.118845,0.000000,0.010326,0.719288,0.000000],[0.818171,0.114639,0.000000,0.009431,0.057759,0.000000],[0.820919,0.110689,0.000000,0.009491,0.058901,0.000000],[0.820345,0.111134,0.000000,0.009522,0.058999,0.000000],[0.813097,0.122188,0.000000,0.009262,0.055453,0.000000],[0.148417,0.127809,0.000000,0.010042,0.713732,0.000000],[0.837306,0.092187,0.014975,0.007622,0.047910,0.000000],[1.000000,0.000000,0.000000,0.000000,0.000000,0.000000]],
  [[1.000000,0.000000,0.000000,0.000000,0.000000,0.000000],[0.796191,0.127277,0.008772,0.009343,0.058417,0.000000],[0.148628,0.175469,0.000000,0.012442,0.663461,0.000000],[0.749558,0.168310,0.000000,0.012052,0.070080,0.000000],[0.754380,0.162115,0.000000,0.012103,0.071401,0.000000],[0.156222,0.158087,0.000000,0.012748,0.672942,0.000000],[0.776397,0.148813,0.000000,0.010785,0.064005,0.000000],[0.129192,0.138232,0.000000,0.010800,0.721777,0.000000],[0.128013,0.135783,0.000000,0.010614,0.725590,0.000000],[0.796671,0.137046,0.000000,0.009957,0.056325,0.000000],[0.788825,0.139308,0.000000,0.010584,0.061283,0.000000],[0.775271,0.148336,0.000000,0.011060,0.065333,0.000000],[0.534272,0.185383,0.000000,0.015059,0.265287,0.000000],[0.778513,0.143646,0.000000,0.011147,0.066694,0.000000],[0.790731,0.135798,0.000000,0.010739,0.062733,0.000000],[0.790972,0.141069,0.000000,0.010330,0.057629,0.000000],[0.812152,0.121083,0.000000,0.009562,0.057203,0.000000],[0.167060,0.110154,0.000000,0.009579,0.713207,0.000000],[0.837157,0.097419,0.000000,0.008638,0.056787,0.000000],[0.838414,0.096472,0.000000,0.008560,0.056554,0.000000],[0.168843,0.102322,0.000000,0.009572,0.719264,0.000000],[0.816799,0.119939,0.000000,0.009001,0.054261,0.000000],[0.129643,0.144598,0.000000,0.011072,0.714687,0.000000],[0.794311,0.140737,0.000000,0.009811,0.055140,0.000000],[0.130372,0.130497,0.000000,0.010490,0.728640,0.000000],[0.825659,0.110217,0.000000,0.008804,0.055320,0.000000],[0.000000,0.000000,0.000000,0.000000,0.000000,1.000000],[0.827247,0.106122,0.000000,0.009073,0.057558,0.000000],[0.811400,0.120042,0.000000,0.009819,0.058739,0.000000],[0.803779,0.125301,0.000000,0.010328,0.060591,0.000000],[0.801424,0.127143,0.000000,0.010478,0.060955,0.000000],[0.797326,0.132119,0.000000,0.010470,0.060085,0.000000],[0.797948,0.131732,0.000000,0.010435,0.059885,0.000000],[0.799568,0.130552,0.000000,0.010345,0.059535,0.000000],[0.802808,0.126181,0.000000,0.010410,0.060602,0.000000],[0.798478,0.131336,0.000000,0.010408,0.059778,0.000000],[0.129852,0.144898,0.000000,0.011161,0.714089,0.000000],[0.129883,0.145137,0.000000,0.010976,0.714004,0.000000],[0.820130,0.104935,0.017245,0.008356,0.049333,0.000000],[1.000000,0.000000,0.000000,0.000000,0.000000,0.000000]],
  [[1.000000,0.000000,0.000000,0.000000,0.000000,0.000000],[0.813699,0.108712,0.016404,0.008662,0.052523,0.000000],[0.131712,0.148047,0.000000,0.011251,0.708990,0.000000],[0.132244,0.150428,0.000000,0.011638,0.705691,0.000000],[0.773505,0.150896,0.000000,0.011091,0.064509,0.000000],[0.785283,0.142031,0.000000,0.010766,0.061920,0.000000],[0.783166,0.147525,0.000000,0.010378,0.058931,0.000000],[0.130035,0.144841,0.000000,0.011164,0.713960,0.000000],[0.794665,0.138458,0.000000,0.010096,0.056781,0.000000],[0.796034,0.135428,0.000000,0.010265,0.058272,0.000000],[0.135868,0.138052,0.000000,0.011527,0.714552,0.000000],[0.770655,0.147937,0.000000,0.011474,0.069933,0.000000],[0.771192,0.145456,0.000000,0.011685,0.071667,0.000000],[0.770422,0.148140,0.000000,0.011492,0.069946,0.000000],[0.133795,0.144004,0.000000,0.011554,0.710646,0.000000],[0.786444,0.146603,0.000000,0.010316,0.056637,0.000000],[0.149323,0.130191,0.000000,0.010436,0.710051,0.000000],[0.810813,0.123947,0.000000,0.009414,0.055826,0.000000],[0.151836,0.119552,0.000000,0.010376,0.718236,0.000000],[0.818728,0.114172,0.000000,0.009394,0.057706,0.000000],[0.821351,0.110423,0.000000,0.009443,0.058783,0.000000],[0.819852,0.113310,0.000000,0.009314,0.057525,0.000000],[0.804597,0.127130,0.000000,0.010006,0.058267,0.000000],[0.801930,0.133023,0.000000,0.009627,0.055420,0.000000],[0.130051,0.128371,0.000000,0.010309,0.731269,0.000000],[0.000000,0.000000,0.000000,0.000000,0.000000,1.000000],[0.000000,0.000000,0.000000,0.000000,0.000000,1.000000],[0.812634,0.118009,0.000000,0.009538,0.059819,0.000000],[0.797792,0.130652,0.000000,0.010253,0.061303,0.000000],[0.788130,0.137291,0.000000,0.010888,0.063691,0.000000],[0.777419,0.145562,0.000000,0.011162,0.065857,0.000000],[0.776297,0.146408,0.000000,0.011227,0.066068,0.000000],[0.782504,0.143526,0.000000,0.010976,0.062995,0.000000],[0.788647,0.137082,0.000000,0.010875,0.063396,0.000000],[0.790538,0.135509,0.000000,0.010781,0.063172,0.000000],[0.789838,0.136086,0.000000,0.010799,0.063277,0.000000],[0.783871,0.144804,0.000000,0.010599,0.060725,0.000000],[0.790366,0.142963,0.000000,0.009851,0.056820,0.000000],[0.811259,0.112793,0.015537,0.008611,0.051800,0.000000],[1.000000,0.000000,0.000000,0.000000,0.000000,0.000000]],
  [[1.000000,0.000000,0.000000,0.000000,0.000000,0.000000],[0.823793,0.098357,0.019929,0.008268,0.049653,0.000000],[0.805179,0.128980,0.000000,0.009667,0.056173,0.000000],[0.792273,0.137759,0.000000,0.010492,0.059475,0.000000],[0.790250,0.139356,0.000000,0.010615,0.059780,0.000000],[0.134978,0.137552,0.000000,0.011486,0.715983,0.000000],[0.792263,0.137894,0.000000,0.010514,0.059329,0.000000],[0.795313,0.133738,0.000000,0.010598,0.060350,0.000000],[0.792789,0.137589,0.000000,0.010503,0.059119,0.000000],[0.789676,0.139846,0.000000,0.010667,0.059812,0.000000],[0.776919,0.146506,0.000000,0.011168,0.065407,0.000000],[0.764618,0.152278,0.000000,0.011826,0.071279,0.000000],[0.765915,0.149305,0.000000,0.012001,0.072779,0.000000],[0.763158,0.155824,0.000000,0.011644,0.069373,0.000000],[0.775574,0.150049,0.000000,0.010976,0.063400,0.000000],[0.125288,0.156113,0.000000,0.011177,0.707421,0.000000],[0.150983,0.126040,0.000000,0.010515,0.712462,0.000000],[0.789957,0.143989,0.000000,0.010129,0.055926,0.000000],[0.796669,0.134963,0.000000,0.010251,0.058118,0.000000],[0.798652,0.133229,0.000000,0.010141,0.057977,0.000000],[0.805230,0.124403,0.000000,0.010241,0.060126,0.000000],[0.808775,0.121882,0.000000,0.010010,0.059333,0.000000],[0.812606,0.119388,0.000000,0.009735,0.058272,0.000000],[0.812299,0.119196,0.000000,0.009472,0.059033,0.000000],[0.818436,0.114064,0.000000,0.009154,0.058346,0.000000],[0.820667,0.111714,0.000000,0.009094,0.058526,0.000000],[0.808606,0.123031,0.000000,0.009520,0.058843,0.000000],[0.130513,0.140334,0.000000,0.010948,0.718205,0.000000],[0.767078,0.156981,0.000000,0.011184,0.064756,0.000000],[0.758363,0.163127,0.000000,0.011740,0.066770,0.000000],[0.152387,0.171952,0.000000,0.013019,0.662642,0.000000],[0.152426,0.172479,0.000000,0.013055,0.662041,0.000000],[0.756321,0.164848,0.000000,0.011843,0.066989,0.000000],[0.150587,0.167582,0.000000,0.012664,0.669167,0.000000],[0.779603,0.147756,0.000000,0.010884,0.061757,0.000000],[0.785764,0.139107,0.000000,0.011023,0.064106,0.000000],[0.771380,0.148946,0.000000,0.011527,0.068147,0.000000],[0.154023,0.161643,0.000000,0.012389,0.671945,0.000000],[0.145112,0.132301,0.009559,0.010670,0.702358,0.000000],[1.000000,0.000000,0.000000,0.000000,0.000000,0.000000]],
  [[1.000000,0.000000,0.000000,0.000000,0.000000,0.000000],[0.827123,0.092397,0.022322,0.008169,0.049989,0.000000],[0.807250,0.122145,0.000000,0.009925,0.060681,0.000000],[0.790743,0.135442,0.000000,0.010741,0.063074,0.000000],[0.781652,0.146417,0.000000,0.010751,0.061180,0.000000],[0.781952,0.146114,0.000000,0.010756,0.061178,0.000000],[0.787145,0.140141,0.000000,0.010739,0.061975,0.000000],[0.794414,0.134376,0.000000,0.010676,0.060535,0.000000],[0.780881,0.146965,0.000000,0.010850,0.061305,0.000000],[0.130052,0.156358,0.000000,0.011723,0.701868,0.000000],[0.763897,0.158410,0.000000,0.011645,0.066048,0.000000],[0.752434,0.163521,0.000000,0.012278,0.071767,0.000000],[0.517170,0.205342,0.000000,0.016080,0.261407,0.000000],[0.760716,0.161634,0.000000,0.011640,0.066010,0.000000],[0.131649,0.151790,0.000000,0.011700,0.704861,0.000000],[0.785920,0.146916,0.000000,0.010372,0.056791,0.000000],[0.814122,0.117669,0.000000,0.009684,0.058526,0.000000],[0.793785,0.138969,0.000000,0.010181,0.057065,0.000000],[0.132234,0.139607,0.000000,0.011210,0.716949,0.000000],[0.792690,0.136360,0.000000,0.010364,0.060586,0.000000],[0.799064,0.127572,0.000000,0.010473,0.062891,0.000000],[0.802913,0.126896,0.000000,0.009962,0.060229,0.000000],[0.812598,0.119105,0.000000,0.009444,0.058854,0.000000],[0.822829,0.109764,0.000000,0.008984,0.058423,0.000000],[0.000000,0.000000,0.000000,0.000000,0.000000,1.000000],[0.799656,0.126712,0.000000,0.009961,0.063670,0.000000],[0.774849,0.151409,0.000000,0.010690,0.063051,0.000000],[0.129325,0.164555,0.000000,0.011693,0.694427,0.000000],[0.148782,0.178248,0.000000,0.012835,0.660135,0.000000],[0.493210,0.242220,0.000000,0.016855,0.247715,0.000000],[0.153774,0.177721,0.000000,0.013373,0.655133,0.000000],[0.739281,0.178401,0.000000,0.012362,0.069956,0.000000],[0.491315,0.244417,0.000000,0.016987,0.247282,0.000000],[0.149325,0.177945,0.000000,0.012922,0.659808,0.000000],[0.132991,0.152224,0.000000,0.011791,0.702994,0.000000],[0.782792,0.141371,0.000000,0.011181,0.064655,0.000000],[0.765225,0.155838,0.000000,0.011596,0.067342,0.000000],[0.501458,0.236058,0.000000,0.015970,0.246514,0.000000],[0.793066,0.131465,0.009012,0.009254,0.057203,0.000000],[1.000000,0.000000,0.000000,0.000000,0.000000,0.000000]],
  [[1.000000,0.000000,0.000000,0.000000,0.000000,0.000000],[0.826916,0.093019,0.021761,0.008200,0.050103,0.000000],[0.802827,0.127347,0.000000,0.009941,0.059886,0.000000],[0.771734,0.150777,0.000000,0.011264,0.066224,0.000000],[0.151064,0.167730,0.000000,0.012643,0.668563,0.000000],[0.152703,0.160483,0.000000,0.012598,0.674216,0.000000],[0.786690,0.138729,0.000000,0.010999,0.063583,0.000000],[0.788489,0.140841,0.000000,0.010753,0.059917,0.000000],[0.129530,0.156861,0.000000,0.011717,0.701892,0.000000],[0.145608,0.184354,0.000000,0.012936,0.657102,0.000000],[0.153476,0.181244,0.000000,0.013621,0.651659,0.000000],[0.724379,0.186346,0.000000,0.013212,0.076064,0.000000],[0.150552,0.174939,0.000000,0.013221,0.661288,0.000000],[0.749564,0.176644,0.000000,0.011424,0.062367,0.000000],[0.128721,0.155611,0.000000,0.011583,0.704085,0.000000],[0.790313,0.141531,0.000000,0.010406,0.057750,0.000000],[0.820275,0.109417,0.000000,0.009750,0.060557,0.000000],[0.797933,0.133777,0.000000,0.010199,0.058090,0.000000],[0.132655,0.140074,0.000000,0.011235,0.716035,0.000000],[0.778453,0.146033,0.000000,0.010869,0.064646,0.000000],[0.784119,0.137545,0.000000,0.011036,0.067300,0.000000],[0.790429,0.135260,0.000000,0.010360,0.063951,0.000000],[0.131643,0.118591,0.000000,0.010066,0.739700,0.000000],[0.000000,0.000000,0.000000,0.000000,0.000000,1.000000],[0.000000,0.000000,0.000000,0.000000,0.000000,1.000000],[0.524002,0.203491,0.000000,0.014908,0.257600,0.000000],[0.145515,0.179543,0.000000,0.012333,0.662609,0.000000],[0.762379,0.166415,0.000000,0.010791,0.060416,0.000000],[0.148169,0.175197,0.000000,0.012635,0.663999,0.000000],[0.759512,0.165129,0.000000,0.011305,0.064053,0.000000],[0.753769,0.165642,0.000000,0.011742,0.068847,0.000000],[0.740167,0.176184,0.000000,0.012120,0.071529,0.000000],[0.153206,0.176988,0.000000,0.013254,0.656552,0.000000],[0.750458,0.167817,0.000000,0.012009,0.069716,0.000000],[0.771115,0.150512,0.000000,0.011485,0.066889,0.000000],[0.776701,0.144133,0.000000,0.011433,0.067733,0.000000],[0.765518,0.155596,0.000000,0.011578,0.067309,0.000000],[0.151259,0.168696,0.000000,0.012406,0.667639,0.000000],[0.142557,0.137959,0.009777,0.010669,0.699038,0.000000],[1.000000,0.000000,0.000000,0.000000,0.000000,0.000000]],
