[
  [[1.000000,0.000000,0.000000,0.000000,0.000000,0.000000],[1.000000,0.000000,0.000000,0.000000,0.000000,0.000000],[1.000000,0.000000,0.000000,0.000000,0.000000,0.000000],[1.000000,0.000000,0.000000,0.000000,0.000000,0.000000],[1.000000,0.000000,0.000000,0.000000,0.000000,0.000000],[1.000000,0.000000,0.000000,0.000000,0.000000,0.000000],[1.000000,0.000000,0.000000,0.000000,0.000000,0.000000],[1.000000,0.000000,0.000000,0.000000,0.000000,0.000000],[1.000000,0.000000,0.000000,0.000000,0.000000,0.000000],[1.000000,0.000000,0.000000,0.000000,0.000000,0.000000],[1.000000,0.000000,0.000000,0.000000,0.000000,0.000000],[1.000000,0.000000,0.000000,0.000000,0.000000,0.000000],[1.000000,0.000000,0.000000,0.000000,0.000000,0.000000],[1.000000,0.000000,0.000000,0.000000,0.000000,0.000000],[1.000000,0.000000,0.000000,0.000000,0.000000,0.000000],[1.000000,0.000000,0.000000,0.000000,0.000000,0.000000],[1.000000,0.000000,0.000000,0.000000,0.000000,0.000000],[1.000000,0.000000,0.000000,0.000000,0.000000,0.000000],[1.000000,0.000000,0.000000,0.000000,0.000000,0.000000],[1.000000,0.000000,0.000000,0.000000,0.000000,0.000000],[1.000000,0.000000,0.000000,0.000000,0.000000,0.000000],[1.000000,0.000000,0.000000,0.000000,0.000000,0.000000],[1.000000,0.000000,0.000000,0.000000,0.000000,0.000000],[1.000000,0.000000,0.000000,0.000000,0.000000,0.000000],[1.000000,0.000000,0.000000,0.000000,0.000000,0.000000],[1.000000,0.000000,0.000000,0.000000,0.000000,0.000000],[1.000000,0.000000,0.000000,0.000000,0.000000,0.000000],[1.000000,0.000000,0.000000,0.000000,0.000000,0.000000],[1.000000,0.000000,0.000000,0.000000,0.000000,0.000000],[1.000000,0.000000,0.000000,0.000000,0.000000,0.000000],[1.000000,0.000000,0.000000,0.000000,0.000000,0.000000],[1.000000,0.000000,0.000000,0.000000,0.000000,0.000000],[1.000000,0.000000,0.000000,0.000000,0.000000,0.000000],[1.000000,0.000000,0.000000,0.000000,0.000000,0.000000],[1.000000,0.000000,0.000000,0.000000,0.000000,0.000000],[1.000000,0.000000,0.000000,0.000000,0.000000,0.000000],[1.000000,0.000000,0.000000,0.000000,0.000000,0.000000],[1.000000,0.000000,0.000000,0.000000,0.000000,0.000000],[1.000000,0.000000,0.000000,0.000000,0.000000,0.000000],[1.000000,0.000000,0.000000,0.000000,0.000000,0.000000]],
  [[1.000000,0.000000,0.000000,0.000000,0.000000,0.000000],[0.113910,0.080037,0.041779,0.008101,0.756173,0.000000],[0.814159,0.113631,0.007387,0.008562,0.056261,0.000000],[0.145946,0.123430,0.008698,0.010370,0.711556,0.000000],[0.804428,0.116147,0.008130,0.009219,0.062075,0.000000],[0.818137,0.094674,0.025579,0.008165,0.053445,0.000000],[1.000000,0.000000,0.000000,0.000000,0.000000,0.000000],[1.000000,0.000000,0.000000,0.000000,0.000000,0.000000],[1.000000,0.000000,0.000000,0.000000,0.000000,0.000000],[0.109009,0.071311,0.048331,0.007557,0.763792,0.000000],[0.854383,0.062926,0.032446,0.006271,0.043975,0.000000],[0.832628,0.083183,0.031579,0.007177,0.045433,0.000000],[0.830497,0.073664,0.040026,0.007247,0.048566,0.000000],[0.821839,0.095353,0.018856,0.008032,0.055921,0.000000],[0.822280,0.093913,0.017783,0.008234,0.057790,0.000000],[0.819768,0.105550,0.007015,0.008756,0.058912,0.000000],[0.820236,0.099769,0.019907,0.008367,0.051721,0.000000],[0.819985,0.106506,0.017572,0.008135,0.047801,0.000000],[0.135158,0.098108,0.018886,0.008648,0.739201,0.000000],[0.855289,0.075067,0.014312,0.007077,0.048256,0.000000],[0.842491,0.082639,0.018404,0.007548,0.048917,0.000000],[0.824485,0.097738,0.020143,0.008212,0.049421,0.000000],[0.814845,0.107367,0.017068,0.008559,0.052160,0.000000],[0.144960,0.131967,0.009475,0.010622,0.702977,0.000000],[0.143376,0.138636,0.009919,0.010708,0.697360,0.000000],[0.800348,0.122286,0.008557,0.009350,0.059459,0.000000],[0.811503,0.110548,0.015975,0.008803,0.053172,0.000000],[0.815218,0.111088,0.016086,0.008453,0.049155,0.000000],[0.115053,0.122371,0.019058,0.009469,0.734050,0.000000],[0.116485,0.116474,0.020214,0.009437,0.737390,0.000000],[0.823659,0.098919,0.019466,0.008279,0.049677,0.000000],[0.827412,0.092220,0.022278,0.008150,0.049941,0.000000],[0.825951,0.095198,0.021884,0.008056,0.048910,0.000000],[0.825619,0.096506,0.020688,0.008118,0.049069,0.000000],[0.823423,0.100499,0.019767,0.008069,0.048241,0.000000],[0.118656,0.102594,0.025363,0.009199,0.744188,0.000000],[0.827337,0.093294,0.022986,0.007918,0.048465,0.000000],[0.834521,0.084799,0.025371,0.007572,0.047738,0.000000],[0.859162,0.056793,0.032649,0.006261,0.045134,0.000000],[1.000000,0.000000,0.000000,0.000000,0.000000,0.000000]],
  [[1.000000,0.000000,0.000000,0.000000,0.000000,0.000000],[0.821796,0.102786,0.017415,0.008073,0.049930,0.000000],[0.792799,0.139141,0.000000,0.009543,0.058518,0.000000],[0.532687,0.192197,0.000000,0.014720,0.260397,0.000000],[0.782275,0.140276,0.000000,0.010602,0.066847,0.000000],[0.759917,0.131107,0.034504,0.010200,0.064273,0.000000],[0.147380,0.129894,0.009665,0.010704,0.702357,0.000000],[1.000000,0.000000,0.000000,0.000000,0.000000,0.000000],[1.000000,0.000000,0.000000,0.000000,0.000000,0.000000],[1.000000,0.000000,0.000000,0.000000,0.000000,0.000000],[0.135115,0.090251,0.022930,0.008388,0.743316,0.000000],[0.000000,0.000000,0.000000,0.000000,0.000000,1.000000],[0.129236,0.122963,0.000000,0.009977,0.737824,0.000000],[0.000000,0.000000,0.000000,0.000000,0.000000,1.000000],[0.548521,0.170242,0.000000,0.013854,0.267383,0.000000],[0.798165,0.127952,0.000000,0.010135,0.063748,0.000000],[0.803996,0.126797,0.000000,0.009853,0.059353,0.000000],[0.129567,0.144126,0.000000,0.010892,0.715416,0.000000],[0.150094,0.123793,0.000000,0.010117,0.715996,0.000000],[0.825732,0.110135,0.000000,0.008869,0.055264,0.000000],[0.829139,0.105668,0.000000,0.008892,0.056302,0.000000],[0.134090,0.132727,0.000000,0.010925,0.722258,0.000000],[0.794637,0.137514,0.000000,0.009878,0.057970,0.000000],[0.775255,0.151663,0.000000,0.010615,0.062467,0.000000],[0.501535,0.235993,0.000000,0.015965,0.246506,0.000000],[0.151188,0.167845,0.000000,0.012386,0.668581,0.000000],[0.788501,0.142336,0.000000,0.010233,0.058930,0.000000],[0.126346,0.158790,0.000000,0.011140,0.703724,0.000000],[0.126532,0.160145,0.000000,0.011167,0.702156,0.000000],[0.789362,0.144051,0.000000,0.009891,0.056696,0.000000],[0.801983,0.128263,0.000000,0.009958,0.059796,0.000000],[0.808126,0.121509,0.000000,0.009865,0.060500,0.000000],[0.806574,0.124716,0.000000,0.009711,0.059000,0.000000],[0.134819,0.133313,0.000000,0.010958,0.720909,0.000000],[0.802399,0.130074,0.000000,0.009665,0.057861,0.000000],[0.806554,0.124950,0.000000,0.009676,0.058820,0.000000],[0.810136,0.122116,0.000000,0.009488,0.058260,0.000000],[0.825518,0.110775,0.000000,0.008880,0.054827,0.000000],[0.850786,0.072225,0.022424,0.007002,0.047562,0.000000],[1.000000,0.000000,0.000000,0.000000,0.000000,0.000000]],
  [[1.000000,0.000000,0.000000,0.000000,0.000000,0.000000],[0.118975,0.111702,0.020427,0.009429,0.739466,0.000000],[0.789781,0.138513,0.000000,0.010060,0.061646,0.000000],[0.783935,0.137270,0.000000,0.011029,0.067765,0.000000],[0.778107,0.140473,0.000000,0.011178,0.070242,0.000000],[0.775962,0.145811,0.000000,0.010914,0.067312,0.000000],[0.471841,0.158925,0.128562,0.013099,0.227573,0.000000],[0.814841,0.110387,0.007368,0.008835,0.058569,0.000000],[1.000000,0.000000,0.000000,0.000000,0.000000,0.000000],[0.000000,0.000000,0.000000,0.000000,0.000000,1.000000],[0.837901,0.088259,0.017093,0.007697,0.049049,0.000000],[0.806140,0.131214,0.000000,0.009200,0.053446,0.000000],[0.127374,0.130063,0.000000,0.010283,0.732279,0.000000],[0.781644,0.147062,0.000000,0.010220,0.061073,0.000000],[0.785819,0.137334,0.000000,0.010778,0.066069,0.000000],[0.780795,0.142010,0.000000,0.010993,0.066202,0.000000],[0.786936,0.140540,0.000000,0.010684,0.061839,0.000000],[0.789853,0.142002,0.000000,0.010363,0.057782,0.000000],[0.788703,0.144897,0.000000,0.010184,0.056217,0.000000],[0.813308,0.120069,0.000000,0.009495,0.057129,0.000000],[0.815004,0.118727,0.000000,0.009394,0.056875,0.000000],[0.796755,0.134696,0.000000,0.010234,0.058315,0.000000],[0.787819,0.139718,0.000000,0.010635,0.061827,0.000000],[0.152780,0.159734,0.000000,0.012492,0.674994,0.000000],[0.763523,0.159609,0.000000,0.011404,0.065464,0.000000],[0.763186,0.159738,0.000000,0.011445,0.065631,0.000000],[0.129518,0.155803,0.000000,0.011606,0.703074,0.000000],[0.771501,0.158639,0.000000,0.010760,0.059100,0.000000],[0.146178,0.171972,0.000000,0.012461,0.669389,0.000000],[0.765109,0.158323,0.000000,0.011364,0.065205,0.000000],[0.776147,0.145301,0.000000,0.011291,0.067262,0.000000],[0.791974,0.134426,0.000000,0.010666,0.062933,0.000000],[0.792349,0.134250,0.000000,0.010616,0.062785,0.000000],[0.779496,0.142801,0.000000,0.011067,0.066636,0.000000],[0.778150,0.143911,0.000000,0.011122,0.066817,0.000000],[0.783267,0.137736,0.000000,0.011101,0.067897,0.000000],[0.799443,0.126866,0.000000,0.010442,0.063250,0.000000],[0.816460,0.116733,0.000000,0.009469,0.057338,0.000000],[0.829629,0.088554,0.024705,0.007922,0.049189,0.000000],[1.000000,0.000000,0.000000,0.000000,0.000000,0.000000]],
  [[1.000000,0.000000,0.000000,0.000000,0.000000,0.000000],[0.117620,0.108744,0.022994,0.009248,0.741394,0.000000],[0.807486,0.126590,0.000000,0.009328,0.056595,0.000000],[0.803870,0.124387,0.000000,0.010114,0.061630,0.000000],[0.795943,0.128555,0.000000,0.010461,0.065041,0.000000],[0.769060,0.128504,0.025628,0.010475,0.066333,0.000000],[0.801653,0.118325,0.009214,0.009559,0.061249,0.000000],[0.818502,0.097995,0.015103,0.008622,0.059778,0.000000],[1.000000,0.000000,0.000000,0.000000,0.000000,0.000000],[0.115118,0.088848,0.035810,0.008594,0.751630,0.000000],[0.834333,0.103320,0.000000,0.008393,0.053955,0.000000],[0.802122,0.133381,0.000000,0.009601,0.054896,0.000000],[0.128034,0.151225,0.000000,0.011129,0.709612,0.000000],[0.774352,0.155390,0.000000,0.010441,0.059818,0.000000],[0.132962,0.152439,0.000000,0.011718,0.702880,0.000000],[0.773750,0.151216,0.000000,0.011056,0.063978,0.000000],[0.773548,0.151216,0.000000,0.011099,0.064137,0.000000],[0.128811,0.153473,0.000000,0.011445,0.706271,0.000000],[0.785687,0.147216,0.000000,0.010368,0.056729,0.000000],[0.150894,0.125762,0.000000,0.010497,0.712848,0.000000],[0.150491,0.124579,0.000000,0.010392,0.714538,0.000000],[0.795927,0.135504,0.000000,0.010289,0.058280,0.000000],[0.789755,0.138304,0.000000,0.010554,0.061386,0.000000],[0.787451,0.140012,0.000000,0.010678,0.061859,0.000000],[0.133844,0.143483,0.000000,0.011532,0.711142,0.000000],[0.783380,0.143303,0.000000,0.010909,0.062408,0.000000],[0.778533,0.148951,0.000000,0.010934,0.061582,0.000000],[0.129655,0.156844,0.000000,0.011671,0.701830,0.000000],[0.762105,0.160927,0.000000,0.011526,0.065442,0.000000],[0.514299,0.213177,0.000000,0.015994,0.256530,0.000000],[0.152042,0.159555,0.000000,0.012491,0.675912,0.000000],[0.785062,0.141900,0.000000,0.010803,0.062236,0.000000],[0.786707,0.138589,0.000000,0.010946,0.063759,0.000000],[0.766584,0.150781,0.000000,0.011710,0.070926,0.000000],[0.521370,0.201519,0.000000,0.015725,0.261386,0.000000],[0.765513,0.151588,0.000000,0.011736,0.071163,0.000000],[0.785095,0.138224,0.000000,0.010891,0.065790,0.000000],[0.805714,0.125352,0.000000,0.009747,0.059187,0.000000],[0.825940,0.095540,0.021528,0.008070,0.048922,0.000000],[1.000000,0.000000,0.000000,0.000000,0.000000,0.000000]],
  [[1.000000,0.000000,0.000000,0.000000,0.000000,0.000000],[0.834489,0.081199,0.030823,0.007260,0.046230,0.000000],[0.820273,0.107439,0.013228,0.008490,0.050571,0.000000],[0.815148,0.108478,0.013432,0.009075,0.053867,0.000000],[0.809898,0.108404,0.015737,0.009313,0.056648,0.000000],[0.812387,0.102865,0.019809,0.009105,0.055834,0.000000],[1.000000,0.000000,0.000000,0.000000,0.000000,0.000000],[1.000000,0.000000,0.000000,0.000000,0.000000,0.000000],[1.000000,0.000000,0.000000,0.000000,0.000000,0.000000],[0.814900,0.108245,0.015700,0.008912,0.052244,0.000000],[0.825108,0.110292,0.000000,0.008929,0.055671,0.000000],[0.131737,0.138853,0.000000,0.011130,0.718280,0.000000],[0.786088,0.146891,0.000000,0.010330,0.056691,0.000000],[0.126939,0.160452,0.000000,0.011491,0.701118,0.000000],[0.146941,0.173428,0.000000,0.012592,0.667039,0.000000],[0.757755,0.163936,0.000000,0.011767,0.066541,0.000000],[0.150012,0.168942,0.000000,0.012730,0.668315,0.000000],[0.129679,0.156565,0.000000,0.011650,0.702106,0.000000],[0.128034,0.152999,0.000000,0.011380,0.707587,0.000000],[0.786501,0.146575,0.000000,0.010315,0.056608,0.000000],[0.789394,0.144387,0.000000,0.010148,0.056071,0.000000],[0.129443,0.143320,0.000000,0.011076,0.716161,0.000000],[0.800424,0.130004,0.000000,0.010290,0.059282,0.000000],[0.800629,0.129786,0.000000,0.010284,0.059301,0.000000],[0.796579,0.134795,0.000000,0.010268,0.058357,0.000000],[0.791163,0.140941,0.000000,0.010322,0.057574,0.000000],[0.785385,0.147354,0.000000,0.010383,0.056877,0.000000],[0.128589,0.153750,0.000000,0.011436,0.706226,0.000000],[0.765910,0.157825,0.000000,0.011329,0.064936,0.000000],[0.765304,0.158263,0.000000,0.011353,0.065080,0.000000],[0.767508,0.156426,0.000000,0.011244,0.064822,0.000000],[0.131399,0.148181,0.000000,0.011480,0.708940,0.000000],[0.781560,0.144529,0.000000,0.011004,0.062907,0.000000],[0.756777,0.162720,0.000000,0.011744,0.068759,0.000000],[0.170960,0.186784,0.000000,0.013765,0.628490,0.000000],[0.743151,0.169767,0.000000,0.012419,0.074663,0.000000],[0.765201,0.154346,0.000000,0.011452,0.069001,0.000000],[0.133051,0.140129,0.000000,0.011042,0.715778,0.000000],[0.822859,0.101273,0.019282,0.008135,0.048450,0.000000],[1.000000,0.000000,0.000000,0.000000,0.000000,0.000000]],
  [[1.000000,0.000000,0.000000,0.000000,0.000000,0.000000],[1.000000,0.000000,0.000000,0.000000,0.000000,0.000000],[0.849266,0.068012,0.027748,0.006980,0.047994,0.000000],[0.821896,0.097484,0.022192,0.008326,0.050103,0.000000],[1.000000,0.000000,0.000000,0.000000,0.000000,0.000000],[1.000000,0.000000,0.000000,0.000000,0.000000,0.000000],[0.817665,0.102753,0.019434,0.008704,0.051444,0.000000],[0.815818,0.103790,0.019618,0.008834,0.051940,0.000000],[0.811572,0.110704,0.015417,0.009144,0.053164,0.000000],[0.805250,0.117047,0.013906,0.009462,0.054335,0.000000],[0.819654,0.113833,0.000000,0.009315,0.057197,0.000000],[0.814224,0.117543,0.000000,0.009676,0.058557,0.000000],[0.785504,0.147259,0.000000,0.010387,0.056849,0.000000],[0.131823,0.151286,0.000000,0.011714,0.705177,0.000000],[0.758960,0.163115,0.000000,0.011719,0.066207,0.000000],[0.502580,0.228551,0.000000,0.016561,0.252309,0.000000],[0.750530,0.167802,0.000000,0.012072,0.069596,0.000000],[0.764595,0.160017,0.000000,0.011327,0.064060,0.000000],[0.779702,0.146061,0.000000,0.011108,0.063129,0.000000],[0.784585,0.142409,0.000000,0.010834,0.062172,0.000000],[0.132766,0.141230,0.000000,0.011338,0.714667,0.000000],[0.796862,0.134569,0.000000,0.010232,0.058338,0.000000],[0.802545,0.128346,0.000000,0.010165,0.058944,0.000000],[0.806395,0.123604,0.000000,0.010190,0.059811,0.000000],[0.821418,0.110422,0.000000,0.009451,0.058710,0.000000],[0.151671,0.119222,0.000000,0.010360,0.718747,0.000000],[0.129654,0.145089,0.000000,0.011214,0.714043,0.000000],[0.784520,0.144669,0.000000,0.010603,0.060207,0.000000],[0.133201,0.143608,0.000000,0.011537,0.711654,0.000000],[0.784065,0.142863,0.000000,0.010865,0.062207,0.000000],[0.133315,0.143382,0.000000,0.011525,0.711778,0.000000],[0.783565,0.143026,0.000000,0.010911,0.062499,0.000000],[0.777235,0.149735,0.000000,0.011010,0.062020,0.000000],[0.131942,0.160647,0.000000,0.011997,0.695413,0.000000],[0.149240,0.178100,0.000000,0.012945,0.659714,0.000000],[0.510654,0.216165,0.000000,0.016244,0.256937,0.000000],[0.764123,0.155201,0.000000,0.011524,0.069152,0.000000],[0.133258,0.140808,0.000000,0.011093,0.714842,0.000000],[0.822519,0.101601,0.019175,0.008161,0.048544,0.000000],[1.000000,0.000000,0.000000,0.000000,0.000000,0.000000]],
  [[1.000000,0.000000,0.000000,0.000000,0.000000,0.000000],[1.000000,0.000000,0.000000,0.000000,0.000000,0.000000],[1.000000,0.000000,0.000000,0.000000,0.000000,0.000000],[1.000000,0.000000,0.000000,0.000000,0.000000,0.000000],[0.136115,0.093346,0.019845,0.008721,0.741973,0.000000],[0.138917,0.105645,0.014903,0.009145,0.731390,0.000000],[0.803008,0.123064,0.013407,0.009079,0.051442,0.000000],[0.800506,0.134721,0.000000,0.009693,0.055080,0.000000],[0.129677,0.144519,0.000000,0.011054,0.714750,0.000000],[0.797188,0.134875,0.000000,0.010182,0.057754,0.000000],[0.792028,0.140461,0.000000,0.010259,0.057252,0.000000],[0.129859,0.146244,0.000000,0.011315,0.712582,0.000000],[0.784459,0.147956,0.000000,0.010453,0.057132,0.000000],[0.781317,0.144942,0.000000,0.011053,0.062688,0.000000],[0.763938,0.156957,0.000000,0.011740,0.067365,0.000000],[0.756343,0.165012,0.000000,0.011872,0.066773,0.000000],[0.150851,0.171920,0.000000,0.012982,0.664246,0.000000],[0.755722,0.161267,0.000000,0.012076,0.070935,0.000000],[0.765288,0.149797,0.000000,0.012053,0.072862,0.000000],[0.767989,0.149866,0.000000,0.011630,0.070515,0.000000],[0.784461,0.138921,0.000000,0.010960,0.065658,0.000000],[0.794833,0.132634,0.000000,0.010487,0.062045,0.000000],[0.801836,0.125513,0.000000,0.010345,0.062306,0.000000],[0.807165,0.122949,0.000000,0.010141,0.059745,0.000000],[0.822295,0.109699,0.000000,0.009398,0.058608,0.000000],[0.817707,0.114967,0.000000,0.009464,0.057862,0.000000],[0.794934,0.136235,0.000000,0.010369,0.058462,0.000000],[0.790473,0.141473,0.000000,0.010374,0.057680,0.000000],[0.791806,0.138483,0.000000,0.010548,0.059163,0.000000],[0.784428,0.144417,0.000000,0.010614,0.060540,0.000000],[0.787182,0.138207,0.000000,0.010959,0.063652,0.000000],[0.783533,0.141017,0.000000,0.011162,0.064288,0.000000],[0.773186,0.152668,0.000000,0.011236,0.062910,0.000000],[0.130566,0.160120,0.000000,0.011966,0.697347,0.000000],[0.753545,0.168952,0.000000,0.011748,0.065755,0.000000],[0.764925,0.153819,0.000000,0.011927,0.069329,0.000000],[0.773866,0.146907,0.000000,0.011403,0.067824,0.000000],[0.802673,0.127706,0.000000,0.009932,0.059689,0.000000],[0.824604,0.097550,0.020273,0.008205,0.049369,0.000000],[1.000000,0.000000,0.000000,0.000000,0.000000,0.000000]],
  [[1.000000,0.000000,0.000000,0.000000,0.000000,0.000000],[0.873172,0.044985,0.030883,0.005788,0.045171,0.000000],[1.000000,0.000000,0.000000,0.000000,0.000000,0.000000],[0.854276,0.072911,0.015630,0.007263,0.049920,0.000000],[0.843631,0.086788,0.009994,0.007827,0.051760,0.000000],[0.820381,0.115650,0.000000,0.008988,0.054982,0.000000],[0.129654,0.144990,0.000000,0.011088,0.714268,0.000000],[0.128433,0.151707,0.000000,0.011237,0.708623,0.000000],[0.780049,0.150078,0.000000,0.010562,0.059310,0.000000],[0.129727,0.154781,0.000000,0.011515,0.703977,0.000000],[0.778290,0.151347,0.000000,0.010680,0.059684,0.000000],[0.128683,0.153282,0.000000,0.011427,0.706607,0.000000],[0.127868,0.152170,0.000000,0.011340,0.708622,0.000000],[0.781752,0.144572,0.000000,0.011032,0.062644,0.000000],[0.775903,0.151015,0.000000,0.011092,0.061990,0.000000],[0.127485,0.162814,0.000000,0.011709,0.697992,0.000000],[0.128469,0.165376,0.000000,0.011866,0.694289,0.000000],[0.750092,0.170075,0.000000,0.011826,0.068008,0.000000],[0.519182,0.203875,0.000000,0.015895,0.261048,0.000000],[0.752471,0.160271,0.000000,0.012194,0.075064,0.000000],[0.773196,0.143942,0.000000,0.011558,0.071304,0.000000],[0.785481,0.136244,0.000000,0.010999,0.067276,0.000000],[0.800979,0.126093,0.000000,0.010384,0.062544,0.000000],[0.806640,0.123308,0.000000,0.010168,0.059884,0.000000],[0.821778,0.110088,0.000000,0.009426,0.058707,0.000000],[0.817441,0.115267,0.000000,0.009472,0.057819,0.000000],[0.812667,0.120679,0.000000,0.009534,0.057120,0.000000],[0.809004,0.125203,0.000000,0.009524,0.056269,0.000000],[0.129990,0.146373,0.000000,0.011300,0.712337,0.000000],[0.786888,0.140821,0.000000,0.010712,0.061578,0.000000],[0.777166,0.142454,0.000000,0.011511,0.068868,0.000000],[0.762569,0.153672,0.000000,0.011981,0.071777,0.000000],[0.748338,0.171161,0.000000,0.011958,0.068543,0.000000],[0.130772,0.169142,0.000000,0.012211,0.687875,0.000000],[0.758406,0.166691,0.000000,0.011412,0.063491,0.000000],[0.772770,0.149621,0.000000,0.011417,0.066192,0.000000],[0.786417,0.140836,0.000000,0.010731,0.062016,0.000000],[0.804553,0.126335,0.000000,0.009841,0.059271,0.000000],[0.824995,0.096913,0.020723,0.008166,0.049203,0.000000],[1.000000,0.000000,0.000000,0.000000,0.000000,0.000000]],
  [[1.000000,0.000000,0.000000,0.000000,0.000000,0.000000],[0.867318,0.055611,0.024350,0.006226,0.046495,0.000000],[0.854540,0.076317,0.010275,0.007464,0.051403,0.000000],[0.846205,0.081328,0.010343,0.008029,0.054095,0.000000],[0.841052,0.093022,0.000000,0.008560,0.057366,0.000000],[0.818049,0.114920,0.000000,0.009416,0.057615,0.000000],[0.791044,0.141030,0.000000,0.010319,0.057607,0.000000],[0.782867,0.145817,0.000000,0.010676,0.060639,0.000000],[0.148726,0.164187,0.000000,0.012384,0.674703,0.000000],[0.764132,0.159199,0.000000,0.011421,0.065247,0.000000],[0.148809,0.165325,0.000000,0.012483,0.673383,0.000000],[0.778288,0.149322,0.000000,0.010944,0.061446,0.000000],[0.778772,0.148877,0.000000,0.010925,0.061426,0.000000],[0.131694,0.150750,0.000000,0.011688,0.705868,0.000000],[0.772512,0.155726,0.000000,0.011011,0.060752,0.000000],[0.127212,0.161768,0.000000,0.011630,0.699390,0.000000],[0.129776,0.158181,0.000000,0.011779,0.700263,0.000000],[0.759294,0.164768,0.000000,0.011436,0.064502,0.000000],[0.153054,0.163489,0.000000,0.012775,0.670681,0.000000],[0.749519,0.164982,0.000000,0.012074,0.073425,0.000000],[0.531269,0.187979,0.000000,0.015232,0.265520,0.000000],[0.783164,0.138121,0.000000,0.011122,0.067594,0.000000],[0.798934,0.127717,0.000000,0.010500,0.062850,0.000000],[0.805189,0.124458,0.000000,0.010255,0.060098,0.000000],[0.819006,0.114028,0.000000,0.009377,0.057588,0.000000],[0.168084,0.106474,0.000000,0.009644,0.715798,0.000000],[0.167577,0.111109,0.000000,0.009672,0.711642,0.000000],[0.149149,0.129678,0.000000,0.010392,0.710781,0.000000],[0.127502,0.150562,0.000000,0.011174,0.710763,0.000000],[0.784065,0.145079,0.000000,0.010600,0.060255,0.000000],[0.772566,0.148243,0.000000,0.011488,0.067703,0.000000],[0.518658,0.204263,0.000000,0.015978,0.261101,0.000000],[0.171642,0.190576,0.000000,0.014069,0.623713,0.000000],[0.150753,0.183213,0.000000,0.013311,0.652723,0.000000],[0.147547,0.175887,0.000000,0.012820,0.663746,0.000000],[0.132026,0.151946,0.000000,0.011738,0.704290,0.000000],[0.789837,0.141904,0.000000,0.010376,0.057883,0.000000],[0.131717,0.137678,0.000000,0.010886,0.719720,0.000000],[0.825321,0.097085,0.020357,0.008160,0.049077,0.000000],[1.000000,0.000000,0.000000,0.000000,0.000000,0.000000]],
  [[1.000000,0.000000,0.000000,0.000000,0.000000,0.000000],[0.847417,0.075462,0.021190,0.007278,0.048653,0.000000],[0.833936,0.102233,0.000000,0.008585,0.055246,0.000000],[0.821806,0.112065,0.000000,0.009185,0.056944,0.000000],[0.816449,0.117979,0.000000,0.009288,0.056284,0.000000],[0.150350,0.124064,0.000000,0.010370,0.715216,0.000000],[0.793545,0.137221,0.000000,0.010439,0.058794,0.000000],[0.785943,0.141339,0.000000,0.010772,0.061947,0.000000],[0.772894,0.147954,0.000000,0.011478,0.067675,0.000000],[0.515099,0.211713,0.000000,0.015935,0.257253,0.000000],[0.765412,0.155784,0.000000,0.011636,0.067168,0.000000],[0.775350,0.151236,0.000000,0.011117,0.062298,0.000000],[0.775355,0.151234,0.000000,0.011119,0.062292,0.000000],[0.761014,0.161193,0.000000,0.011638,0.066155,0.000000],[0.149378,0.167894,0.000000,0.012682,0.670046,0.000000],[0.762127,0.160494,0.000000,0.011567,0.065812,0.000000],[0.774773,0.148316,0.000000,0.011308,0.065603,0.000000],[0.778106,0.149097,0.000000,0.010968,0.061829,0.000000],[0.135142,0.146957,0.000000,0.011793,0.706108,0.000000],[0.766180,0.153542,0.000000,0.011476,0.068801,0.000000],[0.770991,0.147879,0.000000,0.011444,0.069686,0.000000],[0.777271,0.146850,0.000000,0.010959,0.064919,0.000000],[0.791851,0.137025,0.000000,0.010425,0.060699,0.000000],[0.800179,0.130221,0.000000,0.010308,0.059291,0.000000],[0.817401,0.115256,0.000000,0.009474,0.057869,0.000000],[0.168087,0.106460,0.000000,0.009651,0.715801,0.000000],[0.829714,0.105897,0.000000,0.008744,0.055645,0.000000],[0.813471,0.120059,0.000000,0.009485,0.056984,0.000000],[0.792420,0.140103,0.000000,0.010245,0.057232,0.000000],[0.133058,0.142582,0.000000,0.011436,0.712924,0.000000],[0.770691,0.151751,0.000000,0.011336,0.066222,0.000000],[0.756921,0.160497,0.000000,0.011982,0.070599,0.000000],[0.734302,0.178914,0.000000,0.012647,0.074137,0.000000],[0.499799,0.230922,0.000000,0.016739,0.252540,0.000000],[0.754274,0.168706,0.000000,0.011694,0.065326,0.000000],[0.775257,0.153633,0.000000,0.010837,0.060273,0.000000],[0.127405,0.149575,0.000000,0.011130,0.711890,0.000000],[0.823473,0.113534,0.000000,0.008785,0.054208,0.000000],[0.840516,0.086907,0.016845,0.007541,0.048191,0.000000],[1.000000,0.000000,0.000000,0.000000,0.000000,0.000000]],
  [[1.000000,0.000000,0.000000,0.000000,0.000000,0.000000],[0.828012,0.091565,0.022584,0.008099,0.049739,0.000000],[0.811162,0.122751,0.000000,0.009554,0.056533,0.000000],[0.132087,0.139229,0.000000,0.011174,0.717510,0.000000],[0.127636,0.151105,0.000000,0.011202,0.710057,0.000000],[0.787074,0.146242,0.000000,0.010278,0.056406,0.000000],[0.129908,0.145660,0.000000,0.011259,0.713173,0.000000],[0.790903,0.135624,0.000000,0.010741,0.062732,0.000000],[0.779233,0.140879,0.000000,0.011384,0.068504,0.000000],[0.774463,0.144530,0.000000,0.011642,0.069365,0.000000],[0.759674,0.158228,0.000000,0.011855,0.070243,0.000000],[0.133078,0.154556,0.000000,0.011967,0.700398,0.000000],[0.133748,0.156324,0.000000,0.012091,0.697837,0.000000],[0.753550,0.163075,0.000000,0.012181,0.071194,0.000000],[0.511093,0.215053,0.000000,0.016200,0.257654,0.000000],[0.764727,0.156291,0.000000,0.011689,0.067293,0.000000],[0.781688,0.144457,0.000000,0.011022,0.062833,0.000000],[0.789881,0.139683,0.000000,0.010657,0.059780,0.000000],[0.784894,0.144169,0.000000,0.010580,0.060356,0.000000],[0.787357,0.140373,0.000000,0.010682,0.061588,0.000000],[0.787171,0.140570,0.000000,0.010681,0.061578,0.000000],[0.132949,0.141820,0.000000,0.011381,0.713849,0.000000],[0.130106,0.145541,0.000000,0.011244,0.713109,0.000000],[0.792286,0.140246,0.000000,0.010251,0.057217,0.000000],[0.813707,0.119849,0.000000,0.009473,0.056972,0.000000],[0.833830,0.099365,0.000000,0.008883,0.057923,0.000000],[0.836154,0.095873,0.000000,0.008930,0.059043,0.000000],[0.822151,0.108009,0.000000,0.009629,0.060211,0.000000],[0.797744,0.133927,0.000000,0.010215,0.058114,0.000000],[0.790165,0.138371,0.000000,0.010535,0.060929,0.000000],[0.780182,0.149713,0.000000,0.010561,0.059544,0.000000],[0.134865,0.147354,0.000000,0.011803,0.705978,0.000000],[0.757631,0.159912,0.000000,0.011921,0.070536,0.000000],[0.758597,0.157066,0.000000,0.012142,0.072195,0.000000],[0.763389,0.157243,0.000000,0.011727,0.067641,0.000000],[0.131235,0.149770,0.000000,0.011576,0.707418,0.000000],[0.792070,0.138125,0.000000,0.010515,0.059290,0.000000],[0.806117,0.128660,0.000000,0.009598,0.055625,0.000000],[0.118734,0.104063,0.024140,0.009302,0.743760,0.000000],[1.000000,0.000000,0.000000,0.000000,0.000000,0.000000]],
  [[1.000000,0.000000,0.000000,0.000000,0.000000,0.000000],[0.819164,0.100638,0.019529,0.008456,0.052214,0.000000],[0.798512,0.132567,0.000000,0.009926,0.058996,0.000000],[0.778970,0.150553,0.000000,0.010612,0.059865,0.000000],[0.776408,0.152822,0.000000,0.010751,0.060019,0.000000],[0.126313,0.157954,0.000000,0.011336,0.704397,0.000000],[0.788987,0.142586,0.000000,0.010444,0.057983,0.000000],[0.789803,0.138403,0.000000,0.010570,0.061224,0.000000],[0.794029,0.131217,0.000000,0.010821,0.063933,0.000000],[0.786549,0.138802,0.000000,0.010992,0.063657,0.000000],[0.767162,0.158034,0.000000,0.011206,0.063598,0.000000],[0.145074,0.180999,0.000000,0.012719,0.661207,0.000000],[0.744302,0.174664,0.000000,0.012123,0.068911,0.000000],[0.740243,0.169542,0.000000,0.012888,0.077327,0.000000],[0.755015,0.161982,0.000000,0.012090,0.070913,0.000000],[0.151603,0.160414,0.000000,0.012600,0.675382,0.000000],[0.781458,0.146638,0.000000,0.010787,0.061117,0.000000],[0.134506,0.136404,0.000000,0.011409,0.717681,0.000000],[0.794757,0.136216,0.000000,0.010382,0.058644,0.000000],[0.134354,0.135784,0.000000,0.011349,0.718514,0.000000],[0.793628,0.137101,0.000000,0.010443,0.058829,0.000000],[0.790293,0.141655,0.000000,0.010374,0.057678,0.000000],[0.787455,0.145903,0.000000,0.010267,0.056375,0.000000],[0.124983,0.155151,0.000000,0.011083,0.708783,0.000000],[0.150498,0.124590,0.000000,0.010394,0.714518,0.000000],[0.817793,0.114941,0.000000,0.009459,0.057807,0.000000],[0.823754,0.106854,0.000000,0.009532,0.059860,0.000000],[0.823727,0.106847,0.000000,0.009532,0.059893,0.000000],[0.801539,0.129207,0.000000,0.010241,0.059012,0.000000],[0.134219,0.135147,0.000000,0.011286,0.719348,0.000000],[0.791259,0.140831,0.000000,0.010315,0.057595,0.000000],[0.132726,0.141778,0.000000,0.011412,0.714085,0.000000],[0.783918,0.142695,0.000000,0.010876,0.062512,0.000000],[0.776172,0.146959,0.000000,0.011208,0.065661,0.000000],[0.132557,0.151137,0.000000,0.011698,0.704608,0.000000],[0.774204,0.150631,0.000000,0.011049,0.064117,0.000000],[0.786087,0.141194,0.000000,0.010738,0.061981,0.000000],[0.800172,0.131649,0.000000,0.009828,0.058352,0.000000],[0.821741,0.102481,0.018853,0.008211,0.048713,0.000000],[1.000000,0.000000,0.000000,0.000000,0.000000,0.000000]],
  [[1.000000,0.000000,0.000000,0.000000,0.000000,0.000000],[0.817111,0.103950,0.017129,0.008647,0.053163,0.000000],[0.155589,0.153017,0.000000,0.012264,0.679131,0.000000],[0.761949,0.160620,0.000000,0.011520,0.065912,0.000000],[0.150797,0.169796,0.000000,0.012789,0.666617,0.000000],[0.775351,0.153442,0.000000,0.010851,0.060356,0.000000],[0.132443,0.142542,0.000000,0.011451,0.713565,0.000000],[0.794622,0.136339,0.000000,0.010395,0.058643,0.000000],[0.796567,0.132922,0.000000,0.010529,0.059981,0.000000],[0.787483,0.143581,0.000000,0.010537,0.058399,0.000000],[0.130303,0.157847,0.000000,0.011772,0.700077,0.000000],[0.148100,0.178156,0.000000,0.012921,0.660823,0.000000],[0.499991,0.230359,0.000000,0.016705,0.252945,0.000000],[0.752622,0.161570,0.000000,0.012504,0.073303,0.000000],[0.762189,0.161791,0.000000,0.011458,0.064563,0.000000],[0.132222,0.152369,0.000000,0.011787,0.703622,0.000000],[0.778446,0.150826,0.000000,0.010699,0.060029,0.000000],[0.794321,0.134531,0.000000,0.010651,0.060496,0.000000],[0.792298,0.139934,0.000000,0.010274,0.057494,0.000000],[0.791641,0.140552,0.000000,0.010306,0.057501,0.000000],[0.787580,0.145578,0.000000,0.010281,0.056562,0.000000],[0.788589,0.142971,0.000000,0.010478,0.057962,0.000000],[0.130095,0.147481,0.000000,0.011394,0.711030,0.000000],[0.786192,0.146864,0.000000,0.010327,0.056618,0.000000],[0.129738,0.145064,0.000000,0.011207,0.713991,0.000000],[0.797441,0.134231,0.000000,0.010228,0.058100,0.000000],[0.820634,0.110915,0.000000,0.009509,0.058942,0.000000],[0.820713,0.110930,0.000000,0.009501,0.058856,0.000000],[0.815619,0.118301,0.000000,0.009368,0.056712,0.000000],[0.814304,0.119381,0.000000,0.009437,0.056878,0.000000],[0.791163,0.142917,0.000000,0.010065,0.055855,0.000000],[0.795643,0.135573,0.000000,0.010324,0.058460,0.000000],[0.796246,0.133026,0.000000,0.010535,0.060192,0.000000],[0.785855,0.141209,0.000000,0.010776,0.062161,0.000000],[0.151665,0.158404,0.000000,0.012422,0.677509,0.000000],[0.766287,0.157378,0.000000,0.011282,0.065052,0.000000],[0.772311,0.150617,0.000000,0.011210,0.065862,0.000000],[0.130846,0.145461,0.000000,0.011028,0.712665,0.000000],[0.821555,0.103284,0.018078,0.008239,0.048845,0.000000],[1.000000,0.000000,0.000000,0.000000,0.000000,0.000000]],
  [[1.000000,0.000000,0.000000,0.000000,0.000000,0.000000],[0.813847,0.109340,0.015244,0.008693,0.052877,0.000000],[0.777908,0.147372,0.000000,0.010767,0.063954,0.000000],[0.496986,0.238095,0.000000,0.016532,0.248388,0.000000],[0.151306,0.170773,0.000000,0.012847,0.665075,0.000000],[0.773058,0.157239,0.000000,0.010702,0.059001,0.000000],[0.788882,0.142744,0.000000,0.010450,0.057924,0.000000],[0.789707,0.143981,0.000000,0.010162,0.056150,0.000000],[0.131916,0.140328,0.000000,0.011283,0.716472,0.000000],[0.784935,0.147528,0.000000,0.010417,0.057120,0.000000],[0.129343,0.155493,0.000000,0.011613,0.703551,0.000000],[0.755324,0.167968,0.000000,0.011648,0.065060,0.000000],[0.751868,0.170455,0.000000,0.011856,0.065821,0.000000],[0.152848,0.166040,0.000000,0.013038,0.668074,0.000000],[0.759931,0.165548,0.000000,0.011337,0.063183,0.000000],[0.132413,0.153791,0.000000,0.011889,0.701907,0.000000],[0.775532,0.153065,0.000000,0.010857,0.060545,0.000000],[0.787037,0.138441,0.000000,0.010972,0.063550,0.000000],[0.788035,0.139703,0.000000,0.010678,0.061584,0.000000],[0.132316,0.141825,0.000000,0.011390,0.714468,0.000000],[0.130440,0.147822,0.000000,0.011435,0.710303,0.000000],[0.129113,0.154649,0.000000,0.011517,0.704722,0.000000],[0.779024,0.148745,0.000000,0.010897,0.061333,0.000000],[0.780925,0.147063,0.000000,0.010797,0.061215,0.000000],[0.789181,0.136748,0.000000,0.010849,0.063222,0.000000],[0.795564,0.133477,0.000000,0.010584,0.060375,0.000000],[0.794136,0.136618,0.000000,0.010415,0.058831,0.000000],[0.132101,0.140509,0.000000,0.011288,0.716102,0.000000],[0.792188,0.140211,0.000000,0.010261,0.057340,0.000000],[0.131877,0.139736,0.000000,0.011216,0.717171,0.000000],[0.151732,0.119372,0.000000,0.010364,0.718532,0.000000],[0.817079,0.115461,0.000000,0.009491,0.057969,0.000000],[0.798607,0.131396,0.000000,0.010393,0.059603,0.000000],[0.788125,0.139612,0.000000,0.010635,0.061628,0.000000],[0.774686,0.146662,0.000000,0.011350,0.067301,0.000000],[0.517398,0.209613,0.000000,0.015720,0.257268,0.000000],[0.151992,0.157985,0.000000,0.012339,0.677684,0.000000],[0.796366,0.136577,0.000000,0.009767,0.057291,0.000000],[0.117613,0.109863,0.022243,0.009351,0.740929,0.000000],[1.000000,0.000000,0.000000,0.000000,0.000000,0.000000]],
  [[1.000000,0.000000,0.000000,0.000000,0.000000,0.000000],[0.813921,0.108704,0.016214,0.008651,0.052510,0.000000],[0.152795,0.159117,0.000000,0.012245,0.675844,0.000000],[0.762221,0.160543,0.000000,0.011487,0.065749,0.000000],[0.765035,0.156208,0.000000,0.011633,0.067124,0.000000],[0.131436,0.149139,0.000000,0.011546,0.707878,0.000000],[0.132219,0.141540,0.000000,0.011370,0.714871,0.000000],[0.792277,0.140145,0.000000,0.010265,0.057314,0.000000],[0.132438,0.140962,0.000000,0.011339,0.715260,0.000000],[0.781861,0.146492,0.000000,0.010736,0.060912,0.000000],[0.774801,0.148247,0.000000,0.011297,0.065655,0.000000],[0.134724,0.149398,0.000000,0.011995,0.703883,0.000000],[0.762672,0.161531,0.000000,0.011468,0.064328,0.000000],[0.130214,0.160540,0.000000,0.011980,0.697266,0.000000],[0.757506,0.169753,0.000000,0.011198,0.061543,0.000000],[0.149299,0.168622,0.000000,0.012732,0.669347,0.000000],[0.763186,0.159698,0.000000,0.011507,0.065609,0.000000],[0.154135,0.153187,0.000000,0.012506,0.680172,0.000000],[0.783432,0.145248,0.000000,0.010663,0.060657,0.000000],[0.788150,0.143219,0.000000,0.010484,0.058147,0.000000],[0.774918,0.155798,0.000000,0.010597,0.058687,0.000000],[0.760507,0.164036,0.000000,0.011353,0.064104,0.000000],[0.150530,0.168120,0.000000,0.012678,0.668672,0.000000],[0.769656,0.150214,0.000000,0.011663,0.068466,0.000000],[0.781718,0.138358,0.000000,0.011413,0.068511,0.000000],[0.783225,0.140928,0.000000,0.011193,0.064653,0.000000],[0.774672,0.153800,0.000000,0.010881,0.060648,0.000000],[0.129840,0.155563,0.000000,0.011598,0.702999,0.000000],[0.780538,0.149314,0.000000,0.010561,0.059587,0.000000],[0.795925,0.135362,0.000000,0.010305,0.058409,0.000000],[0.818344,0.114518,0.000000,0.009423,0.057714,0.000000],[0.816292,0.117871,0.000000,0.009319,0.056518,0.000000],[0.131879,0.138756,0.000000,0.011141,0.718224,0.000000],[0.790071,0.138279,0.000000,0.010513,0.061137,0.000000],[0.780743,0.139895,0.000000,0.011268,0.068094,0.000000],[0.776813,0.144967,0.000000,0.011226,0.066994,0.000000],[0.778796,0.143302,0.000000,0.011119,0.066783,0.000000],[0.800587,0.131193,0.000000,0.009797,0.058423,0.000000],[0.824222,0.098570,0.019441,0.008240,0.049526,0.000000],[1.000000,0.000000,0.000000,0.000000,0.000000,0.000000]],
  [[1.000000,0.000000,0.000000,0.000000,0.000000,0.000000],[0.814910,0.107160,0.017374,0.008569,0.051987,0.000000],[0.131189,0.146699,0.000000,0.011154,0.710959,0.000000],[0.780975,0.147189,0.000000,0.010758,0.061077,0.000000],[0.781350,0.146899,0.000000,0.010754,0.060997,0.000000],[0.784168,0.144676,0.000000,0.010623,0.060533,0.000000],[0.791985,0.140236,0.000000,0.010291,0.057488,0.000000],[0.795240,0.135811,0.000000,0.010356,0.058593,0.000000],[0.790437,0.135939,0.000000,0.010770,0.062854,0.000000],[0.772910,0.147749,0.000000,0.011476,0.067866,0.000000],[0.764918,0.155876,0.000000,0.011678,0.067528,0.000000],[0.761585,0.158475,0.000000,0.011878,0.068062,0.000000],[0.764758,0.163320,0.000000,0.011189,0.060733,0.000000],[0.126701,0.163731,0.000000,0.011760,0.697808,0.000000],[0.125223,0.168932,0.000000,0.011697,0.694148,0.000000],[0.759455,0.162813,0.000000,0.011695,0.066037,0.000000],[0.514452,0.212438,0.000000,0.016002,0.257109,0.000000],[0.769006,0.153178,0.000000,0.011428,0.066387,0.000000],[0.782199,0.146289,0.000000,0.010720,0.060792,0.000000],[0.132562,0.142483,0.000000,0.011445,0.713510,0.000000],[0.782790,0.143764,0.000000,0.010948,0.062497,0.000000],[0.153394,0.162771,0.000000,0.012747,0.671088,0.000000],[0.505892,0.225154,0.000000,0.016272,0.252683,0.000000],[0.763977,0.156802,0.000000,0.011697,0.067524,0.000000],[0.771128,0.150386,0.000000,0.011503,0.066983,0.000000],[0.759218,0.160254,0.000000,0.011975,0.068553,0.000000],[0.147384,0.185403,0.000000,0.012965,0.654248,0.000000],[0.149194,0.177416,0.000000,0.012872,0.660519,0.000000],[0.780500,0.147189,0.000000,0.010834,0.061477,0.000000],[0.801620,0.127115,0.000000,0.010475,0.060790,0.000000],[0.823135,0.107293,0.000000,0.009564,0.060008,0.000000],[0.818374,0.114468,0.000000,0.009415,0.057743,0.000000],[0.131853,0.139037,0.000000,0.011157,0.717953,0.000000],[0.790940,0.137681,0.000000,0.010474,0.060905,0.000000],[0.792341,0.134474,0.000000,0.010638,0.062548,0.000000],[0.793188,0.133872,0.000000,0.010575,0.062364,0.000000],[0.794717,0.132565,0.000000,0.010489,0.062229,0.000000],[0.805545,0.125555,0.000000,0.009755,0.059144,0.000000],[0.824709,0.097607,0.020178,0.008186,0.049320,0.000000],[1.000000,0.000000,0.000000,0.000000,0.000000,0.000000]],
