[
  [[1.000000,0.000000,0.000000,0.000000,0.000000,0.000000],[1.000000,0.000000,0.000000,0.000000,0.000000,0.000000],[1.000000,0.000000,0.000000,0.000000,0.000000,0.000000],[1.000000,0.000000,0.000000,0.000000,0.000000,0.000000],[1.000000,0.000000,0.000000,0.000000,0.000000,0.000000],[1.000000,0.000000,0.000000,0.000000,0.000000,0.000000],[1.000000,0.000000,0.000000,0.000000,0.000000,0.000000],[1.000000,0.000000,0.000000,0.000000,0.000000,0.000000],[1.000000,0.000000,0.000000,0.000000,0.000000,0.000000],[1.000000,0.000000,0.000000,0.000000,0.000000,0.000000],[1.000000,0.000000,0.000000,0.000000,0.000000,0.000000],[1.000000,0.000000,0.000000,0.000000,0.000000,0.000000],[1.000000,0.000000,0.000000,0.000000,0.000000,0.000000],[1.000000,0.000000,0.000000,0.000000,0.000000,0.000000],[1.000000,0.000000,0.000000,0.000000,0.000000,0.000000],[1.000000,0.000000,0.000000,0.000000,0.000000,0.000000],[1.000000,0.000000,0.000000,0.000000,0.000000,0.000000],[1.000000,0.000000,0.000000,0.000000,0.000000,0.000000],[1.000000,0.000000,0.000000,0.000000,0.000000,0.000000],[1.000000,0.000000,0.000000,0.000000,0.000000,0.000000],[1.000000,0.000000,0.000000,0.000000,0.000000,0.000000],[1.000000,0.000000,0.000000,0.000000,0.000000,0.000000],[1.000000,0.000000,0.000000,0.000000,0.000000,0.000000],[1.000000,0.000000,0.000000,0.000000,0.000000,0.000000],[1.000000,0.000000,0.000000,0.000000,0.000000,0.000000],[1.000000,0.000000,0.000000,0.000000,0.000000,0.000000],[1.000000,0.000000,0.000000,0.000000,0.000000,0.000000],[1.000000,0.000000,0.000000,0.000000,0.000000,0.000000],[1.000000,0.000000,0.000000,0.000000,0.000000,0.000000],[1.000000,0.000000,0.000000,0.000000,0.000000,0.000000],[1.000000,0.000000,0.000000,0.000000,0.000000,0.000000],[1.000000,0.000000,0.000000,0.000000,0.000000,0.000000],[1.000000,0.000000,0.000000,0.000000,0.000000,0.000000],[1.000000,0.000000,0.000000,0.000000,0.000000,0.000000],[1.000000,0.000000,0.000000,0.000000,0.000000,0.000000],[1.000000,0.000000,0.000000,0.000000,0.000000,0.000000],[1.000000,0.000000,0.000000,0.000000,0.000000,0.000000],[1.000000,0.000000,0.000000,0.000000,0.000000,0.000000],[1.000000,0.000000,0.000000,0.000000,0.000000,0.000000],[1.000000,0.000000,0.000000,0.000000,0.000000,0.000000]],
  [[1.000000,0.000000,0.000000,0.000000,0.000000,0.000000],[0.890774,0.031707,0.034246,0.005439,0.037834,0.000000],[1.000000,0.000000,0.000000,0.000000,0.000000,0.000000],[0.847512,0.059339,0.046456,0.006867,0.039827,0.000000],[0.826333,0.074259,0.050997,0.007635,0.040776,0.000000],[0.831294,0.067187,0.053530,0.007433,0.040556,0.000000],[1.000000,0.000000,0.000000,0.000000,0.000000,0.000000],[0.805274,0.076377,0.066387,0.008325,0.043636,0.000000],[0.769531,0.125141,0.041218,0.010734,0.053376,0.000000],[0.734431,0.154527,0.042154,0.012158,0.056729,0.000000],[0.115878,0.162423,0.018801,0.013093,0.689805,0.000000],[0.769014,0.113897,0.058733,0.009974,0.048382,0.000000],[0.782453,0.104227,0.058374,0.009402,0.045544,0.000000],[0.785284,0.100730,0.059825,0.009196,0.044965,0.000000],[0.780782,0.100590,0.062498,0.009276,0.046855,0.000000],[0.789113,0.097794,0.058961,0.009100,0.045032,0.000000],[0.797094,0.088173,0.063408,0.008420,0.042904,0.000000],[1.000000,0.000000,0.000000,0.000000,0.000000,0.000000],[1.000000,0.000000,0.000000,0.000000,0.000000,0.000000],[0.813184,0.075270,0.064906,0.007648,0.038993,0.000000],[0.109089,0.083106,0.056784,0.008088,0.742933,0.000000],[0.822523,0.077870,0.051283,0.007723,0.040602,0.000000],[0.822247,0.076519,0.052441,0.007793,0.041001,0.000000],[0.822850,0.076168,0.052388,0.007742,0.040851,0.000000],[0.823009,0.076065,0.052382,0.007723,0.040821,0.000000],[0.842562,0.064044,0.044629,0.007289,0.041476,0.000000],[0.824546,0.074229,0.051952,0.007790,0.041483,0.000000],[0.802795,0.086768,0.060365,0.008416,0.041656,0.000000],[0.800429,0.089164,0.060922,0.008380,0.041105,0.000000],[0.799388,0.090377,0.060544,0.008438,0.041253,0.000000],[0.797541,0.092359,0.061129,0.008366,0.040604,0.000000],[0.799135,0.090578,0.060529,0.008457,0.041300,0.000000],[0.798808,0.090775,0.060565,0.008484,0.041367,0.000000],[0.794591,0.095577,0.060231,0.008551,0.041049,0.000000],[0.084940,0.107032,0.063211,0.009054,0.735763,0.000000],[0.084369,0.114132,0.061196,0.009207,0.731096,0.000000],[0.780872,0.108286,0.058193,0.009104,0.043546,0.000000],[0.793477,0.094864,0.060025,0.008581,0.043054,0.000000],[0.814969,0.071044,0.064756,0.007703,0.041528,0.000000],[1.000000,0.000000,0.000000,0.000000,0.000000,0.000000]],
  [[1.000000,0.000000,0.000000,0.000000,0.000000,0.000000],[1.000000,0.000000,0.000000,0.000000,0.000000,0.000000],[0.149458,0.068124,0.039192,0.007477,0.735749,0.000000],[0.822839,0.088701,0.037466,0.008499,0.042494,0.000000],[0.813736,0.123804,0.000000,0.010653,0.051806,0.000000],[0.777718,0.117415,0.051251,0.009983,0.043634,0.000000],[0.786677,0.107668,0.053195,0.009378,0.043083,0.000000],[1.000000,0.000000,0.000000,0.000000,0.000000,0.000000],[0.727118,0.156427,0.043092,0.013037,0.060326,0.000000],[0.341119,0.188916,0.274320,0.016100,0.179546,0.000000],[0.124962,0.217005,0.000000,0.015891,0.642141,0.000000],[0.725793,0.194191,0.000000,0.014530,0.065487,0.000000],[0.741358,0.180620,0.000000,0.014209,0.063813,0.000000],[0.124350,0.181608,0.000000,0.014437,0.679605,0.000000],[0.757935,0.168065,0.000000,0.013364,0.060635,0.000000],[0.748627,0.174517,0.000000,0.013816,0.063040,0.000000],[0.726454,0.158289,0.043177,0.012830,0.059250,0.000000],[0.107753,0.134872,0.041969,0.011360,0.704046,0.000000],[1.000000,0.000000,0.000000,0.000000,0.000000,0.000000],[0.083934,0.103298,0.065184,0.008895,0.738689,0.000000],[0.771513,0.126809,0.049557,0.009936,0.042184,0.000000],[0.785068,0.151660,0.000000,0.011657,0.051615,0.000000],[0.788756,0.146632,0.000000,0.011790,0.052822,0.000000],[0.109440,0.148564,0.000000,0.012356,0.729639,0.000000],[0.809049,0.128006,0.000000,0.010860,0.052085,0.000000],[0.808979,0.128040,0.000000,0.010871,0.052110,0.000000],[0.808793,0.128104,0.000000,0.010893,0.052210,0.000000],[0.787935,0.146715,0.000000,0.011902,0.053449,0.000000],[0.780921,0.150597,0.000000,0.012251,0.056231,0.000000],[0.110690,0.152895,0.000000,0.012688,0.723727,0.000000],[0.774879,0.157117,0.000000,0.012320,0.055684,0.000000],[0.110662,0.152802,0.000000,0.012672,0.723864,0.000000],[0.779814,0.151515,0.000000,0.012316,0.056356,0.000000],[0.778102,0.157443,0.000000,0.012017,0.052438,0.000000],[0.103806,0.172608,0.000000,0.012657,0.710928,0.000000],[0.115650,0.202037,0.000000,0.014017,0.668296,0.000000],[0.122859,0.191207,0.000000,0.014516,0.671417,0.000000],[0.758815,0.167868,0.000000,0.012924,0.060394,0.000000],[0.795906,0.092041,0.059875,0.008597,0.043582,0.000000],[1.000000,0.000000,0.000000,0.000000,0.000000,0.000000]],
  [[1.000000,0.000000,0.000000,0.000000,0.000000,0.000000],[0.861507,0.052640,0.040269,0.006417,0.039166,0.000000],[0.153606,0.078731,0.032504,0.008419,0.726740,0.000000],[0.822445,0.113444,0.000000,0.010609,0.053502,0.000000],[0.804638,0.128976,0.000000,0.011552,0.054834,0.000000],[0.110047,0.150578,0.000000,0.012785,0.726591,0.000000],[0.748469,0.137445,0.051053,0.012093,0.050941,0.000000],[0.742921,0.135673,0.053685,0.012611,0.055111,0.000000],[1.000000,0.000000,0.000000,0.000000,0.000000,0.000000],[0.704104,0.170443,0.043541,0.014628,0.067285,0.000000],[0.120932,0.176226,0.016141,0.014950,0.671751,0.000000],[0.690679,0.179533,0.046534,0.015067,0.068187,0.000000],[0.460714,0.272205,0.000000,0.021529,0.245552,0.000000],[0.721194,0.198263,0.000000,0.015261,0.065282,0.000000],[0.107581,0.176037,0.000000,0.013774,0.702608,0.000000],[0.726706,0.192853,0.000000,0.015079,0.065361,0.000000],[0.463735,0.270082,0.000000,0.021119,0.245063,0.000000],[0.708049,0.173494,0.043908,0.013760,0.060788,0.000000],[0.090707,0.137828,0.041542,0.011503,0.718420,0.000000],[1.000000,0.000000,0.000000,0.000000,0.000000,0.000000],[0.090880,0.125740,0.047139,0.010982,0.725259,0.000000],[0.753262,0.133671,0.051243,0.011701,0.050123,0.000000],[0.770711,0.157543,0.000000,0.013064,0.058682,0.000000],[0.781781,0.151027,0.000000,0.012426,0.054766,0.000000],[0.777953,0.155141,0.000000,0.012484,0.054421,0.000000],[0.108670,0.153847,0.000000,0.012789,0.724693,0.000000],[0.108955,0.153037,0.000000,0.012874,0.725134,0.000000],[0.771739,0.157157,0.000000,0.013318,0.057786,0.000000],[0.763663,0.161842,0.000000,0.013721,0.060774,0.000000],[0.743144,0.176273,0.000000,0.014611,0.065972,0.000000],[0.740269,0.180541,0.000000,0.014470,0.064720,0.000000],[0.746483,0.173703,0.000000,0.014391,0.065423,0.000000],[0.767451,0.158953,0.000000,0.013472,0.060124,0.000000],[0.770121,0.159893,0.000000,0.013175,0.056810,0.000000],[0.108891,0.163749,0.000000,0.013352,0.714008,0.000000],[0.724902,0.196298,0.000000,0.014855,0.063945,0.000000],[0.457515,0.276982,0.000000,0.021572,0.243931,0.000000],[0.740836,0.184171,0.000000,0.013720,0.061273,0.000000],[0.784489,0.102964,0.059598,0.009026,0.043923,0.000000],[1.000000,0.000000,0.000000,0.000000,0.000000,0.000000]],
  [[1.000000,0.000000,0.000000,0.000000,0.000000,0.000000],[0.841393,0.066401,0.044393,0.007214,0.040600,0.000000],[0.829550,0.107887,0.000000,0.010137,0.052425,0.000000],[0.821780,0.111753,0.000000,0.010962,0.055505,0.000000],[0.800607,0.130961,0.000000,0.011989,0.056444,0.000000],[0.774564,0.155596,0.000000,0.013082,0.056758,0.000000],[0.754218,0.171543,0.000000,0.014002,0.060236,0.000000],[0.685191,0.184271,0.045589,0.015701,0.069248,0.000000],[0.692112,0.178306,0.045700,0.015260,0.068622,0.000000],[1.000000,0.000000,0.000000,0.000000,0.000000,0.000000],[1.000000,0.000000,0.000000,0.000000,0.000000,0.000000],[0.712341,0.167662,0.042399,0.013832,0.063765,0.000000],[0.724485,0.198755,0.000000,0.014531,0.062230,0.000000],[0.118864,0.198239,0.000000,0.014819,0.668077,0.000000],[0.107030,0.178160,0.000000,0.013828,0.700981,0.000000],[0.123724,0.188524,0.000000,0.015257,0.672496,0.000000],[0.724203,0.193373,0.000000,0.015509,0.066915,0.000000],[0.723242,0.197702,0.000000,0.014994,0.064062,0.000000],[0.094318,0.154375,0.033349,0.012772,0.705186,0.000000],[0.686267,0.188631,0.047268,0.014741,0.063093,0.000000],[1.000000,0.000000,0.000000,0.000000,0.000000,0.000000],[0.714229,0.159858,0.048334,0.013855,0.063723,0.000000],[0.775315,0.103458,0.062221,0.010191,0.048815,0.000000],[0.779089,0.110171,0.054482,0.010199,0.046060,0.000000],[0.752863,0.133806,0.051503,0.011790,0.050038,0.000000],[0.758782,0.168224,0.000000,0.013670,0.059324,0.000000],[0.751132,0.174973,0.000000,0.014038,0.059857,0.000000],[0.747958,0.176246,0.000000,0.014401,0.061395,0.000000],[0.740568,0.180122,0.000000,0.014783,0.064527,0.000000],[0.730246,0.187726,0.000000,0.015222,0.066806,0.000000],[0.473611,0.253425,0.000000,0.021011,0.251953,0.000000],[0.741906,0.175695,0.000000,0.014926,0.067473,0.000000],[0.766729,0.158082,0.000000,0.013751,0.061439,0.000000],[0.772354,0.156631,0.000000,0.013272,0.057743,0.000000],[0.761212,0.165271,0.000000,0.013629,0.059887,0.000000],[0.735651,0.183959,0.000000,0.014791,0.065599,0.000000],[0.729158,0.190993,0.000000,0.014883,0.064965,0.000000],[0.122005,0.187136,0.000000,0.014246,0.676613,0.000000],[0.086793,0.105281,0.062552,0.009186,0.736187,0.000000],[1.000000,0.000000,0.000000,0.000000,0.000000,0.000000]],
  [[1.000000,0.000000,0.000000,0.000000,0.000000,0.000000],[0.839145,0.068180,0.045127,0.007231,0.040317,0.000000],[0.807913,0.129114,0.000000,0.010888,0.052085,0.000000],[0.799745,0.133228,0.000000,0.011775,0.055253,0.000000],[0.799602,0.131795,0.000000,0.012033,0.056570,0.000000],[0.769928,0.160027,0.000000,0.013234,0.056811,0.000000],[0.748364,0.177069,0.000000,0.014228,0.060339,0.000000],[0.123029,0.216747,0.000000,0.016323,0.643901,0.000000],[0.335850,0.197253,0.268883,0.017241,0.180773,0.000000],[0.716708,0.165017,0.042449,0.013816,0.062010,0.000000],[1.000000,0.000000,0.000000,0.000000,0.000000,0.000000],[0.086499,0.094526,0.065858,0.009072,0.744045,0.000000],[0.087378,0.137529,0.044810,0.010941,0.719342,0.000000],[0.091279,0.152289,0.035767,0.012063,0.708602,0.000000],[0.725502,0.196536,0.000000,0.014530,0.063432,0.000000],[0.729417,0.190919,0.000000,0.015138,0.064526,0.000000],[0.731689,0.189202,0.000000,0.014997,0.064112,0.000000],[0.108157,0.171545,0.000000,0.013805,0.706493,0.000000],[0.110201,0.176056,0.000000,0.014373,0.699371,0.000000],[0.670927,0.200696,0.047463,0.015748,0.065167,0.000000],[0.268020,0.153926,0.418757,0.015597,0.143700,0.000000],[1.000000,0.000000,0.000000,0.000000,0.000000,0.000000],[1.000000,0.000000,0.000000,0.000000,0.000000,0.000000],[1.000000,0.000000,0.000000,0.000000,0.000000,0.000000],[0.760922,0.123839,0.053975,0.011402,0.049863,0.000000],[0.706133,0.171203,0.043287,0.014758,0.064619,0.000000],[0.704938,0.206411,0.000000,0.016817,0.071834,0.000000],[0.127237,0.202919,0.000000,0.016649,0.653195,0.000000],[0.110735,0.178901,0.000000,0.014689,0.695674,0.000000],[0.124761,0.190044,0.000000,0.015539,0.669656,0.000000],[0.717552,0.197068,0.000000,0.015729,0.069650,0.000000],[0.737335,0.182484,0.000000,0.014738,0.065444,0.000000],[0.763326,0.163693,0.000000,0.013503,0.059477,0.000000],[0.773459,0.155842,0.000000,0.013202,0.057497,0.000000],[0.766797,0.159281,0.000000,0.013550,0.060372,0.000000],[0.111970,0.154277,0.000000,0.013354,0.720399,0.000000],[0.754921,0.171731,0.000000,0.013750,0.059598,0.000000],[0.107782,0.164633,0.000000,0.012869,0.714716,0.000000],[0.783949,0.102658,0.061508,0.008851,0.043034,0.000000],[1.000000,0.000000,0.000000,0.000000,0.000000,0.000000]],
  [[1.000000,0.000000,0.000000,0.000000,0.000000,0.000000],[0.129172,0.070297,0.049034,0.007640,0.743856,0.000000],[0.128496,0.136089,0.000000,0.011356,0.724059,0.000000],[0.774172,0.158910,0.000000,0.012576,0.054342,0.000000],[0.108762,0.153190,0.000000,0.012786,0.725263,0.000000],[0.768224,0.161400,0.000000,0.013304,0.057071,0.000000],[0.109572,0.164843,0.000000,0.013694,0.711890,0.000000],[0.122848,0.208738,0.000000,0.015998,0.652416,0.000000],[0.124910,0.212834,0.000000,0.016319,0.645938,0.000000],[0.699124,0.179009,0.044997,0.014393,0.062477,0.000000],[0.088947,0.107048,0.058777,0.009746,0.735483,0.000000],[1.000000,0.000000,0.000000,0.000000,0.000000,0.000000],[1.000000,0.000000,0.000000,0.000000,0.000000,0.000000],[0.088864,0.133321,0.045337,0.011053,0.721426,0.000000],[0.722948,0.198684,0.000000,0.014816,0.063552,0.000000],[0.125165,0.196577,0.000000,0.015628,0.662630,0.000000],[0.122320,0.193800,0.000000,0.015214,0.668666,0.000000],[0.741610,0.184464,0.000000,0.014260,0.059666,0.000000],[0.739920,0.184561,0.000000,0.014568,0.060950,0.000000],[0.697708,0.220411,0.000000,0.016201,0.065680,0.000000],[0.119972,0.200025,0.016088,0.015692,0.648223,0.000000],[0.118822,0.179005,0.015478,0.014480,0.672214,0.000000],[0.773334,0.105319,0.062946,0.010147,0.048255,0.000000],[0.784848,0.100441,0.060709,0.009538,0.044464,0.000000],[1.000000,0.000000,0.000000,0.000000,0.000000,0.000000],[0.715919,0.165850,0.042320,0.013961,0.061951,0.000000],[0.347843,0.185848,0.259811,0.017306,0.189192,0.000000],[0.655794,0.248324,0.000000,0.018717,0.077165,0.000000],[0.678424,0.230780,0.000000,0.017427,0.073369,0.000000],[0.125157,0.206136,0.000000,0.016358,0.652349,0.000000],[0.734484,0.187138,0.000000,0.014828,0.063550,0.000000],[0.108668,0.163341,0.000000,0.013348,0.714643,0.000000],[0.107948,0.158162,0.000000,0.012955,0.720935,0.000000],[0.772796,0.156386,0.000000,0.013240,0.057578,0.000000],[0.771519,0.157152,0.000000,0.013341,0.057988,0.000000],[0.762703,0.162281,0.000000,0.013803,0.061213,0.000000],[0.758478,0.167071,0.000000,0.013803,0.060648,0.000000],[0.770657,0.158377,0.000000,0.012876,0.058089,0.000000],[0.787606,0.097748,0.061120,0.009006,0.044520,0.000000],[1.000000,0.000000,0.000000,0.000000,0.000000,0.000000]],
  [[1.000000,0.000000,0.000000,0.000000,0.000000,0.000000],[0.839521,0.068035,0.045047,0.007199,0.040197,0.000000],[0.806380,0.131795,0.000000,0.010752,0.051073,0.000000],[0.106944,0.155569,0.000000,0.012590,0.724897,0.000000],[0.767807,0.160598,0.000000,0.013149,0.058447,0.000000],[0.762091,0.164641,0.000000,0.013561,0.059706,0.000000],[0.746925,0.173989,0.000000,0.014547,0.064539,0.000000],[0.740236,0.180752,0.000000,0.014754,0.064257,0.000000],[0.742944,0.177833,0.000000,0.014746,0.064477,0.000000],[0.756742,0.169831,0.000000,0.013775,0.059651,0.000000],[0.763172,0.121918,0.055576,0.010916,0.048418,0.000000],[1.000000,0.000000,0.000000,0.000000,0.000000,0.000000],[1.000000,0.000000,0.000000,0.000000,0.000000,0.000000],[0.771580,0.113385,0.058016,0.010099,0.046920,0.000000],[0.114997,0.179985,0.015671,0.013993,0.675355,0.000000],[0.448058,0.291315,0.000000,0.021846,0.238781,0.000000],[0.722679,0.197919,0.000000,0.015031,0.064372,0.000000],[0.109295,0.164609,0.000000,0.013590,0.712505,0.000000],[0.110464,0.158086,0.000000,0.013604,0.717846,0.000000],[0.750948,0.174521,0.000000,0.014100,0.060430,0.000000],[0.109220,0.166246,0.000000,0.013516,0.711018,0.000000],[0.758628,0.169223,0.000000,0.013458,0.058690,0.000000],[0.769367,0.158293,0.000000,0.013186,0.059154,0.000000],[0.767715,0.125761,0.050031,0.010817,0.045676,0.000000],[0.090502,0.114138,0.053169,0.010361,0.731829,0.000000],[1.000000,0.000000,0.000000,0.000000,0.000000,0.000000],[0.714253,0.161730,0.042790,0.014378,0.066849,0.000000],[0.658017,0.200976,0.048365,0.016880,0.075763,0.000000],[0.347105,0.187087,0.258893,0.017420,0.189495,0.000000],[0.710649,0.205951,0.000000,0.016172,0.067228,0.000000],[0.744521,0.180990,0.000000,0.014316,0.060173,0.000000],[0.105825,0.162758,0.000000,0.012978,0.718438,0.000000],[0.767459,0.163589,0.000000,0.013109,0.055843,0.000000],[0.763720,0.163188,0.000000,0.013501,0.059591,0.000000],[0.760603,0.163853,0.000000,0.013936,0.061608,0.000000],[0.749144,0.171156,0.000000,0.014522,0.065178,0.000000],[0.731613,0.181211,0.000000,0.015485,0.071691,0.000000],[0.744817,0.173371,0.000000,0.014232,0.067580,0.000000],[0.775227,0.112994,0.049394,0.010078,0.052307,0.000000],[1.000000,0.000000,0.000000,0.000000,0.000000,0.000000]],
  [[1.000000,0.000000,0.000000,0.000000,0.000000,0.000000],[0.842552,0.063916,0.044730,0.007293,0.041509,0.000000],[0.811363,0.124821,0.000000,0.010899,0.052917,0.000000],[0.778972,0.151804,0.000000,0.012788,0.056436,0.000000],[0.768960,0.158031,0.000000,0.013314,0.059696,0.000000],[0.748325,0.170495,0.000000,0.014543,0.066637,0.000000],[0.743281,0.174453,0.000000,0.014863,0.067402,0.000000],[0.743554,0.173966,0.000000,0.014908,0.067573,0.000000],[0.763200,0.160409,0.000000,0.014065,0.062326,0.000000],[0.772792,0.157229,0.000000,0.013120,0.056859,0.000000],[0.765057,0.127022,0.050425,0.011056,0.046440,0.000000],[0.777459,0.113051,0.054729,0.010059,0.044701,0.000000],[0.786746,0.099822,0.060130,0.009388,0.043914,0.000000],[1.000000,0.000000,0.000000,0.000000,0.000000,0.000000],[0.728677,0.158716,0.041914,0.012715,0.057978,0.000000],[0.118357,0.171206,0.016155,0.014050,0.680233,0.000000],[0.738061,0.183537,0.000000,0.014412,0.063990,0.000000],[0.762651,0.164990,0.000000,0.013410,0.058948,0.000000],[0.771605,0.159140,0.000000,0.013049,0.056206,0.000000],[0.772709,0.157874,0.000000,0.013051,0.056366,0.000000],[0.775295,0.154582,0.000000,0.013084,0.057038,0.000000],[0.776187,0.153786,0.000000,0.013042,0.056985,0.000000],[0.778100,0.152895,0.000000,0.012816,0.056189,0.000000],[0.776646,0.156200,0.000000,0.012574,0.054581,0.000000],[0.756791,0.130719,0.053332,0.011198,0.047961,0.000000],[0.776246,0.104898,0.061795,0.009925,0.047136,0.000000],[1.000000,0.000000,0.000000,0.000000,0.000000,0.000000],[1.000000,0.000000,0.000000,0.000000,0.000000,0.000000],[0.705239,0.170631,0.043707,0.014459,0.065965,0.000000],[0.725388,0.195337,0.000000,0.015058,0.064217,0.000000],[0.109938,0.161040,0.000000,0.013438,0.715584,0.000000],[0.767830,0.163930,0.000000,0.013010,0.055230,0.000000],[0.769372,0.160720,0.000000,0.013222,0.056685,0.000000],[0.760251,0.165974,0.000000,0.013700,0.060076,0.000000],[0.127365,0.176223,0.000000,0.014948,0.681463,0.000000],[0.716961,0.196329,0.000000,0.015838,0.070873,0.000000],[0.695950,0.208777,0.000000,0.016945,0.078328,0.000000],[0.474603,0.254688,0.000000,0.020342,0.250367,0.000000],[0.773293,0.118111,0.044908,0.010370,0.053319,0.000000],[1.000000,0.000000,0.000000,0.000000,0.000000,0.000000]],
  [[1.000000,0.000000,0.000000,0.000000,0.000000,0.000000],[0.824931,0.073697,0.052153,0.007768,0.041451,0.000000],[0.813798,0.121486,0.000000,0.010958,0.053757,0.000000],[0.781861,0.147923,0.000000,0.012862,0.057354,0.000000],[0.770804,0.154971,0.000000,0.013450,0.060775,0.000000],[0.747581,0.171168,0.000000,0.014566,0.066684,0.000000],[0.484485,0.239103,0.000000,0.020388,0.256025,0.000000],[0.745842,0.172486,0.000000,0.014707,0.066965,0.000000],[0.764421,0.161291,0.000000,0.013684,0.060604,0.000000],[0.772429,0.158834,0.000000,0.012940,0.055798,0.000000],[0.129516,0.136520,0.000000,0.011800,0.722164,0.000000],[0.797593,0.137813,0.000000,0.011525,0.053069,0.000000],[0.760783,0.133130,0.050282,0.010908,0.044898,0.000000],[0.089030,0.116748,0.053295,0.010288,0.730639,0.000000],[1.000000,0.000000,0.000000,0.000000,0.000000,0.000000],[0.774401,0.108877,0.059087,0.010106,0.047529,0.000000],[0.764645,0.121113,0.054876,0.010851,0.048515,0.000000],[0.759369,0.127074,0.052098,0.011496,0.049962,0.000000],[0.782254,0.148695,0.000000,0.012720,0.056331,0.000000],[0.803549,0.127383,0.000000,0.011984,0.057085,0.000000],[0.804482,0.126766,0.000000,0.011895,0.056857,0.000000],[0.804533,0.126715,0.000000,0.011892,0.056859,0.000000],[0.802270,0.129810,0.000000,0.011847,0.056073,0.000000],[0.110203,0.149130,0.000000,0.012753,0.727914,0.000000],[0.779255,0.153107,0.000000,0.012573,0.055064,0.000000],[0.777388,0.112185,0.054165,0.010284,0.045978,0.000000],[1.000000,0.000000,0.000000,0.000000,0.000000,0.000000],[1.000000,0.000000,0.000000,0.000000,0.000000,0.000000],[0.089120,0.089900,0.064744,0.009179,0.747058,0.000000],[0.758960,0.127468,0.054338,0.011060,0.048174,0.000000],[0.751767,0.134318,0.051681,0.011890,0.050344,0.000000],[0.772029,0.161154,0.000000,0.012653,0.054164,0.000000],[0.109085,0.154627,0.000000,0.012994,0.723294,0.000000],[0.755425,0.171251,0.000000,0.013738,0.059586,0.000000],[0.729524,0.186583,0.000000,0.015457,0.068436,0.000000],[0.453714,0.278403,0.000000,0.021928,0.245956,0.000000],[0.145673,0.213942,0.000000,0.017224,0.623161,0.000000],[0.730366,0.187929,0.000000,0.014588,0.067118,0.000000],[0.772681,0.117665,0.046010,0.010367,0.053277,0.000000],[1.000000,0.000000,0.000000,0.000000,0.000000,0.000000]],
  [[1.000000,0.000000,0.000000,0.000000,0.000000,0.000000],[0.822889,0.076262,0.052321,0.007725,0.040804,0.000000],[0.789499,0.145691,0.000000,0.011752,0.053059,0.000000],[0.779941,0.149287,0.000000,0.012989,0.057783,0.000000],[0.769072,0.156133,0.000000,0.013566,0.061230,0.000000],[0.746081,0.172037,0.000000,0.014675,0.067207,0.000000],[0.742063,0.175255,0.000000,0.014913,0.067769,0.000000],[0.744338,0.173339,0.000000,0.014811,0.067513,0.000000],[0.762699,0.162509,0.000000,0.013775,0.061017,0.000000],[0.107464,0.158076,0.000000,0.012902,0.721558,0.000000],[0.766875,0.165900,0.000000,0.012864,0.054360,0.000000],[0.105045,0.162338,0.000000,0.012713,0.719905,0.000000],[0.106504,0.160386,0.000000,0.012798,0.720312,0.000000],[0.760777,0.131769,0.050235,0.011165,0.046053,0.000000],[0.778432,0.112905,0.053991,0.010029,0.044644,0.000000],[1.000000,0.000000,0.000000,0.000000,0.000000,0.000000],[1.000000,0.000000,0.000000,0.000000,0.000000,0.000000],[0.782515,0.107917,0.054216,0.009964,0.045389,0.000000],[0.783326,0.150003,0.000000,0.012314,0.054357,0.000000],[0.803870,0.129134,0.000000,0.011665,0.055330,0.000000],[0.822191,0.111033,0.000000,0.010991,0.055785,0.000000],[0.823571,0.108669,0.000000,0.011073,0.056687,0.000000],[0.802901,0.129368,0.000000,0.011793,0.055938,0.000000],[0.778051,0.152508,0.000000,0.012888,0.056554,0.000000],[0.769937,0.159607,0.000000,0.012915,0.057541,0.000000],[0.755476,0.132615,0.050967,0.011524,0.049419,0.000000],[0.763576,0.123448,0.053683,0.010925,0.048368,0.000000],[0.779443,0.104114,0.060529,0.009654,0.046261,0.000000],[1.000000,0.000000,0.000000,0.000000,0.000000,0.000000],[1.000000,0.000000,0.000000,0.000000,0.000000,0.000000],[0.777980,0.113081,0.054068,0.010036,0.044836,0.000000],[0.776316,0.158680,0.000000,0.012186,0.052818,0.000000],[0.107097,0.159229,0.000000,0.012757,0.720917,0.000000],[0.758796,0.167261,0.000000,0.013694,0.060250,0.000000],[0.725243,0.185735,0.000000,0.015910,0.073112,0.000000],[0.705113,0.202925,0.000000,0.016507,0.075455,0.000000],[0.129191,0.191144,0.000000,0.015826,0.663838,0.000000],[0.745741,0.175348,0.000000,0.013994,0.064918,0.000000],[0.779947,0.101214,0.061139,0.009503,0.048197,0.000000],[1.000000,0.000000,0.000000,0.000000,0.000000,0.000000]],
  [[1.000000,0.000000,0.000000,0.000000,0.000000,0.000000],[0.109226,0.081233,0.057162,0.008139,0.744240,0.000000],[0.785080,0.150812,0.000000,0.011754,0.052354,0.000000],[0.769469,0.157114,0.000000,0.013345,0.060072,0.000000],[0.757569,0.164710,0.000000,0.013972,0.063749,0.000000],[0.748545,0.173092,0.000000,0.014300,0.064063,0.000000],[0.742466,0.174384,0.000000,0.014836,0.068314,0.000000],[0.744398,0.172722,0.000000,0.014748,0.068133,0.000000],[0.753168,0.168205,0.000000,0.014264,0.064363,0.000000],[0.760418,0.166046,0.000000,0.013660,0.059876,0.000000],[0.107932,0.159663,0.000000,0.013027,0.719378,0.000000],[0.765836,0.166680,0.000000,0.012936,0.054548,0.000000],[0.794100,0.139465,0.000000,0.011903,0.054533,0.000000],[0.796640,0.138043,0.000000,0.011665,0.053651,0.000000],[0.792372,0.108370,0.043355,0.010142,0.045761,0.000000],[0.813016,0.083303,0.052082,0.008497,0.043102,0.000000],[1.000000,0.000000,0.000000,0.000000,0.000000,0.000000],[0.816163,0.080736,0.052446,0.008250,0.042405,0.000000],[0.798210,0.105095,0.043958,0.009398,0.043340,0.000000],[0.129959,0.133200,0.000000,0.011559,0.725281,0.000000],[0.803346,0.131585,0.000000,0.011380,0.053689,0.000000],[0.803890,0.129227,0.000000,0.011635,0.055248,0.000000],[0.802181,0.129936,0.000000,0.011835,0.056049,0.000000],[0.776737,0.153537,0.000000,0.012964,0.056762,0.000000],[0.764570,0.163425,0.000000,0.013310,0.058695,0.000000],[0.124375,0.179792,0.000000,0.014502,0.681331,0.000000],[0.741363,0.179709,0.000000,0.014422,0.064505,0.000000],[0.727186,0.158209,0.041384,0.013184,0.060037,0.000000],[0.778037,0.107273,0.059860,0.009554,0.045276,0.000000],[1.000000,0.000000,0.000000,0.000000,0.000000,0.000000],[0.795339,0.088033,0.065730,0.008696,0.042203,0.000000],[0.089057,0.109558,0.058075,0.009725,0.733585,0.000000],[0.777276,0.153217,0.000000,0.012459,0.057049,0.000000],[0.755697,0.166608,0.000000,0.013958,0.063737,0.000000],[0.741218,0.173943,0.000000,0.015076,0.069764,0.000000],[0.712406,0.195427,0.000000,0.016327,0.075840,0.000000],[0.719667,0.191898,0.000000,0.015978,0.072456,0.000000],[0.740052,0.178284,0.000000,0.014322,0.067342,0.000000],[0.786965,0.098327,0.059715,0.009237,0.045756,0.000000],[1.000000,0.000000,0.000000,0.000000,0.000000,0.000000]],
  [[1.000000,0.000000,0.000000,0.000000,0.000000,0.000000],[0.109265,0.081431,0.057059,0.008154,0.744091,0.000000],[0.783339,0.152115,0.000000,0.011865,0.052681,0.000000],[0.765703,0.160129,0.000000,0.013571,0.060596,0.000000],[0.127499,0.175693,0.000000,0.014819,0.681989,0.000000],[0.728641,0.189023,0.000000,0.015217,0.067119,0.000000],[0.129112,0.181195,0.000000,0.015355,0.674338,0.000000],[0.727301,0.186014,0.000000,0.015543,0.071143,0.000000],[0.738599,0.177906,0.000000,0.015177,0.068317,0.000000],[0.739896,0.180374,0.000000,0.014593,0.065137,0.000000],[0.758293,0.169419,0.000000,0.013542,0.058746,0.000000],[0.764939,0.167303,0.000000,0.012993,0.054765,0.000000],[0.131302,0.133249,0.000000,0.012075,0.723374,0.000000],[0.815510,0.119136,0.000000,0.011050,0.054303,0.000000],[0.130502,0.133664,0.000000,0.011789,0.724045,0.000000],[0.768731,0.125930,0.050437,0.010523,0.044379,0.000000],[0.792207,0.094354,0.060324,0.009203,0.043912,0.000000],[1.000000,0.000000,0.000000,0.000000,0.000000,0.000000],[0.086264,0.084926,0.068237,0.008638,0.751934,0.000000],[0.780511,0.111820,0.054781,0.009590,0.043299,0.000000],[0.767650,0.125508,0.051227,0.010612,0.045003,0.000000],[0.109897,0.150066,0.000000,0.012667,0.727370,0.000000],[0.800408,0.131304,0.000000,0.011959,0.056329,0.000000],[0.773003,0.157973,0.000000,0.012956,0.056069,0.000000],[0.108716,0.161778,0.000000,0.013196,0.716310,0.000000],[0.732239,0.188464,0.000000,0.014741,0.064556,0.000000],[0.465883,0.265849,0.000000,0.021176,0.247091,0.000000],[0.737617,0.184220,0.000000,0.014421,0.063743,0.000000],[0.091527,0.141746,0.039780,0.011525,0.715423,0.000000],[0.088030,0.098678,0.062646,0.009348,0.741298,0.000000],[1.000000,0.000000,0.000000,0.000000,0.000000,0.000000],[0.000000,0.000000,0.000000,0.000000,0.000000,1.000000],[0.758590,0.159985,0.000000,0.013641,0.067784,0.000000],[0.741811,0.170515,0.000000,0.015070,0.072603,0.000000],[0.727045,0.186498,0.000000,0.015450,0.071008,0.000000],[0.722155,0.190288,0.000000,0.015807,0.071750,0.000000],[0.472616,0.253884,0.000000,0.021118,0.252382,0.000000],[0.748614,0.174296,0.000000,0.013821,0.063268,0.000000],[0.786975,0.099464,0.060029,0.009044,0.044488,0.000000],[1.000000,0.000000,0.000000,0.000000,0.000000,0.000000]],
  [[1.000000,0.000000,0.000000,0.000000,0.000000,0.000000],[0.821642,0.077345,0.052153,0.007806,0.041053,0.000000],[0.785155,0.148950,0.000000,0.012038,0.053857,0.000000],[0.761610,0.164814,0.000000,0.013595,0.059981,0.000000],[0.733188,0.185846,0.000000,0.014916,0.066050,0.000000],[0.458269,0.275218,0.000000,0.021564,0.244949,0.000000],[0.719731,0.192494,0.000000,0.015931,0.071843,0.000000],[0.723979,0.189058,0.000000,0.015715,0.071248,0.000000],[0.479739,0.244062,0.000000,0.020833,0.255366,0.000000],[0.738400,0.180125,0.000000,0.014927,0.066548,0.000000],[0.108670,0.163396,0.000000,0.013315,0.714620,0.000000],[0.103921,0.166246,0.000000,0.012797,0.717036,0.000000],[0.789908,0.143551,0.000000,0.012028,0.054512,0.000000],[0.791947,0.142013,0.000000,0.011899,0.054141,0.000000],[0.130812,0.132557,0.000000,0.011912,0.724718,0.000000],[0.776696,0.156559,0.000000,0.012508,0.054238,0.000000],[0.767642,0.116938,0.056749,0.010590,0.048080,0.000000],[1.000000,0.000000,0.000000,0.000000,0.000000,0.000000],[1.000000,0.000000,0.000000,0.000000,0.000000,0.000000],[1.000000,0.000000,0.000000,0.000000,0.000000,0.000000],[0.773945,0.111356,0.057440,0.010110,0.047150,0.000000],[0.779812,0.154294,0.000000,0.012261,0.053633,0.000000],[0.795627,0.137773,0.000000,0.011853,0.054748,0.000000],[0.767616,0.165292,0.000000,0.012780,0.054312,0.000000],[0.108305,0.161274,0.000000,0.013128,0.717293,0.000000],[0.734884,0.186282,0.000000,0.014582,0.064252,0.000000],[0.732261,0.186698,0.000000,0.015014,0.066027,0.000000],[0.122931,0.184754,0.000000,0.014704,0.677611,0.000000],[0.758568,0.170804,0.000000,0.013204,0.057423,0.000000],[0.765989,0.111119,0.063668,0.010397,0.048826,0.000000],[1.000000,0.000000,0.000000,0.000000,0.000000,0.000000],[0.742632,0.139275,0.040527,0.012736,0.064831,0.000000],[0.000000,0.000000,0.000000,0.000000,0.000000,1.000000],[0.480357,0.239735,0.000000,0.020713,0.259195,0.000000],[0.726573,0.187020,0.000000,0.015486,0.070920,0.000000],[0.128428,0.179118,0.000000,0.015189,0.677265,0.000000],[0.736240,0.181354,0.000000,0.015061,0.067345,0.000000],[0.752481,0.171349,0.000000,0.013596,0.062575,0.000000],[0.089202,0.098161,0.062815,0.009194,0.740627,0.000000],[1.000000,0.000000,0.000000,0.000000,0.000000,0.000000]],
  [[1.000000,0.000000,0.000000,0.000000,0.000000,0.000000],[0.800813,0.088328,0.060253,0.008539,0.042066,0.000000],[0.784277,0.149280,0.000000,0.012137,0.054306,0.000000],[0.761041,0.165099,0.000000,0.013642,0.060218,0.000000],[0.125417,0.179728,0.000000,0.014780,0.680076,0.000000],[0.730346,0.186084,0.000000,0.015392,0.068178,0.000000],[0.724085,0.188764,0.000000,0.015714,0.071437,0.000000],[0.726633,0.186696,0.000000,0.015589,0.071082,0.000000],[0.732462,0.185946,0.000000,0.015064,0.066528,0.000000],[0.735170,0.183936,0.000000,0.014908,0.065986,0.000000],[0.751324,0.176065,0.000000,0.013752,0.058859,0.000000],[0.106166,0.164914,0.000000,0.013082,0.715838,0.000000],[0.105773,0.163116,0.000000,0.012925,0.718187,0.000000],[0.767063,0.164096,0.000000,0.013096,0.055745,0.000000],[0.770580,0.159689,0.000000,0.013159,0.056572,0.000000],[0.772899,0.157111,0.000000,0.013103,0.056887,0.000000],[0.749015,0.138023,0.049951,0.012025,0.050985,0.000000],[0.116645,0.161168,0.019422,0.013331,0.689435,0.000000],[0.771250,0.108629,0.057236,0.010214,0.052671,0.000000],[1.000000,0.000000,0.000000,0.000000,0.000000,0.000000],[0.783559,0.097446,0.063854,0.009388,0.045753,0.000000],[0.780589,0.154047,0.000000,0.012149,0.053216,0.000000],[0.129787,0.135057,0.000000,0.011879,0.723278,0.000000],[0.105375,0.161697,0.000000,0.012739,0.720189,0.000000],[0.761375,0.167069,0.000000,0.013341,0.058215,0.000000],[0.760769,0.165778,0.000000,0.013646,0.059806,0.000000],[0.108985,0.162561,0.000000,0.013315,0.715138,0.000000],[0.747708,0.175333,0.000000,0.014206,0.062753,0.000000],[0.750392,0.173361,0.000000,0.013988,0.062259,0.000000],[0.736604,0.140931,0.053533,0.012846,0.056086,0.000000],[1.000000,0.000000,0.000000,0.000000,0.000000,0.000000],[0.272531,0.145660,0.418642,0.015423,0.147743,0.000000],[0.150213,0.226970,0.000000,0.018157,0.604660,0.000000],[0.725435,0.185298,0.000000,0.015865,0.073402,0.000000],[0.728223,0.185558,0.000000,0.015431,0.070788,0.000000],[0.747255,0.174143,0.000000,0.014403,0.064198,0.000000],[0.755136,0.171476,0.000000,0.013736,0.059651,0.000000],[0.767377,0.166178,0.000000,0.012255,0.054190,0.000000],[0.786726,0.100517,0.061840,0.008650,0.042267,0.000000],[1.000000,0.000000,0.000000,0.000000,0.000000,0.000000]],
  [[1.000000,0.000000,0.000000,0.000000,0.000000,0.000000],[0.791968,0.093309,0.061104,0.008911,0.044707,0.000000],[0.773803,0.155901,0.000000,0.012670,0.057627,0.000000],[0.111441,0.158237,0.000000,0.013396,0.716925,0.000000],[0.749181,0.172522,0.000000,0.014296,0.064001,0.000000],[0.752460,0.171694,0.000000,0.014189,0.061657,0.000000],[0.747701,0.173611,0.000000,0.014424,0.064264,0.000000],[0.111918,0.161757,0.000000,0.013734,0.712590,0.000000],[0.742851,0.179192,0.000000,0.014464,0.063493,0.000000],[0.112180,0.164984,0.000000,0.013928,0.708908,0.000000],[0.738116,0.181111,0.000000,0.014671,0.066102,0.000000],[0.747613,0.174192,0.000000,0.014395,0.063801,0.000000],[0.754558,0.172171,0.000000,0.013785,0.059486,0.000000],[0.108380,0.160667,0.000000,0.013139,0.717813,0.000000],[0.757125,0.166831,0.000000,0.013837,0.062207,0.000000],[0.761656,0.163643,0.000000,0.013822,0.060879,0.000000],[0.749158,0.173117,0.000000,0.014266,0.063459,0.000000],[0.704441,0.172239,0.045528,0.013903,0.063889,0.000000],[0.392326,0.129245,0.261921,0.014487,0.202022,0.000000],[1.000000,0.000000,0.000000,0.000000,0.000000,0.000000],[0.087535,0.095536,0.064310,0.009149,0.743471,0.000000],[0.777403,0.158040,0.000000,0.012098,0.052459,0.000000],[0.791944,0.141986,0.000000,0.011890,0.054180,0.000000],[0.105339,0.161632,0.000000,0.012726,0.720302,0.000000],[0.769502,0.162304,0.000000,0.012934,0.055260,0.000000],[0.772835,0.156410,0.000000,0.013247,0.057508,0.000000],[0.768702,0.160981,0.000000,0.013281,0.057036,0.000000],[0.110379,0.158387,0.000000,0.013391,0.717843,0.000000],[0.736024,0.182925,0.000000,0.014917,0.066134,0.000000],[0.690932,0.177004,0.045916,0.015500,0.070647,0.000000],[0.142273,0.220582,0.019830,0.018141,0.599173,0.000000],[0.639741,0.215445,0.048659,0.017626,0.078529,0.000000],[0.672769,0.230387,0.000000,0.018335,0.078508,0.000000],[0.718856,0.193342,0.000000,0.016206,0.071596,0.000000],[0.745369,0.174151,0.000000,0.014762,0.065718,0.000000],[0.751016,0.171036,0.000000,0.014240,0.063709,0.000000],[0.109470,0.155649,0.000000,0.013093,0.721788,0.000000],[0.106150,0.159774,0.000000,0.012439,0.721637,0.000000],[0.086585,0.096735,0.065352,0.008895,0.742433,0.000000],[1.000000,0.000000,0.000000,0.000000,0.000000,0.000000]],
  [[1.000000,0.000000,0.000000,0.000000,0.000000,0.000000],[0.773734,0.116904,0.047878,0.010019,0.051465,0.000000],[0.754787,0.194469,0.000000,0.003843,0.046902,0.000000],[0.795237,0.181076,0.000000,0.004228,0.019458,0.000000],[0.872596,0.090888,0.000000,0.004022,0.032494,0.000000],[0.903456,0.075786,0.000000,0.003870,0.016888,0.000000],[0.045063,0.102757,0.000000,0.003740,0.848441,0.000000],[0.917039,0.062418,0.000000,0.003863,0.016680,0.000000],[0.780831,0.196859,0.000000,0.004141,0.018168,0.000000],[0.064265,0.152453,0.000000,0.018644,0.764637,0.000000],[0.806726,0.169288,0.000000,0.004368,0.019619,0.000000],[0.750724,0.181392,0.000000,0.033320,0.034564,0.000000],[0.897716,0.079399,0.000000,0.004200,0.018685,0.000000],[0.826434,0.136928,0.000000,0.004065,0.032573,0.000000],[0.031480,0.045171,0.000000,0.003813,0.919536,0.000000],[0.855524,0.121776,0.000000,0.004143,0.018558,0.000000],[0.808349,0.167473,0.000000,0.004375,0.019802,0.000000],[0.675866,0.189191,0.047848,0.015364,0.071731,0.000000],[1.000000,0.000000,0.000000,0.000000,0.000000,0.000000],[1.000000,0.000000,0.000000,0.000000,0.000000,0.000000],[0.087543,0.114151,0.056529,0.009935,0.731842,0.000000],[0.774503,0.160185,0.000000,0.012307,0.053006,0.000000],[0.791971,0.142099,0.000000,0.011866,0.054065,0.000000],[0.129874,0.135969,0.000000,0.011897,0.722260,0.000000],[0.794547,0.138553,0.000000,0.011926,0.054974,0.000000],[0.798895,0.130863,0.000000,0.012302,0.057940,0.000000],[0.770684,0.159608,0.000000,0.013148,0.056560,0.000000],[0.755676,0.171215,0.000000,0.013759,0.059350,0.000000],[0.728854,0.191520,0.000000,0.014910,0.064716,0.000000],[0.459260,0.268470,0.000000,0.022020,0.250250,0.000000],[0.698188,0.210488,0.000000,0.017175,0.074148,0.000000],[0.707130,0.204886,0.000000,0.016644,0.071340,0.000000],[0.699191,0.209437,0.000000,0.017078,0.074294,0.000000],[0.706760,0.203272,0.000000,0.016643,0.073326,0.000000],[0.127524,0.180670,0.000000,0.015198,0.676608,0.000000],[0.759142,0.167488,0.000000,0.013669,0.059700,0.000000],[0.773865,0.158194,0.000000,0.012739,0.055201,0.000000],[0.807831,0.131246,0.000000,0.010584,0.050339,0.000000],[0.821374,0.078987,0.052035,0.007640,0.039965,0.000000],[1.000000,0.000000,0.000000,0.000000,0.000000,0.000000]],
